time_steps,spikes_input,spikes_total,spikes_neighbors
0, 33, 39, 6
1, 44, 56, 12
2, 54, 84, 30
3, 60, 91, 31
4, 77, 133, 56
5, 80, 140, 60
6, 97, 197, 100
7, 118, 264, 146
8, 173, 495, 322
9, 346, 1192, 846
10, 858, 1663, 805
11, 806, 906, 100
12, 102, 158, 56
13, 56, 78, 22
14, 25, 25, 0
15, 11, 11, 0
16, 22, 22, 0
17, 35, 40, 5
18, 43, 57, 14
19, 58, 81, 23
20, 66, 114, 48
21, 76, 144, 68
22, 99, 190, 91
23, 118, 262, 144
24, 167, 453, 286
25, 309, 1072, 763
26, 778, 1677, 899
27, 902, 1028, 126
28, 127, 194, 67
29, 69, 104, 35
30, 39, 48, 9
31, 20, 22, 2
32, 25, 26, 1
33, 32, 36, 4
34, 28, 31, 3
35, 42, 52, 10
36, 42, 49, 7
37, 40, 52, 12
38, 46, 56, 10
39, 53, 76, 23
40, 59, 88, 29
41, 66, 101, 35
42, 80, 138, 58
43, 86, 154, 68
44, 92, 168, 76
45, 114, 253, 139
46, 166, 440, 274
47, 301, 1017, 716
48, 733, 1684, 951
49, 953, 1093, 140
50, 142, 208, 66
51, 68, 100, 32
52, 37, 43, 6
53, 13, 14, 1
54, 20, 21, 1
55, 25, 28, 3
56, 27, 28, 1
57, 39, 46, 7
58, 48, 68, 20
59, 54, 81, 27
60, 60, 87, 27
61, 69, 118, 49
62, 92, 179, 87
63, 119, 240, 121
64, 157, 420, 263
65, 305, 1044, 739
66, 754, 1692, 938
67, 939, 1073, 134
68, 135, 184, 49
69, 50, 73, 23
70, 24, 26, 2
71, 11, 11, 0
72, 17, 17, 0
73, 40, 46, 6
74, 36, 44, 8
75, 35, 44, 9
76, 40, 49, 9
77, 36, 48, 12
78, 43, 55, 12
79, 45, 56, 11
80, 43, 57, 14
81, 60, 87, 27
82, 54, 83, 29
83, 50, 66, 16
84, 48, 61, 13
85, 45, 56, 11
86, 48, 59, 11
87, 47, 63, 16
88, 41, 51, 10
89, 42, 52, 10
90, 37, 48, 11
91, 47, 58, 11
92, 43, 55, 12
93, 48, 64, 16
94, 51, 72, 21
95, 55, 80, 25
96, 58, 78, 20
97, 54, 73, 19
98, 53, 70, 17
99, 39, 47, 8
100, 50, 63, 13
101, 56, 76, 20
102, 49, 61, 12
103, 45, 53, 8
104, 42, 51, 9
105, 41, 53, 12
106, 41, 49, 8
107, 45, 65, 20
108, 49, 61, 12
109, 47, 64, 17
110, 50, 65, 15
111, 44, 54, 10
112, 43, 51, 8
113, 44, 58, 14
114, 54, 76, 22
115, 52, 73, 21
116, 45, 57, 12
117, 42, 58, 16
118, 49, 66, 17
119, 45, 56, 11
120, 60, 87, 27
121, 66, 100, 34
122, 71, 113, 42
123, 83, 145, 62
124, 105, 210, 105
125, 142, 360, 218
126, 253, 841, 588
127, 608, 1699, 1091
128, 1095, 1309, 214
129, 217, 267, 50
130, 52, 72, 20
131, 22, 23, 1
132, 7, 7, 0
133, 21, 22, 1
134, 33, 38, 5
135, 45, 62, 17
136, 42, 53, 11
137, 49, 64, 15
138, 52, 69, 17
139, 41, 52, 11
140, 51, 66, 15
141, 43, 53, 10
142, 52, 71, 19
143, 53, 77, 24
144, 74, 125, 51
145, 88, 158, 70
146, 97, 179, 82
147, 116, 242, 126
148, 153, 377, 224
149, 260, 865, 605
150, 621, 1666, 1045
151, 1050, 1251, 201
152, 202, 270, 68
153, 71, 103, 32
154, 35, 45, 10
155, 19, 19, 0
156, 18, 19, 1
157, 31, 35, 4
158, 30, 33, 3
159, 34, 43, 9
160, 52, 73, 21
161, 60, 84, 24
162, 59, 82, 23
163, 55, 77, 22
164, 57, 85, 28
165, 71, 110, 39
166, 76, 125, 49
167, 96, 191, 95
168, 124, 279, 155
169, 178, 521, 343
170, 361, 1265, 904
171, 920, 1648, 728
172, 728, 817, 89
173, 90, 136, 46
174, 50, 66, 16
175, 22, 23, 1
176, 17, 17, 0
177, 12, 14, 2
178, 32, 33, 1
179, 37, 43, 6
180, 40, 49, 9
181, 40, 47, 7
182, 29, 36, 7
183, 41, 53, 12
184, 40, 47, 7
185, 39, 48, 9
186, 47, 63, 16
187, 51, 67, 16
188, 44, 53, 9
189, 49, 66, 17
190, 43, 48, 5
191, 42, 51, 9
192, 40, 47, 7
193, 43, 53, 10
194, 51, 64, 13
195, 51, 64, 13
196, 46, 58, 12
197, 56, 76, 20
198, 53, 71, 18
199, 58, 88, 30
200, 65, 97, 32
201, 54, 78, 24
202, 58, 87, 29
203, 58, 80, 22
204, 55, 69, 14
205, 47, 63, 16
206, 47, 63, 16
207, 60, 86, 26
208, 58, 88, 30
209, 60, 85, 25
210, 60, 83, 23
211, 51, 73, 22
212, 50, 70, 20
213, 53, 77, 24
214, 52, 79, 27
215, 57, 82, 25
216, 63, 96, 33
217, 67, 90, 23
218, 48, 62, 14
219, 57, 83, 26
220, 54, 71, 17
221, 46, 61, 15
222, 55, 79, 24
223, 51, 73, 22
224, 58, 88, 30
225, 60, 86, 26
226, 63, 99, 36
227, 73, 126, 53
228, 98, 206, 108
229, 129, 299, 170
230, 201, 605, 404
231, 430, 1434, 1004
232, 1013, 1567, 554
233, 555, 625, 70
234, 72, 116, 44
235, 46, 61, 15
236, 19, 19, 0
237, 7, 9, 2
238, 28, 33, 5
239, 42, 48, 6
240, 46, 63, 17
241, 54, 85, 31
242, 59, 91, 32
243, 60, 88, 28
244, 57, 81, 24
245, 73, 131, 58
246, 84, 148, 64
247, 95, 179, 84
248, 115, 241, 126
249, 162, 430, 268
250, 296, 1027, 731
251, 747, 1681, 934
252, 938, 1084, 146
253, 147, 213, 66
254, 70, 108, 38
255, 41, 55, 14
256, 21, 24, 3
257, 15, 17, 2
258, 41, 48, 7
259, 38, 44, 6
260, 38, 47, 9
261, 47, 61, 14
262, 49, 66, 17
263, 47, 62, 15
264, 56, 81, 25
265, 62, 93, 31
266, 73, 115, 42
267, 69, 122, 53
268, 84, 151, 67
269, 101, 204, 103
270, 129, 283, 154
271, 176, 479, 303
272, 317, 1095, 778
273, 786, 1640, 854
274, 854, 989, 135
275, 138, 205, 67
276, 69, 104, 35
277, 41, 52, 11
278, 21, 22, 1
279, 18, 18, 0
280, 31, 34, 3
281, 36, 42, 6
282, 39, 51, 12
283, 54, 77, 23
284, 59, 86, 27
285, 63, 94, 31
286, 68, 104, 36
287, 69, 116, 47
288, 74, 118, 44
289, 68, 102, 34
290, 66, 91, 25
291, 66, 103, 37
292, 75, 129, 54
293, 85, 143, 58
294, 92, 166, 74
295, 97, 183, 86
296, 115, 247, 132
297, 166, 463, 297
298, 323, 1071, 748
299, 759, 1640, 881
300, 884, 1038, 154
301, 156, 226, 70
302, 74, 113, 39
303, 45, 56, 11
304, 21, 22, 1
305, 18, 18, 0
306, 32, 41, 9
307, 45, 56, 11
308, 52, 76, 24
309, 56, 79, 23
310, 64, 92, 28
311, 60, 88, 28
312, 64, 95, 31
313, 55, 72, 17
314, 38, 46, 8
315, 43, 59, 16
316, 42, 59, 17
317, 53, 77, 24
318, 54, 75, 21
319, 54, 73, 19
320, 53, 74, 21
321, 44, 58, 14
322, 55, 81, 26
323, 60, 84, 24
324, 53, 70, 17
325, 55, 84, 29
326, 48, 64, 16
327, 41, 49, 8
328, 42, 54, 12
329, 46, 61, 15
330, 51, 71, 20
331, 58, 83, 25
332, 54, 76, 22
333, 52, 68, 16
334, 50, 57, 7
335, 40, 49, 9
336, 43, 53, 10
337, 39, 48, 9
338, 46, 66, 20
339, 55, 69, 14
340, 41, 47, 6
341, 47, 61, 14
342, 41, 48, 7
343, 49, 68, 19
344, 47, 61, 14
345, 56, 82, 26
346, 60, 84, 24
347, 59, 85, 26
348, 51, 71, 20
349, 56, 83, 27
350, 48, 58, 10
351, 36, 44, 8
352, 42, 52, 10
353, 42, 54, 12
354, 42, 52, 10
355, 47, 58, 11
356, 46, 60, 14
357, 53, 76, 23
358, 58, 86, 28
359, 61, 94, 33
360, 65, 102, 37
361, 64, 91, 27
362, 55, 78, 23
363, 52, 69, 17
364, 49, 65, 16
365, 46, 62, 16
366, 50, 68, 18
367, 56, 76, 20
368, 54, 70, 16
369, 53, 80, 27
370, 68, 108, 40
371, 69, 114, 45
372, 79, 122, 43
373, 71, 115, 44
374, 85, 139, 54
375, 86, 149, 63
376, 99, 190, 91
377, 121, 266, 145
378, 166, 450, 284
379, 310, 1042, 732
380, 747, 1657, 910
381, 913, 1056, 143
382, 144, 207, 63
383, 71, 105, 34
384, 39, 47, 8
385, 14, 14, 0
386, 18, 20, 2
387, 34, 43, 9
388, 37, 41, 4
389, 48, 59, 11
390, 49, 66, 17
391, 59, 86, 27
392, 63, 107, 44
393, 81, 143, 62
394, 101, 209, 108
395, 139, 320, 181
396, 211, 661, 450
397, 475, 1530, 1055
398, 1059, 1487, 428
399, 430, 505, 75
400, 75, 119, 44
401, 47, 58, 11
402, 17, 18, 1
403, 16, 16, 0
404, 22, 24, 2
405, 37, 42, 5
406, 35, 41, 6
407, 64, 95, 31
408, 70, 109, 39
409, 79, 131, 52
410, 76, 125, 49
411, 84, 150, 66
412, 101, 203, 102
413, 124, 280, 156
414, 187, 570, 383
415, 406, 1371, 965
416, 975, 1584, 609
417, 610, 698, 88
418, 89, 137, 48
419, 51, 65, 14
420, 17, 19, 2
421, 13, 15, 2
422, 46, 53, 7
423, 40, 50, 10
424, 51, 73, 22
425, 50, 65, 15
426, 44, 59, 15
427, 59, 84, 25
428, 59, 85, 26
429, 52, 69, 17
430, 67, 93, 26
431, 62, 98, 36
432, 67, 98, 31
433, 77, 134, 57
434, 82, 148, 66
435, 97, 180, 83
436, 121, 275, 154
437, 185, 535, 350
438, 366, 1241, 875
439, 889, 1628, 739
440, 741, 840, 99
441, 101, 163, 62
442, 63, 79, 16
443, 21, 23, 2
444, 13, 13, 0
445, 16, 16, 0
446, 42, 51, 9
447, 37, 44, 7
448, 44, 54, 10
449, 36, 43, 7
450, 38, 46, 8
451, 42, 49, 7
452, 39, 52, 13
453, 41, 49, 8
454, 31, 34, 3
455, 39, 41, 2
456, 31, 34, 3
457, 42, 56, 14
458, 56, 72, 16
459, 48, 59, 11
460, 44, 54, 10
461, 42, 59, 17
462, 51, 70, 19
463, 61, 96, 35
464, 75, 125, 50
465, 79, 133, 54
466, 91, 177, 86
467, 118, 256, 138
468, 174, 505, 331
469, 349, 1219, 870
470, 885, 1667, 782
471, 784, 880, 96
472, 96, 149, 53
473, 54, 80, 26
474, 32, 33, 1
475, 9, 9, 0
476, 21, 22, 1
477, 48, 65, 17
478, 56, 78, 22
479, 53, 75, 22
480, 57, 78, 21
481, 57, 88, 31
482, 65, 96, 31
483, 65, 91, 26
484, 58, 82, 24
485, 52, 75, 23
486, 52, 67, 15
487, 54, 69, 15
488, 52, 76, 24
489, 56, 78, 22
490, 56, 80, 24
491, 65, 99, 34
492, 64, 94, 30
493, 64, 89, 25
494, 54, 73, 19
495, 62, 96, 34
496, 61, 84, 23
497, 60, 88, 28
498, 67, 106, 39
499, 63, 91, 28
500, 58, 82, 24
501, 52, 71, 19
502, 50, 70, 20
503, 57, 75, 18
504, 51, 70, 19
505, 38, 49, 11
506, 50, 67, 17
507, 48, 66, 18
508, 45, 56, 11
509, 50, 69, 19
510, 55, 84, 29
511, 70, 111, 41
512, 77, 135, 58
513, 95, 173, 78
514, 118, 252, 134
515, 161, 434, 273
516, 297, 1009, 712
517, 729, 1669, 940
518, 941, 1098, 157
519, 161, 221, 60
520, 60, 87, 27
521, 31, 32, 1
522, 14, 14, 0
523, 24, 26, 2
524, 35, 40, 5
525, 38, 48, 10
526, 56, 85, 29
527, 67, 119, 52
528, 85, 153, 68
529, 93, 181, 88
530, 115, 258, 143
531, 174, 469, 295
532, 329, 1121, 792
533, 810, 1671, 861
534, 863, 977, 114
535, 114, 178, 64
536, 65, 104, 39
537, 45, 57, 12
538, 21, 22, 1
539, 24, 24, 0
540, 38, 48, 10
541, 43, 53, 10
542, 46, 59, 13
543, 42, 51, 9
544, 44, 58, 14
545, 50, 75, 25
546, 50, 65, 15
547, 54, 77, 23
548, 49, 64, 15
549, 42, 55, 13
550, 53, 72, 19
551, 50, 66, 16
552, 50, 65, 15
553, 52, 67, 15
554, 46, 64, 18
555, 47, 59, 12
556, 48, 67, 19
557, 53, 66, 13
558, 32, 34, 2
559, 35, 45, 10
560, 39, 46, 7
561, 45, 56, 11
562, 43, 52, 9
563, 45, 58, 13
564, 48, 62, 14
565, 46, 59, 13
566, 50, 71, 21
567, 54, 79, 25
568, 70, 110, 40
569, 72, 121, 49
570, 72, 114, 42
571, 74, 126, 52
572, 95, 183, 88
573, 122, 280, 158
574, 180, 490, 310
575, 339, 1156, 817
576, 830, 1663, 833
577, 833, 929, 96
578, 97, 146, 49
579, 50, 68, 18
580, 26, 28, 2
581, 9, 9, 0
582, 22, 25, 3
583, 38, 45, 7
584, 24, 27, 3
585, 23, 26, 3
586, 41, 47, 6
587, 41, 52, 11
588, 49, 71, 22
589, 59, 86, 27
590, 62, 98, 36
591, 66, 101, 35
592, 78, 135, 57
593, 83, 151, 68
594, 94, 191, 97
595, 124, 274, 150
596, 178, 497, 319
597, 345, 1185, 840
598, 848, 1653, 805
599, 805, 908, 103
600, 104, 170, 66
601, 69, 112, 43
602, 49, 58, 9
603, 25, 27, 2
604, 19, 19, 0
605, 35, 37, 2
606, 34, 39, 5
607, 40, 51, 11
608, 54, 77, 23
609, 70, 114, 44
610, 73, 110, 37
611, 75, 123, 48
612, 89, 166, 77
613, 103, 211, 108
614, 135, 330, 195
615, 214, 660, 446
616, 474, 1524, 1050
617, 1055, 1482, 427
618, 428, 506, 78
619, 79, 130, 51
620, 57, 77, 20
621, 28, 34, 6
622, 19, 20, 1
623, 26, 29, 3
624, 40, 48, 8
625, 46, 62, 16
626, 50, 68, 18
627, 63, 88, 25
628, 59, 88, 29
629, 71, 118, 47
630, 79, 129, 50
631, 72, 114, 42
632, 66, 105, 39
633, 70, 108, 38
634, 71, 113, 42
635, 72, 110, 38
636, 70, 105, 35
637, 56, 75, 19
638, 60, 82, 22
639, 58, 86, 28
640, 49, 67, 18
641, 46, 61, 15
642, 48, 60, 12
643, 39, 47, 8
644, 36, 44, 8
645, 38, 45, 7
646, 36, 46, 10
647, 49, 66, 17
648, 42, 48, 6
649, 49, 62, 13
650, 42, 55, 13
651, 44, 53, 9
652, 50, 69, 19
653, 50, 65, 15
654, 41, 51, 10
655, 42, 50, 8
656, 48, 61, 13
657, 46, 61, 15
658, 39, 50, 11
659, 49, 67, 18
660, 47, 66, 19
661, 56, 80, 24
662, 60, 91, 31
663, 64, 102, 38
664, 57, 74, 17
665, 47, 57, 10
666, 43, 51, 8
667, 40, 54, 14
668, 42, 48, 6
669, 31, 37, 6
670, 41, 54, 13
671, 48, 67, 19
672, 57, 81, 24
673, 57, 82, 25
674, 55, 74, 19
675, 58, 91, 33
676, 62, 94, 32
677, 60, 84, 24
678, 51, 69, 18
679, 49, 72, 23
680, 52, 65, 13
681, 54, 70, 16
682, 53, 72, 19
683, 50, 62, 12
684, 39, 46, 7
685, 31, 33, 2
686, 46, 56, 10
687, 50, 67, 17
688, 61, 91, 30
689, 67, 95, 28
690, 56, 77, 21
691, 57, 83, 26
692, 50, 72, 22
693, 56, 72, 16
694, 41, 49, 8
695, 46, 61, 15
696, 49, 66, 17
697, 50, 68, 18
698, 44, 55, 11
699, 41, 54, 13
700, 63, 89, 26
701, 56, 78, 22
702, 57, 83, 26
703, 60, 79, 19
704, 55, 75, 20
705, 57, 83, 26
706, 56, 77, 21
707, 58, 86, 28
708, 54, 71, 17
709, 45, 51, 6
710, 41, 51, 10
711, 58, 79, 21
712, 53, 70, 17
713, 49, 62, 13
714, 41, 52, 11
715, 40, 45, 5
716, 37, 45, 8
717, 35, 40, 5
718, 35, 40, 5
719, 48, 61, 13
720, 56, 71, 15
721, 54, 75, 21
722, 50, 69, 19
723, 48, 63, 15
724, 50, 66, 16
725, 51, 70, 19
726, 53, 72, 19
727, 47, 62, 15
728, 53, 76, 23
729, 62, 96, 34
730, 63, 89, 26
731, 55, 81, 26
732, 51, 65, 14
733, 46, 56, 10
734, 35, 39, 4
735, 36, 44, 8
736, 38, 48, 10
737, 37, 44, 7
738, 43, 49, 6
739, 52, 76, 24
740, 54, 78, 24
741, 61, 81, 20
742, 60, 86, 26
743, 48, 71, 23
744, 63, 90, 27
745, 64, 84, 20
746, 54, 74, 20
747, 49, 60, 11
748, 50, 67, 17
749, 51, 72, 21
750, 55, 69, 14
751, 40, 57, 17
752, 51, 62, 11
753, 51, 69, 18
754, 47, 61, 14
755, 44, 56, 12
756, 49, 72, 23
757, 46, 57, 11
758, 45, 65, 20
759, 45, 56, 11
760, 44, 55, 11
761, 50, 64, 14
762, 51, 71, 20
763, 53, 71, 18
764, 53, 77, 24
765, 63, 95, 32
766, 63, 90, 27
767, 55, 73, 18
768, 54, 76, 22
769, 56, 79, 23
770, 55, 76, 21
771, 63, 92, 29
772, 55, 78, 23
773, 51, 70, 19
774, 64, 90, 26
775, 53, 68, 15
776, 44, 53, 9
777, 44, 55, 11
778, 48, 65, 17
779, 40, 48, 8
780, 36, 39, 3
781, 38, 45, 7
782, 36, 44, 8
783, 53, 74, 21
784, 57, 84, 27
785, 58, 76, 18
786, 43, 54, 11
787, 48, 64, 16
788, 53, 72, 19
789, 54, 78, 24
790, 62, 93, 31
791, 68, 107, 39
792, 73, 118, 45
793, 82, 141, 59
794, 86, 149, 63
795, 98, 198, 100
796, 123, 279, 156
797, 189, 557, 368
798, 391, 1300, 909
799, 916, 1599, 683
800, 684, 781, 97
801, 99, 157, 58
802, 60, 87, 27
803, 30, 33, 3
804, 14, 14, 0
805, 17, 18, 1
806, 46, 56, 10
807, 48, 68, 20
808, 58, 80, 22
809, 57, 80, 23
810, 53, 80, 27
811, 72, 110, 38
812, 76, 121, 45
813, 83, 139, 56
814, 88, 146, 58
815, 93, 165, 72
816, 104, 204, 100
817, 129, 307, 178
818, 201, 573, 372
819, 396, 1285, 889
820, 895, 1567, 672
821, 672, 770, 98
822, 99, 166, 67
823, 70, 105, 35
824, 38, 44, 6
825, 15, 16, 1
826, 23, 24, 1
827, 30, 33, 3
828, 38, 45, 7
829, 47, 65, 18
830, 53, 69, 16
831, 48, 54, 6
832, 41, 56, 15
833, 45, 61, 16
834, 47, 67, 20
835, 47, 55, 8
836, 34, 42, 8
837, 40, 47, 7
838, 34, 39, 5
839, 39, 46, 7
840, 41, 52, 11
841, 47, 65, 18
842, 53, 70, 17
843, 53, 76, 23
844, 61, 97, 36
845, 72, 113, 41
846, 69, 107, 38
847, 73, 114, 41
848, 70, 114, 44
849, 84, 157, 73
850, 99, 197, 98
851, 121, 281, 160
852, 186, 547, 361
853, 387, 1325, 938
854, 949, 1613, 664
855, 666, 753, 87
856, 89, 150, 61
857, 63, 91, 28
858, 31, 35, 4
859, 11, 11, 0
860, 32, 33, 1
861, 43, 61, 18
862, 54, 74, 20
863, 52, 69, 17
864, 50, 64, 14
865, 49, 69, 20
866, 52, 74, 22
867, 54, 71, 17
868, 43, 56, 13
869, 42, 52, 10
870, 51, 67, 16
871, 50, 70, 20
872, 47, 59, 12
873, 50, 60, 10
874, 32, 34, 2
875, 43, 49, 6
876, 39, 48, 9
877, 38, 50, 12
878, 44, 53, 9
879, 46, 59, 13
880, 50, 61, 11
881, 36, 40, 4
882, 33, 40, 7
883, 48, 66, 18
884, 53, 79, 26
885, 69, 105, 36
886, 73, 125, 52
887, 74, 121, 47
888, 86, 157, 71
889, 99, 188, 89
890, 116, 248, 132
891, 165, 419, 254
892, 274, 888, 614
893, 634, 1616, 982
894, 986, 1212, 226
895, 226, 301, 75
896, 77, 115, 38
897, 39, 48, 9
898, 18, 18, 0
899, 24, 25, 1
900, 32, 37, 5
901, 43, 55, 12
902, 49, 65, 16
903, 47, 63, 16
904, 39, 49, 10
905, 46, 61, 15
906, 66, 101, 35
907, 67, 104, 37
908, 75, 122, 47
909, 82, 143, 61
910, 87, 157, 70
911, 104, 205, 101
912, 129, 271, 142
913, 169, 453, 284
914, 318, 1073, 755
915, 767, 1643, 876
916, 878, 1011, 133
917, 134, 200, 66
918, 68, 103, 35
919, 40, 46, 6
920, 15, 17, 2
921, 18, 18, 0
922, 32, 35, 3
923, 34, 43, 9
924, 51, 73, 22
925, 61, 86, 25
926, 64, 96, 32
927, 62, 104, 42
928, 67, 106, 39
929, 70, 107, 37
930, 76, 141, 65
931, 96, 185, 89
932, 113, 239, 126
933, 159, 414, 255
934, 286, 953, 667
935, 683, 1670, 987
936, 991, 1160, 169
937, 171, 235, 64
938, 67, 100, 33
939, 40, 46, 6
940, 14, 14, 0
941, 13, 13, 0
942, 22, 22, 0
943, 26, 32, 6
944, 44, 52, 8
945, 50, 76, 26
946, 61, 95, 34
947, 64, 95, 31
948, 63, 89, 26
949, 49, 62, 13
950, 44, 58, 14
951, 49, 67, 18
952, 50, 73, 23
953, 57, 74, 17
954, 49, 67, 18
955, 36, 50, 14
956, 50, 69, 19
957, 47, 61, 14
958, 53, 72, 19
959, 63, 103, 40
960, 72, 115, 43
961, 80, 137, 57
962, 93, 171, 78
963, 109, 217, 108
964, 142, 356, 214
965, 243, 764, 521
966, 543, 1576, 1033
967, 1035, 1365, 330
968, 332, 408, 76
969, 78, 123, 45
970, 47, 64, 17
971, 23, 23, 0
972, 17, 17, 0
973, 31, 34, 3
974, 28, 30, 2
975, 43, 51, 8
976, 41, 47, 6
977, 40, 45, 5
978, 33, 42, 9
979, 41, 55, 14
980, 58, 82, 24
981, 48, 63, 15
982, 42, 59, 17
983, 47, 61, 14
984, 51, 65, 14
985, 44, 59, 15
986, 44, 51, 7
987, 37, 42, 5
988, 33, 41, 8
989, 54, 78, 24
990, 58, 88, 30
991, 69, 99, 30
992, 56, 84, 28
993, 59, 78, 19
994, 50, 72, 22
995, 62, 96, 34
996, 71, 107, 36
997, 71, 117, 46
998, 81, 134, 53
999, 85, 149, 64
1000, 93, 161, 68
1001, 97, 184, 87
1002, 121, 261, 140
1003, 172, 470, 298
1004, 320, 1095, 775
1005, 791, 1650, 859
1006, 860, 997, 137
1007, 137, 207, 70
1008, 73, 115, 42
1009, 45, 54, 9
1010, 23, 23, 0
1011, 21, 21, 0
1012, 34, 36, 2
1013, 31, 34, 3
1014, 42, 50, 8
1015, 48, 66, 18
1016, 48, 67, 19
1017, 52, 76, 24
1018, 57, 80, 23
1019, 49, 64, 15
1020, 55, 84, 29
1021, 61, 98, 37
1022, 65, 103, 38
1023, 58, 82, 24
1024, 57, 77, 20
1025, 45, 57, 12
1026, 57, 83, 26
1027, 53, 74, 21
1028, 58, 89, 31
1029, 65, 95, 30
1030, 81, 141, 60
1031, 96, 176, 80
1032, 110, 231, 121
1033, 152, 412, 260
1034, 279, 932, 653
1035, 677, 1671, 994
1036, 997, 1184, 187
1037, 189, 252, 63
1038, 65, 91, 26
1039, 32, 36, 4
1040, 9, 9, 0
1041, 24, 26, 2
1042, 26, 31, 5
1043, 42, 52, 10
1044, 52, 72, 20
1045, 58, 76, 18
1046, 57, 79, 22
1047, 49, 65, 16
1048, 50, 70, 20
1049, 56, 76, 20
1050, 47, 59, 12
1051, 45, 54, 9
1052, 38, 50, 12
1053, 49, 63, 14
1054, 56, 79, 23
1055, 58, 82, 24
1056, 58, 84, 26
1057, 51, 69, 18
1058, 53, 71, 18
1059, 46, 61, 15
1060, 45, 58, 13
1061, 47, 66, 19
1062, 43, 53, 10
1063, 41, 52, 11
1064, 43, 50, 7
1065, 31, 37, 6
1066, 35, 40, 5
1067, 41, 46, 5
1068, 29, 34, 5
1069, 32, 39, 7
1070, 31, 36, 5
1071, 46, 63, 17
1072, 53, 72, 19
1073, 50, 58, 8
1074, 46, 57, 11
1075, 52, 65, 13
1076, 47, 60, 13
1077, 44, 56, 12
1078, 35, 41, 6
1079, 32, 39, 7
1080, 46, 63, 17
1081, 48, 62, 14
1082, 47, 68, 21
1083, 55, 78, 23
1084, 64, 91, 27
1085, 60, 88, 28
1086, 67, 97, 30
1087, 69, 100, 31
1088, 54, 70, 16
1089, 50, 64, 14
1090, 48, 71, 23
1091, 56, 77, 21
1092, 60, 87, 27
1093, 58, 86, 28
1094, 54, 77, 23
1095, 52, 63, 11
1096, 58, 87, 29
1097, 67, 97, 30
1098, 64, 93, 29
1099, 71, 104, 33
1100, 66, 101, 35
1101, 78, 134, 56
1102, 78, 142, 64
1103, 88, 148, 60
1104, 81, 140, 59
1105, 95, 171, 76
1106, 118, 257, 139
1107, 157, 400, 243
1108, 270, 880, 610
1109, 623, 1659, 1036
1110, 1038, 1234, 196
1111, 199, 263, 64
1112, 64, 87, 23
1113, 26, 26, 0
1114, 9, 9, 0
1115, 21, 21, 0
1116, 37, 43, 6
1117, 30, 36, 6
1118, 37, 48, 11
1119, 57, 84, 27
1120, 56, 71, 15
1121, 40, 55, 15
1122, 46, 58, 12
1123, 49, 63, 14
1124, 48, 65, 17
1125, 56, 76, 20
1126, 59, 89, 30
1127, 64, 95, 31
1128, 68, 103, 35
1129, 72, 118, 46
1130, 76, 129, 53
1131, 80, 131, 51
1132, 78, 137, 59
1133, 88, 165, 77
1134, 110, 231, 121
1135, 148, 364, 216
1136, 239, 777, 538
1137, 554, 1603, 1049
1138, 1054, 1360, 306
1139, 306, 378, 72
1140, 75, 129, 54
1141, 59, 87, 28
1142, 33, 39, 6
1143, 15, 16, 1
1144, 31, 35, 4
1145, 41, 46, 5
1146, 36, 39, 3
1147, 42, 49, 7
1148, 38, 52, 14
1149, 46, 61, 15
1150, 45, 55, 10
1151, 42, 52, 10
1152, 43, 58, 15
1153, 45, 54, 9
1154, 40, 53, 13
1155, 46, 59, 13
1156, 50, 66, 16
1157, 54, 74, 20
1158, 62, 94, 32
1159, 64, 84, 20
1160, 57, 78, 21
1161, 48, 64, 16
1162, 45, 66, 21
1163, 47, 60, 13
1164, 54, 78, 24
1165, 57, 82, 25
1166, 55, 78, 23
1167, 66, 100, 34
1168, 65, 98, 33
1169, 60, 83, 23
1170, 55, 75, 20
1171, 49, 60, 11
1172, 40, 54, 14
1173, 55, 77, 22
1174, 56, 91, 35
1175, 65, 90, 25
1176, 66, 103, 37
1177, 67, 99, 32
1178, 55, 78, 23
1179, 48, 53, 5
1180, 39, 48, 9
1181, 48, 66, 18
1182, 42, 52, 10
1183, 38, 48, 10
1184, 36, 40, 4
1185, 32, 37, 5
1186, 33, 36, 3
1187, 49, 66, 17
1188, 55, 73, 18
1189, 44, 58, 14
1190, 39, 44, 5
1191, 38, 48, 10
1192, 48, 65, 17
1193, 46, 57, 11
1194, 46, 64, 18
1195, 56, 81, 25
1196, 48, 56, 8
1197, 37, 41, 4
1198, 32, 40, 8
1199, 45, 64, 19
1200, 59, 85, 26
1201, 62, 100, 38
1202, 83, 143, 60
1203, 94, 169, 75
1204, 111, 230, 119
1205, 143, 358, 215
1206, 244, 785, 541
1207, 564, 1612, 1048
1208, 1054, 1341, 287
1209, 288, 359, 71
1210, 72, 110, 38
1211, 43, 54, 11
1212, 17, 17, 0
1213, 18, 18, 0
1214, 28, 29, 1
1215, 43, 51, 8
1216, 39, 52, 13
1217, 39, 53, 14
1218, 47, 61, 14
1219, 51, 70, 19
1220, 55, 77, 22
1221, 57, 85, 28
1222, 49, 60, 11
1223, 42, 50, 8
1224, 34, 38, 4
1225, 33, 40, 7
1226, 50, 67, 17
1227, 51, 74, 23
1228, 55, 76, 21
1229, 47, 66, 19
1230, 46, 64, 18
1231, 47, 63, 16
1232, 53, 70, 17
1233, 55, 76, 21
1234, 55, 80, 25
1235, 60, 90, 30
1236, 57, 87, 30
1237, 58, 93, 35
1238, 67, 97, 30
1239, 64, 86, 22
1240, 50, 68, 18
1241, 61, 93, 32
1242, 64, 96, 32
1243, 64, 99, 35
1244, 63, 91, 28
1245, 74, 120, 46
1246, 79, 139, 60
1247, 87, 153, 66
1248, 94, 163, 69
1249, 99, 190, 91
1250, 120, 261, 141
1251, 170, 453, 283
1252, 320, 1055, 735
1253, 752, 1649, 897
1254, 898, 1039, 141
1255, 144, 211, 67
1256, 71, 107, 36
1257, 39, 43, 4
1258, 11, 11, 0
1259, 17, 17, 0
1260, 39, 44, 5
1261, 45, 55, 10
1262, 45, 61, 16
1263, 44, 60, 16
1264, 48, 65, 17
1265, 48, 66, 18
1266, 70, 107, 37
1267, 66, 97, 31
1268, 64, 95, 31
1269, 65, 104, 39
1270, 75, 115, 40
1271, 72, 120, 48
1272, 78, 122, 44
1273, 71, 107, 36
1274, 79, 135, 56
1275, 84, 149, 65
1276, 91, 162, 71
1277, 100, 190, 90
1278, 119, 268, 149
1279, 175, 486, 311
1280, 335, 1122, 787
1281, 797, 1632, 835
1282, 837, 974, 137
1283, 141, 209, 68
1284, 72, 107, 35
1285, 39, 46, 7
1286, 19, 20, 1
1287, 22, 24, 2
1288, 42, 55, 13
1289, 49, 62, 13
1290, 49, 64, 15
1291, 51, 70, 19
1292, 55, 81, 26
1293, 60, 86, 26
1294, 63, 98, 35
1295, 75, 122, 47
1296, 80, 133, 53
1297, 82, 128, 46
1298, 86, 146, 60
1299, 99, 206, 107
1300, 140, 340, 200
1301, 229, 697, 468
1302, 494, 1532, 1038
1303, 1041, 1447, 406
1304, 406, 479, 73
1305, 75, 110, 35
1306, 38, 40, 2
1307, 7, 7, 0
1308, 11, 11, 0
1309, 25, 30, 5
1310, 48, 67, 19
1311, 57, 88, 31
1312, 70, 120, 50
1313, 87, 158, 71
1314, 109, 231, 122
1315, 144, 356, 212
1316, 234, 749, 515
1317, 539, 1601, 1062
1318, 1065, 1384, 319
1319, 319, 394, 75
1320, 77, 123, 46
1321, 48, 68, 20
1322, 26, 28, 2
1323, 18, 18, 0
1324, 31, 34, 3
1325, 36, 46, 10
1326, 60, 79, 19
1327, 55, 76, 21
1328, 63, 90, 27
1329, 57, 92, 35
1330, 71, 121, 50
1331, 90, 177, 87
1332, 112, 250, 138
1333, 167, 474, 307
1334, 330, 1141, 811
1335, 822, 1696, 874
1336, 874, 977, 103
1337, 103, 152, 49
1338, 54, 69, 15
1339, 17, 18, 1
1340, 6, 6, 0
1341, 20, 20, 0
1342, 31, 32, 1
1343, 38, 46, 8
1344, 34, 40, 6
1345, 52, 78, 26
1346, 60, 88, 28
1347, 63, 100, 37
1348, 74, 123, 49
1349, 78, 124, 46
1350, 82, 145, 63
1351, 93, 160, 67
1352, 96, 168, 72
1353, 90, 170, 80
1354, 103, 188, 85
1355, 109, 218, 109
1356, 137, 326, 189
1357, 218, 679, 461
1358, 484, 1476, 992
1359, 998, 1443, 445
1360, 448, 547, 99
1361, 102, 175, 73
1362, 77, 114, 37
1363, 38, 48, 10
1364, 20, 21, 1
1365, 35, 43, 8
1366, 45, 57, 12
1367, 40, 54, 14
1368, 49, 67, 18
1369, 60, 82, 22
1370, 62, 97, 35
1371, 69, 117, 48
1372, 93, 180, 87
1373, 109, 236, 127
1374, 155, 411, 256
1375, 287, 975, 688
1376, 703, 1687, 984
1377, 986, 1150, 164
1378, 166, 214, 48
1379, 50, 61, 11
1380, 21, 23, 2
1381, 14, 14, 0
1382, 13, 13, 0
1383, 46, 56, 10
1384, 46, 55, 9
1385, 48, 62, 14
1386, 52, 68, 16
1387, 54, 77, 23
1388, 49, 66, 17
1389, 60, 76, 16
1390, 41, 51, 10
1391, 41, 52, 11
1392, 40, 45, 5
1393, 45, 59, 14
1394, 44, 58, 14
1395, 50, 68, 18
1396, 53, 73, 20
1397, 53, 71, 18
1398, 46, 57, 11
1399, 39, 46, 7
1400, 32, 36, 4
1401, 40, 51, 11
1402, 50, 66, 16
1403, 45, 56, 11
1404, 49, 62, 13
1405, 52, 66, 14
1406, 54, 73, 19
1407, 60, 85, 25
1408, 56, 75, 19
1409, 53, 76, 23
1410, 59, 79, 20
1411, 58, 75, 17
1412, 52, 74, 22
1413, 56, 87, 31
1414, 58, 85, 27
1415, 58, 85, 27
1416, 68, 109, 41
1417, 61, 101, 40
1418, 66, 96, 30
1419, 81, 141, 60
1420, 93, 173, 80
1421, 116, 252, 136
1422, 170, 474, 304
1423, 324, 1137, 813
1424, 828, 1680, 852
1425, 853, 966, 113
1426, 113, 169, 56
1427, 60, 89, 29
1428, 33, 35, 2
1429, 9, 9, 0
1430, 18, 18, 0
1431, 38, 47, 9
1432, 37, 43, 6
1433, 35, 41, 6
1434, 42, 53, 11
1435, 36, 42, 6
1436, 43, 51, 8
1437, 41, 43, 2
1438, 35, 43, 8
1439, 47, 63, 16
1440, 60, 89, 29
1441, 61, 85, 24
1442, 64, 91, 27
1443, 62, 95, 33
1444, 63, 87, 24
1445, 55, 79, 24
1446, 54, 77, 23
1447, 52, 82, 30
1448, 57, 84, 27
1449, 67, 103, 36
1450, 66, 93, 27
1451, 60, 87, 27
1452, 61, 90, 29
1453, 57, 81, 24
1454, 55, 73, 18
1455, 60, 78, 18
1456, 48, 64, 16
1457, 39, 48, 9
1458, 39, 44, 5
1459, 38, 49, 11
1460, 45, 53, 8
1461, 51, 65, 14
1462, 43, 51, 8
1463, 48, 59, 11
1464, 45, 56, 11
1465, 41, 54, 13
1466, 58, 79, 21
1467, 48, 58, 10
1468, 48, 57, 9
1469, 39, 50, 11
1470, 39, 47, 8
1471, 31, 34, 3
1472, 30, 39, 9
1473, 50, 63, 13
1474, 49, 70, 21
1475, 50, 69, 19
1476, 49, 65, 16
1477, 49, 66, 17
1478, 58, 80, 22
1479, 55, 80, 25
1480, 49, 60, 11
1481, 43, 60, 17
1482, 50, 64, 14
1483, 47, 64, 17
1484, 39, 45, 6
1485, 44, 59, 15
1486, 51, 71, 20
1487, 59, 84, 25
1488, 56, 75, 19
1489, 47, 61, 14
1490, 40, 53, 13
1491, 56, 82, 26
1492, 69, 107, 38
1493, 75, 137, 62
1494, 102, 186, 84
1495, 110, 224, 114
1496, 143, 371, 228
1497, 248, 837, 589
1498, 611, 1659, 1048
1499, 1051, 1280, 229
1500, 231, 309, 78
1501, 82, 124, 42
1502, 45, 50, 5
1503, 13, 13, 0
1504, 19, 19, 0
1505, 24, 26, 2
1506, 37, 41, 4
1507, 42, 54, 12
1508, 52, 70, 18
1509, 54, 76, 22
1510, 63, 94, 31
1511, 60, 80, 20
1512, 55, 79, 24
1513, 67, 105, 38
1514, 63, 94, 31
1515, 67, 101, 34
1516, 69, 112, 43
1517, 66, 98, 32
1518, 66, 97, 31
1519, 68, 101, 33
1520, 69, 102, 33
1521, 61, 78, 17
1522, 59, 79, 20
1523, 49, 63, 14
1524, 41, 52, 11
1525, 46, 61, 15
1526, 51, 74, 23
1527, 54, 77, 23
1528, 59, 81, 22
1529, 48, 57, 9
1530, 49, 64, 15
1531, 47, 67, 20
1532, 58, 81, 23
1533, 53, 71, 18
1534, 58, 85, 27
1535, 60, 85, 25
1536, 68, 113, 45
1537, 86, 144, 58
1538, 92, 171, 79
1539, 114, 239, 125
1540, 158, 410, 252
1541, 291, 991, 700
1542, 716, 1666, 950
1543, 952, 1125, 173
1544, 175, 237, 62
1545, 67, 95, 28
1546, 32, 34, 2
1547, 17, 18, 1
1548, 22, 23, 1
1549, 32, 35, 3
1550, 35, 44, 9
1551, 39, 49, 10
1552, 39, 47, 8
1553, 36, 44, 8
1554, 38, 48, 10
1555, 37, 41, 4
1556, 42, 53, 11
1557, 50, 68, 18
1558, 61, 91, 30
1559, 70, 110, 40
1560, 69, 118, 49
1561, 85, 142, 57
1562, 90, 167, 77
1563, 105, 206, 101
1564, 122, 273, 151
1565, 173, 469, 296
1566, 309, 1014, 705
1567, 721, 1630, 909
1568, 911, 1066, 155
1569, 156, 232, 76
1570, 79, 128, 49
1571, 50, 66, 16
1572, 26, 28, 2
1573, 14, 14, 0
1574, 31, 38, 7
1575, 42, 50, 8
1576, 34, 43, 9
1577, 46, 67, 21
1578, 57, 74, 17
1579, 54, 79, 25
1580, 51, 72, 21
1581, 62, 89, 27
1582, 61, 89, 28
1583, 64, 103, 39
1584, 71, 117, 46
1585, 78, 118, 40
1586, 70, 105, 35
1587, 66, 96, 30
1588, 63, 92, 29
1589, 67, 102, 35
1590, 68, 112, 44
1591, 82, 135, 53
1592, 89, 161, 72
1593, 107, 214, 107
1594, 137, 338, 201
1595, 230, 709, 479
1596, 498, 1527, 1029
1597, 1036, 1434, 398
1598, 400, 478, 78
1599, 78, 121, 43
1600, 45, 55, 10
1601, 20, 21, 1
1602, 13, 13, 0
1603, 27, 29, 2
1604, 39, 45, 6
1605, 31, 35, 4
1606, 34, 41, 7
1607, 39, 52, 13
1608, 49, 69, 20
1609, 61, 91, 30
1610, 64, 108, 44
1611, 79, 142, 63
1612, 100, 199, 99
1613, 132, 332, 200
1614, 228, 735, 507
1615, 537, 1628, 1091
1616, 1094, 1420, 326
1617, 326, 391, 65
1618, 67, 103, 36
1619, 40, 45, 5
1620, 13, 13, 0
1621, 14, 14, 0
1622, 31, 32, 1
1623, 33, 36, 3
1624, 44, 58, 14
1625, 51, 65, 14
1626, 43, 54, 11
1627, 42, 50, 8
1628, 34, 42, 8
1629, 30, 35, 5
1630, 40, 53, 13
1631, 50, 65, 15
1632, 50, 66, 16
1633, 49, 73, 24
1634, 61, 93, 32
1635, 74, 120, 46
1636, 77, 132, 55
1637, 87, 160, 73
1638, 102, 206, 104
1639, 127, 285, 158
1640, 179, 506, 327
1641, 348, 1183, 835
1642, 846, 1633, 787
1643, 790, 896, 106
1644, 106, 174, 68
1645, 70, 103, 33
1646, 39, 43, 4
1647, 12, 12, 0
1648, 21, 21, 0
1649, 28, 30, 2
1650, 42, 50, 8
1651, 43, 55, 12
1652, 58, 87, 29
1653, 63, 92, 29
1654, 74, 120, 46
1655, 76, 129, 53
1656, 92, 178, 86
1657, 108, 224, 116
1658, 146, 353, 207
1659, 227, 716, 489
1660, 513, 1551, 1038
1661, 1042, 1413, 371
1662, 373, 444, 71
1663, 73, 114, 41
1664, 44, 53, 9
1665, 23, 25, 2
1666, 13, 14, 1
1667, 26, 28, 2
1668, 56, 80, 24
1669, 53, 79, 26
1670, 54, 77, 23
1671, 47, 60, 13
1672, 44, 51, 7
1673, 37, 43, 6
1674, 36, 38, 2
1675, 41, 51, 10
1676, 47, 59, 12
1677, 53, 77, 24
1678, 64, 101, 37
1679, 79, 140, 61
1680, 88, 160, 72
1681, 103, 223, 120
1682, 144, 378, 234
1683, 257, 853, 596
1684, 618, 1658, 1040
1685, 1041, 1288, 247
1686, 249, 314, 65
1687, 68, 103, 35
1688, 38, 45, 7
1689, 18, 20, 2
1690, 12, 12, 0
1691, 44, 55, 11
1692, 50, 61, 11
1693, 45, 60, 15
1694, 43, 54, 11
1695, 42, 53, 11
1696, 46, 58, 12
1697, 41, 53, 12
1698, 49, 63, 14
1699, 57, 74, 17
1700, 53, 65, 12
1701, 52, 63, 11
1702, 37, 43, 6
1703, 43, 51, 8
1704, 32, 38, 6
1705, 44, 59, 15
1706, 45, 59, 14
1707, 53, 73, 20
1708, 53, 73, 20
1709, 62, 94, 32
1710, 60, 85, 25
1711, 57, 86, 29
1712, 54, 75, 21
1713, 57, 82, 25
1714, 53, 66, 13
1715, 53, 76, 23
1716, 47, 61, 14
1717, 45, 56, 11
1718, 39, 45, 6
1719, 32, 39, 7
1720, 44, 53, 9
1721, 36, 41, 5
1722, 30, 34, 4
1723, 37, 45, 8
1724, 50, 81, 31
1725, 77, 129, 52
1726, 78, 129, 51
1727, 80, 137, 57
1728, 89, 158, 69
1729, 103, 201, 98
1730, 135, 307, 172
1731, 198, 585, 387
1732, 409, 1372, 963
1733, 979, 1561, 582
1734, 585, 670, 85
1735, 86, 140, 54
1736, 56, 75, 19
1737, 24, 27, 3
1738, 15, 15, 0
1739, 28, 34, 6
1740, 38, 47, 9
1741, 52, 74, 22
1742, 64, 106, 42
1743, 76, 126, 50
1744, 79, 139, 60
1745, 96, 197, 101
1746, 127, 303, 176
1747, 203, 624, 421
1748, 448, 1487, 1039
1749, 1043, 1539, 496
1750, 497, 571, 74
1751, 78, 123, 45
1752, 46, 57, 11
1753, 16, 16, 0
1754, 11, 12, 1
1755, 25, 28, 3
1756, 36, 46, 10
1757, 47, 59, 12
1758, 37, 46, 9
1759, 53, 81, 28
1760, 60, 99, 39
1761, 67, 108, 41
1762, 66, 100, 34
1763, 72, 118, 46
1764, 80, 141, 61
1765, 92, 159, 67
1766, 91, 158, 67
1767, 92, 157, 65
1768, 94, 173, 79
1769, 118, 250, 132
1770, 154, 394, 240
1771, 261, 849, 588
1772, 616, 1626, 1010
1773, 1015, 1254, 239
1774, 240, 310, 70
1775, 70, 102, 32
1776, 33, 36, 3
1777, 12, 12, 0
1778, 18, 18, 0
1779, 29, 32, 3
1780, 41, 52, 11
1781, 45, 61, 16
1782, 46, 53, 7
1783, 36, 45, 9
1784, 41, 49, 8
1785, 41, 50, 9
1786, 57, 87, 30
1787, 60, 94, 34
1788, 65, 105, 40
1789, 72, 128, 56
1790, 95, 172, 77
1791, 105, 225, 120
1792, 156, 419, 263
1793, 295, 1028, 733
1794, 749, 1719, 970
1795, 971, 1100, 129
1796, 131, 185, 54
1797, 56, 74, 18
1798, 23, 23, 0
1799, 7, 7, 0
1800, 23, 27, 4
1801, 37, 51, 14
1802, 44, 51, 7
1803, 44, 54, 10
1804, 47, 62, 15
1805, 45, 58, 13
1806, 58, 78, 20
1807, 57, 82, 25
1808, 63, 99, 36
1809, 76, 122, 46
1810, 90, 175, 85
1811, 110, 218, 108
1812, 148, 387, 239
1813, 264, 894, 630
1814, 642, 1675, 1033
1815, 1033, 1244, 211
1816, 212, 265, 53
1817, 55, 78, 23
1818, 27, 28, 1
1819, 7, 8, 1
1820, 21, 23, 2
1821, 32, 36, 4
1822, 53, 77, 24
1823, 58, 84, 26
1824, 64, 103, 39
1825, 65, 101, 36
1826, 66, 96, 30
1827, 56, 79, 23
1828, 59, 83, 24
1829, 57, 80, 23
1830, 57, 80, 23
1831, 50, 70, 20
1832, 58, 85, 27
1833, 57, 88, 31
1834, 80, 136, 56
1835, 97, 193, 96
1836, 131, 306, 175
1837, 194, 567, 373
1838, 405, 1356, 951
1839, 961, 1583, 622
1840, 625, 702, 77
1841, 78, 116, 38
1842, 43, 55, 12
1843, 19, 19, 0
1844, 16, 16, 0
1845, 20, 20, 0
1846, 31, 33, 2
1847, 40, 49, 9
1848, 46, 57, 11
1849, 33, 38, 5
1850, 40, 45, 5
1851, 41, 50, 9
1852, 51, 68, 17
1853, 49, 68, 19
1854, 53, 78, 25
1855, 61, 89, 28
1856, 73, 127, 54
1857, 84, 146, 62
1858, 99, 185, 86
1859, 119, 240, 121
1860, 152, 386, 234
1861, 262, 870, 608
1862, 622, 1637, 1015
1863, 1018, 1243, 225
1864, 228, 298, 70
1865, 72, 108, 36
1866, 39, 46, 7
1867, 19, 19, 0
1868, 19, 20, 1
1869, 31, 33, 2
1870, 44, 59, 15
1871, 65, 101, 36
1872, 82, 152, 70
1873, 107, 231, 124
1874, 152, 391, 239
1875, 265, 877, 612
1876, 632, 1685, 1053
1877, 1053, 1262, 209
1878, 210, 261, 51
1879, 53, 67, 14
1880, 17, 18, 1
1881, 6, 6, 0
1882, 17, 17, 0
1883, 34, 41, 7
1884, 39, 48, 9
1885, 53, 75, 22
1886, 55, 79, 24
1887, 62, 100, 38
1888, 64, 92, 28
1889, 56, 80, 24
1890, 63, 96, 33
1891, 66, 92, 26
1892, 53, 77, 24
1893, 58, 84, 26
1894, 68, 103, 35
1895, 67, 112, 45
1896, 79, 138, 59
1897, 87, 149, 62
1898, 91, 171, 80
1899, 108, 202, 94
1900, 136, 323, 187
1901, 211, 625, 414
1902, 434, 1399, 965
1903, 971, 1516, 545
1904, 550, 633, 83
1905, 84, 147, 63
1906, 66, 83, 17
1907, 20, 21, 1
1908, 8, 8, 0
1909, 24, 24, 0
1910, 28, 30, 2
1911, 42, 57, 15
1912, 50, 69, 19
1913, 44, 54, 10
1914, 63, 104, 41
1915, 72, 121, 49
1916, 75, 113, 38
1917, 68, 99, 31
1918, 61, 100, 39
1919, 66, 101, 35
1920, 62, 86, 24
1921, 53, 74, 21
1922, 57, 83, 26
1923, 52, 68, 16
1924, 58, 95, 37
1925, 65, 98, 33
1926, 69, 102, 33
1927, 62, 95, 33
1928, 80, 131, 51
1929, 78, 139, 61
1930, 88, 159, 71
1931, 106, 204, 98
1932, 121, 268, 147
1933, 179, 508, 329
1934, 343, 1158, 815
1935, 834, 1626, 792
1936, 796, 916, 120
1937, 121, 190, 69
1938, 70, 108, 38
1939, 43, 49, 6
1940, 25, 29, 4
1941, 27, 30, 3
1942, 39, 41, 2
1943, 29, 33, 4
1944, 53, 82, 29
1945, 72, 121, 49
1946, 78, 133, 55
1947, 89, 165, 76
1948, 100, 185, 85
1949, 115, 245, 130
1950, 155, 406, 251
1951, 280, 927, 647
1952, 666, 1642, 976
1953, 979, 1182, 203
1954, 207, 282, 75
1955, 80, 126, 46
1956, 50, 65, 15
1957, 23, 24, 1
1958, 19, 19, 0
1959, 34, 42, 8
1960, 40, 51, 11
1961, 41, 50, 9
1962, 35, 40, 5
1963, 36, 45, 9
1964, 45, 58, 13
1965, 53, 67, 14
1966, 48, 59, 11
1967, 43, 56, 13
1968, 42, 52, 10
1969, 39, 47, 8
1970, 49, 68, 19
1971, 63, 98, 35
1972, 57, 98, 41
1973, 80, 139, 59
1974, 94, 189, 95
1975, 117, 254, 137
1976, 179, 517, 338
1977, 359, 1238, 879
1978, 887, 1646, 759
1979, 761, 860, 99
1980, 101, 159, 58
1981, 60, 86, 26
1982, 37, 41, 4
1983, 13, 13, 0
1984, 35, 41, 6
1985, 49, 64, 15
1986, 51, 63, 12
1987, 47, 63, 16
1988, 46, 60, 14
1989, 51, 61, 10
1990, 39, 48, 9
1991, 44, 55, 11
1992, 38, 41, 3
1993, 31, 34, 3
1994, 33, 38, 5
1995, 35, 37, 2
1996, 32, 36, 4
1997, 36, 49, 13
1998, 52, 70, 18
1999, 52, 70, 18
2000, 52, 72, 20
2001, 51, 71, 20
2002, 59, 82, 23
2003, 61, 86, 25
2004, 49, 60, 11
2005, 48, 60, 12
2006, 45, 54, 9
2007, 42, 53, 11
2008, 37, 50, 13
2009, 47, 66, 19
2010, 57, 81, 24
2011, 55, 79, 24
2012, 56, 80, 24
2013, 60, 84, 24
2014, 58, 81, 23
2015, 60, 83, 23
2016, 66, 109, 43
2017, 84, 154, 70
2018, 104, 206, 102
2019, 134, 313, 179
2020, 212, 655, 443
2021, 464, 1485, 1021
2022, 1029, 1496, 467
2023, 469, 542, 73
2024, 75, 116, 41
2025, 44, 55, 11
2026, 15, 15, 0
2027, 10, 10, 0
2028, 24, 26, 2
2029, 43, 48, 5
2030, 43, 55, 12
2031, 52, 77, 25
2032, 63, 109, 46
2033, 78, 126, 48
2034, 75, 134, 59
2035, 86, 167, 81
2036, 113, 232, 119
2037, 149, 380, 231
2038, 263, 895, 632
2039, 651, 1670, 1019
2040, 1024, 1236, 212
2041, 212, 275, 63
2042, 65, 110, 45
2043, 51, 66, 15
2044, 26, 33, 7
2045, 20, 21, 1
2046, 41, 52, 11
2047, 43, 48, 5
2048, 44, 57, 13
2049, 54, 83, 29
2050, 64, 89, 25
2051, 55, 74, 19
2052, 59, 87, 28
2053, 65, 97, 32
2054, 71, 116, 45
2055, 78, 130, 52
2056, 84, 148, 64
2057, 91, 160, 69
2058, 99, 188, 89
2059, 121, 251, 130
2060, 150, 372, 222
2061, 249, 788, 539
2062, 556, 1545, 989
2063, 990, 1323, 333
2064, 333, 414, 81
2065, 83, 138, 55
2066, 58, 82, 24
2067, 30, 33, 3
2068, 16, 16, 0
2069, 33, 37, 4
2070, 33, 42, 9
2071, 40, 50, 10
2072, 39, 47, 8
2073, 49, 68, 19
2074, 58, 89, 31
2075, 60, 90, 30
2076, 62, 88, 26
2077, 61, 89, 28
2078, 49, 66, 17
2079, 56, 71, 15
2080, 37, 41, 4
2081, 42, 55, 13
2082, 45, 58, 13
2083, 45, 53, 8
2084, 31, 39, 8
2085, 41, 53, 12
2086, 45, 60, 15
2087, 44, 55, 11
2088, 38, 46, 8
2089, 37, 42, 5
2090, 47, 58, 11
2091, 33, 38, 5
2092, 35, 40, 5
2093, 42, 48, 6
2094, 43, 58, 15
2095, 42, 48, 6
2096, 49, 70, 21
2097, 56, 77, 21
2098, 44, 56, 12
2099, 55, 86, 31
2100, 66, 96, 30
2101, 57, 81, 24
2102, 49, 64, 15
2103, 46, 57, 11
2104, 38, 43, 5
2105, 37, 44, 7
2106, 35, 42, 7
2107, 46, 56, 10
2108, 48, 62, 14
2109, 42, 57, 15
2110, 50, 66, 16
2111, 52, 75, 23
2112, 54, 80, 26
2113, 54, 78, 24
2114, 50, 65, 15
2115, 51, 74, 23
2116, 51, 69, 18
2117, 53, 70, 17
2118, 59, 87, 28
2119, 64, 95, 31
2120, 61, 85, 24
2121, 61, 92, 31
2122, 63, 94, 31
2123, 53, 72, 19
2124, 47, 60, 13
2125, 46, 53, 7
2126, 38, 44, 6
2127, 50, 59, 9
2128, 45, 54, 9
2129, 42, 54, 12
2130, 54, 80, 26
2131, 64, 102, 38
2132, 71, 109, 38
2133, 74, 115, 41
2134, 78, 121, 43
2135, 76, 120, 44
2136, 86, 165, 79
2137, 117, 240, 123
2138, 155, 398, 243
2139, 267, 907, 640
2140, 654, 1666, 1012
2141, 1016, 1221, 205
2142, 208, 257, 49
2143, 50, 65, 15
2144, 19, 19, 0
2145, 3, 3, 0
2146, 21, 23, 2
2147, 30, 33, 3
2148, 32, 37, 5
2149, 39, 53, 14
2150, 44, 60, 16
2151, 54, 76, 22
2152, 53, 78, 25
2153, 64, 96, 32
2154, 54, 76, 22
2155, 50, 63, 13
2156, 51, 75, 24
2157, 67, 114, 47
2158, 78, 134, 56
2159, 83, 136, 53
2160, 81, 129, 48
2161, 75, 124, 49
2162, 87, 163, 76
2163, 109, 220, 111
2164, 158, 405, 247
2165, 271, 886, 615
2166, 630, 1659, 1029
2167, 1032, 1241, 209
2168, 209, 265, 56
2169, 59, 77, 18
2170, 24, 26, 2
2171, 8, 8, 0
2172, 21, 23, 2
2173, 36, 45, 9
2174, 41, 53, 12
2175, 45, 59, 14
2176, 52, 66, 14
2177, 44, 52, 8
2178, 47, 56, 9
2179, 47, 68, 21
2180, 63, 96, 33
2181, 63, 93, 30
2182, 55, 75, 20
2183, 45, 53, 8
2184, 36, 43, 7
2185, 39, 48, 9
2186, 40, 50, 10
2187, 37, 44, 7
2188, 35, 43, 8
2189, 49, 75, 26
2190, 57, 81, 24
2191, 63, 91, 28
2192, 63, 92, 29
2193, 55, 77, 22
2194, 56, 81, 25
2195, 64, 96, 32
2196, 69, 108, 39
2197, 76, 135, 59
2198, 88, 170, 82
2199, 115, 243, 128
2200, 161, 430, 269
2201, 292, 1014, 722
2202, 735, 1707, 972
2203, 973, 1107, 134
2204, 135, 193, 58
2205, 60, 86, 26
2206, 32, 33, 1
2207, 6, 6, 0
2208, 21, 21, 0
2209, 35, 40, 5
2210, 50, 67, 17
2211, 53, 74, 21
2212, 60, 83, 23
2213, 51, 76, 25
2214, 54, 71, 17
2215, 58, 83, 25
2216, 52, 73, 21
2217, 51, 70, 19
2218, 41, 51, 10
2219, 48, 63, 15
2220, 44, 53, 9
2221, 37, 46, 9
2222, 38, 48, 10
2223, 47, 64, 17
2224, 60, 81, 21
2225, 55, 77, 22
2226, 46, 62, 16
2227, 51, 60, 9
2228, 47, 61, 14
2229, 51, 62, 11
2230, 53, 76, 23
2231, 60, 96, 36
2232, 59, 77, 18
2233, 50, 64, 14
2234, 42, 56, 14
2235, 61, 88, 27
2236, 71, 118, 47
2237, 88, 150, 62
2238, 91, 163, 72
2239, 97, 182, 85
2240, 111, 231, 120
2241, 138, 324, 186
2242, 206, 603, 397
2243, 419, 1356, 937
2244, 943, 1517, 574
2245, 577, 673, 96
2246, 96, 165, 69
2247, 70, 103, 33
2248, 38, 42, 4
2249, 17, 17, 0
2250, 29, 34, 5
2251, 40, 48, 8
2252, 44, 52, 8
2253, 39, 41, 2
2254, 36, 43, 7
2255, 42, 53, 11
2256, 44, 63, 19
2257, 56, 71, 15
2258, 48, 62, 14
2259, 41, 46, 5
2260, 33, 37, 4
2261, 38, 47, 9
2262, 43, 53, 10
2263, 43, 61, 18
2264, 53, 71, 18
2265, 46, 65, 19
2266, 43, 58, 15
2267, 50, 70, 20
2268, 42, 54, 12
2269, 52, 75, 23
2270, 56, 84, 28
2271, 62, 97, 35
2272, 72, 106, 34
2273, 60, 83, 23
2274, 53, 72, 19
2275, 53, 74, 21
2276, 53, 77, 24
2277, 52, 72, 20
2278, 47, 59, 12
2279, 45, 53, 8
2280, 42, 48, 6
2281, 33, 41, 8
2282, 36, 45, 9
2283, 48, 68, 20
2284, 46, 62, 16
2285, 50, 66, 16
2286, 50, 65, 15
2287, 36, 47, 11
2288, 44, 54, 10
2289, 43, 50, 7
2290, 42, 50, 8
2291, 39, 49, 10
2292, 46, 56, 10
2293, 32, 37, 5
2294, 43, 56, 13
2295, 56, 77, 21
2296, 57, 82, 25
2297, 68, 106, 38
2298, 75, 123, 48
2299, 76, 123, 47
2300, 80, 127, 47
2301, 85, 163, 78
2302, 108, 224, 116
2303, 141, 349, 208
2304, 239, 773, 534
2305, 553, 1611, 1058
2306, 1060, 1372, 312
2307, 313, 373, 60
2308, 62, 102, 40
2309, 44, 51, 7
2310, 11, 11, 0
2311, 11, 11, 0
2312, 28, 28, 0
2313, 36, 40, 4
2314, 46, 65, 19
2315, 56, 81, 25
2316, 58, 79, 21
2317, 63, 96, 33
2318, 69, 112, 43
2319, 78, 133, 55
2320, 90, 157, 67
2321, 107, 218, 111
2322, 141, 337, 196
2323, 227, 705, 478
2324, 511, 1556, 1045
2325, 1049, 1423, 374
2326, 374, 445, 71
2327, 72, 108, 36
2328, 41, 49, 8
2329, 12, 12, 0
2330, 13, 13, 0
2331, 30, 35, 5
2332, 54, 72, 18
2333, 47, 63, 16
2334, 56, 81, 25
2335, 59, 83, 24
2336, 53, 72, 19
2337, 58, 86, 28
2338, 53, 65, 12
2339, 42, 53, 11
2340, 40, 45, 5
2341, 48, 68, 20
2342, 62, 91, 29
2343, 55, 75, 20
2344, 48, 59, 11
2345, 38, 47, 9
2346, 49, 63, 14
2347, 53, 75, 22
2348, 68, 107, 39
2349, 65, 95, 30
2350, 65, 98, 33
2351, 63, 99, 36
2352, 69, 118, 49
2353, 70, 108, 38
2354, 63, 95, 32
2355, 66, 109, 43
2356, 76, 119, 43
2357, 80, 137, 57
2358, 87, 151, 64
2359, 90, 181, 91
2360, 117, 260, 143
2361, 173, 485, 312
2362, 340, 1168, 828
2363, 840, 1662, 822
2364, 822, 940, 118
2365, 122, 184, 62
2366, 65, 92, 27
2367, 33, 38, 5
2368, 11, 11, 0
2369, 27, 31, 4
2370, 34, 39, 5
2371, 34, 38, 4
2372, 37, 44, 7
2373, 53, 70, 17
2374, 63, 91, 28
2375, 65, 89, 24
2376, 71, 115, 44
2377, 77, 124, 47
2378, 73, 113, 40
2379, 73, 120, 47
2380, 79, 126, 47
2381, 74, 116, 42
2382, 73, 108, 35
2383, 62, 92, 30
2384, 61, 92, 31
2385, 54, 74, 20
2386, 50, 64, 14
2387, 52, 68, 16
2388, 48, 61, 13
2389, 44, 55, 11
2390, 50, 63, 13
2391, 36, 42, 6
2392, 36, 39, 3
2393, 29, 31, 2
2394, 43, 58, 15
2395, 34, 41, 7
2396, 45, 56, 11
2397, 37, 51, 14
2398, 47, 66, 19
2399, 50, 65, 15
2400, 43, 52, 9
2401, 50, 67, 17
2402, 42, 51, 9
2403, 40, 47, 7
2404, 39, 49, 10
2405, 44, 53, 9
2406, 36, 44, 8
2407, 42, 49, 7
2408, 44, 58, 14
2409, 51, 75, 24
2410, 57, 76, 19
2411, 58, 89, 31
2412, 63, 94, 31
2413, 59, 84, 25
2414, 56, 78, 22
2415, 52, 72, 20
2416, 59, 94, 35
2417, 60, 93, 33
2418, 74, 120, 46
2419, 77, 131, 54
2420, 90, 164, 74
2421, 101, 196, 95
2422, 130, 299, 169
2423, 200, 599, 399
2424, 413, 1362, 949
2425, 955, 1551, 596
2426, 598, 694, 96
2427, 99, 160, 61
2428, 63, 88, 25
2429, 32, 35, 3
2430, 19, 19, 0
2431, 22, 25, 3
2432, 30, 36, 6
2433, 45, 59, 14
2434, 52, 82, 30
2435, 66, 109, 43
2436, 87, 165, 78
2437, 115, 242, 127
2438, 163, 436, 273
2439, 293, 1020, 727
2440, 743, 1717, 974
2441, 975, 1097, 122
2442, 122, 168, 46
2443, 47, 61, 14
2444, 16, 16, 0
2445, 5, 5, 0
2446, 22, 22, 0
2447, 29, 32, 3
2448, 33, 41, 8
2449, 43, 57, 14
2450, 51, 67, 16
2451, 51, 70, 19
2452, 48, 61, 13
2453, 48, 66, 18
2454, 56, 81, 25
2455, 50, 67, 17
2456, 42, 50, 8
2457, 43, 55, 12
2458, 38, 45, 7
2459, 32, 38, 6
2460, 55, 85, 30
2461, 60, 93, 33
2462, 63, 84, 21
2463, 72, 115, 43
2464, 66, 107, 41
2465, 64, 98, 34
2466, 70, 117, 47
2467, 79, 125, 46
2468, 81, 141, 60
2469, 90, 155, 65
2470, 110, 225, 115
2471, 148, 365, 217
2472, 245, 797, 552
2473, 579, 1668, 1089
2474, 1098, 1327, 229
2475, 230, 293, 63
2476, 67, 95, 28
2477, 29, 32, 3
2478, 7, 7, 0
2479, 15, 17, 2
2480, 21, 22, 1
2481, 42, 52, 10
2482, 46, 56, 10
2483, 40, 51, 11
2484, 44, 54, 10
2485, 42, 57, 15
2486, 54, 74, 20
2487, 49, 62, 13
2488, 52, 68, 16
2489, 52, 72, 20
2490, 58, 85, 27
2491, 64, 92, 28
2492, 66, 102, 36
2493, 71, 114, 43
2494, 81, 136, 55
2495, 87, 158, 71
2496, 119, 251, 132
2497, 154, 403, 249
2498, 273, 903, 630
2499, 643, 1663, 1020
2500, 1023, 1223, 200
2501, 201, 263, 62
2502, 62, 89, 27
2503, 31, 35, 4
2504, 18, 18, 0
2505, 19, 20, 1
2506, 38, 49, 11
2507, 43, 53, 10
2508, 55, 80, 25
2509, 62, 93, 31
2510, 70, 122, 52
2511, 90, 157, 67
2512, 96, 189, 93
2513, 123, 270, 147
2514, 167, 464, 297
2515, 323, 1101, 778
2516, 789, 1646, 857
2517, 859, 997, 138
2518, 141, 206, 65
2519, 69, 112, 43
2520, 45, 52, 7
2521, 16, 17, 1
2522, 23, 25, 2
2523, 38, 40, 2
2524, 30, 37, 7
2525, 47, 55, 8
2526, 39, 49, 10
2527, 38, 47, 9
2528, 43, 54, 11
2529, 43, 52, 9
2530, 30, 34, 4
2531, 31, 36, 5
2532, 37, 43, 6
2533, 46, 59, 13
2534, 46, 59, 13
2535, 46, 62, 16
2536, 48, 64, 16
2537, 44, 56, 12
2538, 40, 47, 7
2539, 54, 79, 25
2540, 60, 92, 32
2541, 68, 97, 29
2542, 59, 86, 27
2543, 64, 98, 34
2544, 66, 106, 40
2545, 75, 131, 56
2546, 74, 120, 46
2547, 70, 116, 46
2548, 85, 144, 59
2549, 91, 148, 57
2550, 93, 192, 99
2551, 122, 269, 147
2552, 175, 500, 325
2553, 356, 1210, 854
2554, 866, 1635, 769
2555, 770, 883, 113
2556, 114, 172, 58
2557, 60, 91, 31
2558, 38, 44, 6
2559, 21, 22, 1
2560, 25, 28, 3
2561, 38, 45, 7
2562, 46, 61, 15
2563, 57, 83, 26
2564, 71, 115, 44
2565, 81, 149, 68
2566, 97, 196, 99
2567, 129, 311, 182
2568, 206, 634, 428
2569, 451, 1452, 1001
2570, 1006, 1532, 526
2571, 526, 599, 73
2572, 74, 125, 51
2573, 53, 74, 21
2574, 23, 25, 2
2575, 20, 21, 1
2576, 32, 38, 6
2577, 39, 51, 12
2578, 42, 49, 7
2579, 38, 42, 4
2580, 34, 43, 9
2581, 49, 68, 19
2582, 55, 77, 22
2583, 58, 82, 24
2584, 57, 83, 26
2585, 53, 77, 24
2586, 58, 78, 20
2587, 40, 55, 15
2588, 45, 56, 11
2589, 35, 38, 3
2590, 29, 29, 0
2591, 37, 46, 9
2592, 47, 62, 15
2593, 46, 63, 17
2594, 53, 73, 20
2595, 65, 96, 31
2596, 63, 103, 40
2597, 71, 116, 45
2598, 83, 142, 59
2599, 93, 174, 81
2600, 107, 225, 118
2601, 145, 358, 213
2602, 237, 738, 501
2603, 521, 1559, 1038
2604, 1045, 1396, 351
2605, 355, 433, 78
2606, 79, 125, 46
2607, 48, 60, 12
2608, 20, 21, 1
2609, 13, 13, 0
2610, 31, 34, 3
2611, 37, 46, 9
2612, 50, 65, 15
2613, 51, 70, 19
2614, 57, 85, 28
2615, 62, 88, 26
2616, 57, 77, 20
2617, 54, 76, 22
2618, 44, 52, 8
2619, 38, 48, 10
2620, 29, 34, 5
2621, 40, 47, 7
2622, 33, 40, 7
2623, 51, 67, 16
2624, 51, 67, 16
2625, 56, 72, 16
2626, 44, 60, 16
2627, 55, 81, 26
2628, 60, 84, 24
2629, 54, 82, 28
2630, 63, 95, 32
2631, 65, 92, 27
2632, 69, 107, 38
2633, 76, 127, 51
2634, 91, 170, 79
2635, 107, 217, 110
2636, 152, 381, 229
2637, 254, 849, 595
2638, 614, 1670, 1056
2639, 1058, 1281, 223
2640, 223, 279, 56
2641, 56, 76, 20
2642, 24, 26, 2
2643, 8, 8, 0
2644, 14, 15, 1
2645, 25, 29, 4
2646, 38, 53, 15
2647, 40, 45, 5
2648, 39, 49, 10
2649, 37, 45, 8
2650, 49, 67, 18
2651, 47, 63, 16
2652, 58, 82, 24
2653, 62, 89, 27
2654, 63, 93, 30
2655, 68, 100, 32
2656, 55, 77, 22
2657, 50, 65, 15
2658, 45, 62, 17
2659, 54, 78, 24
2660, 60, 87, 27
2661, 63, 94, 31
2662, 66, 91, 25
2663, 61, 93, 32
2664, 63, 90, 27
2665, 58, 80, 22
2666, 54, 76, 22
2667, 60, 84, 24
2668, 63, 90, 27
2669, 72, 121, 49
2670, 84, 146, 62
2671, 101, 204, 103
2672, 137, 319, 182
2673, 203, 626, 423
2674, 442, 1444, 1002
2675, 1014, 1526, 512
2676, 513, 595, 82
2677, 83, 136, 53
2678, 54, 70, 16
2679, 18, 19, 1
2680, 17, 18, 1
2681, 36, 40, 4
2682, 42, 54, 12
2683, 48, 67, 19
2684, 48, 61, 13
2685, 44, 63, 19
2686, 39, 46, 7
2687, 42, 48, 6
2688, 42, 54, 12
2689, 45, 60, 15
2690, 56, 86, 30
2691, 70, 107, 37
2692, 70, 114, 44
2693, 82, 141, 59
2694, 91, 163, 72
2695, 97, 172, 75
2696, 112, 246, 134
2697, 160, 416, 256
2698, 291, 967, 676
2699, 689, 1667, 978
2700, 979, 1149, 170
2701, 172, 247, 75
2702, 77, 108, 31
2703, 33, 36, 3
2704, 17, 17, 0
2705, 15, 15, 0
2706, 32, 34, 2
2707, 33, 39, 6
2708, 43, 57, 14
2709, 44, 56, 12
2710, 39, 48, 9
2711, 39, 54, 15
2712, 51, 62, 11
2713, 55, 76, 21
2714, 65, 97, 32
2715, 68, 109, 41
2716, 76, 132, 56
2717, 89, 169, 80
2718, 103, 201, 98
2719, 125, 263, 138
2720, 167, 424, 257
2721, 288, 960, 672
2722, 686, 1639, 953
2723, 953, 1131, 178
2724, 179, 259, 80
2725, 82, 131, 49
2726, 53, 68, 15
2727, 24, 24, 0
2728, 15, 15, 0
2729, 31, 38, 7
2730, 42, 49, 7
2731, 35, 37, 2
2732, 34, 42, 8
2733, 47, 56, 9
2734, 44, 54, 10
2735, 40, 49, 9
2736, 40, 52, 12
2737, 38, 44, 6
2738, 42, 56, 14
2739, 55, 69, 14
2740, 48, 65, 17
2741, 51, 72, 21
2742, 51, 69, 18
2743, 50, 70, 20
2744, 50, 66, 16
2745, 51, 70, 19
2746, 60, 94, 34
2747, 69, 102, 33
2748, 69, 116, 47
2749, 85, 153, 68
2750, 97, 171, 74
2751, 103, 212, 109
2752, 139, 319, 180
2753, 197, 582, 385
2754, 410, 1331, 921
2755, 932, 1540, 608
2756, 608, 713, 105
2757, 108, 169, 61
2758, 62, 98, 36
2759, 42, 49, 7
2760, 17, 18, 1
2761, 24, 24, 0
2762, 39, 47, 8
2763, 42, 50, 8
2764, 43, 58, 15
2765, 45, 53, 8
2766, 36, 42, 6
2767, 48, 63, 15
2768, 58, 83, 25
2769, 57, 86, 29
2770, 60, 85, 25
2771, 62, 89, 27
2772, 54, 72, 18
2773, 53, 72, 19
2774, 58, 79, 21
2775, 53, 72, 19
2776, 47, 57, 10
2777, 40, 46, 6
2778, 45, 57, 12
2779, 60, 84, 24
2780, 53, 73, 20
2781, 58, 82, 24
2782, 66, 96, 30
2783, 66, 94, 28
2784, 66, 102, 36
2785, 68, 109, 41
2786, 65, 96, 31
2787, 63, 95, 32
2788, 77, 132, 55
2789, 87, 153, 66
2790, 96, 190, 94
2791, 135, 319, 184
2792, 214, 647, 433
2793, 459, 1508, 1049
2794, 1056, 1505, 449
2795, 450, 527, 77
2796, 78, 118, 40
2797, 42, 51, 9
2798, 16, 16, 0
2799, 24, 26, 2
2800, 27, 30, 3
2801, 32, 39, 7
2802, 44, 56, 12
2803, 52, 77, 25
2804, 63, 102, 39
2805, 80, 139, 59
2806, 93, 170, 77
2807, 115, 253, 138
2808, 180, 525, 345
2809, 365, 1251, 886
2810, 897, 1652, 755
2811, 755, 846, 91
2812, 93, 146, 53
2813, 57, 72, 15
2814, 19, 20, 1
2815, 14, 14, 0
2816, 33, 36, 3
2817, 44, 56, 12
2818, 50, 67, 17
2819, 57, 89, 32
2820, 64, 96, 32
2821, 64, 95, 31
2822, 66, 103, 37
2823, 68, 103, 35
2824, 68, 107, 39
2825, 65, 93, 28
2826, 58, 88, 30
2827, 64, 96, 32
2828, 54, 72, 18
2829, 49, 62, 13
2830, 45, 60, 15
2831, 48, 53, 5
2832, 43, 55, 12
2833, 35, 39, 4
2834, 27, 30, 3
2835, 37, 45, 8
2836, 38, 49, 11
2837, 47, 62, 15
2838, 42, 56, 14
2839, 55, 76, 21
2840, 53, 68, 15
2841, 42, 56, 14
2842, 41, 51, 10
2843, 42, 52, 10
2844, 46, 57, 11
2845, 41, 50, 9
2846, 44, 55, 11
2847, 39, 46, 7
2848, 45, 57, 12
2849, 54, 74, 20
2850, 55, 78, 23
2851, 53, 74, 21
2852, 64, 99, 35
2853, 76, 126, 50
2854, 77, 128, 51
2855, 90, 161, 71
2856, 109, 234, 125
2857, 160, 427, 267
2858, 283, 966, 683
2859, 700, 1696, 996
2860, 998, 1155, 157
2861, 161, 217, 56
2862, 60, 83, 23
2863, 26, 27, 1
2864, 3, 3, 0
2865, 19, 20, 1
2866, 22, 23, 1
2867, 38, 46, 8
2868, 49, 71, 22
2869, 55, 77, 22
2870, 45, 53, 8
2871, 42, 52, 10
2872, 55, 78, 23
2873, 63, 92, 29
2874, 61, 96, 35
2875, 72, 119, 47
2876, 77, 133, 56
2877, 91, 164, 73
2878, 100, 197, 97
2879, 130, 301, 171
2880, 192, 568, 376
2881, 400, 1339, 939
2882, 950, 1578, 628
2883, 630, 726, 96
2884, 97, 165, 68
2885, 68, 104, 36
2886, 42, 50, 8
2887, 17, 17, 0
2888, 23, 25, 2
2889, 26, 27, 1
2890, 33, 37, 4
2891, 42, 52, 10
2892, 37, 45, 8
2893, 44, 60, 16
2894, 50, 70, 20
2895, 54, 72, 18
2896, 54, 83, 29
2897, 58, 77, 19
2898, 49, 60, 11
2899, 40, 49, 9
2900, 43, 58, 15
2901, 35, 38, 3
2902, 38, 44, 6
2903, 38, 46, 8
2904, 39, 46, 7
2905, 52, 65, 13
2906, 57, 90, 33
2907, 62, 90, 28
2908, 54, 71, 17
2909, 43, 53, 10
2910, 49, 67, 18
2911, 53, 74, 21
2912, 51, 77, 26
2913, 63, 82, 19
2914, 45, 58, 13
2915, 45, 56, 11
2916, 36, 40, 4
2917, 47, 59, 12
2918, 44, 56, 12
2919, 40, 52, 12
2920, 48, 60, 12
2921, 45, 53, 8
2922, 45, 62, 17
2923, 63, 99, 36
2924, 82, 146, 64
2925, 105, 214, 109
2926, 143, 383, 240
2927, 261, 889, 628
2928, 647, 1723, 1076
2929, 1078, 1262, 184
2930, 186, 228, 42
2931, 45, 59, 14
2932, 17, 19, 2
2933, 9, 9, 0
2934, 13, 13, 0
2935, 29, 32, 3
2936, 44, 59, 15
2937, 48, 63, 15
2938, 59, 94, 35
2939, 59, 87, 28
2940, 56, 80, 24
2941, 52, 65, 13
2942, 42, 56, 14
2943, 51, 71, 20
2944, 49, 70, 21
2945, 50, 61, 11
2946, 44, 56, 12
2947, 45, 54, 9
2948, 41, 54, 13
2949, 46, 64, 18
2950, 54, 71, 17
2951, 45, 54, 9
2952, 60, 86, 26
2953, 52, 71, 19
2954, 53, 75, 22
2955, 65, 104, 39
2956, 66, 94, 28
2957, 61, 93, 32
2958, 66, 102, 36
2959, 62, 91, 29
2960, 53, 65, 12
2961, 48, 63, 15
2962, 48, 64, 16
2963, 47, 57, 10
2964, 45, 61, 16
2965, 54, 72, 18
2966, 54, 74, 20
2967, 55, 77, 22
2968, 46, 54, 8
2969, 42, 52, 10
2970, 54, 73, 19
2971, 49, 69, 20
2972, 52, 69, 17
2973, 52, 67, 15
2974, 41, 53, 12
2975, 49, 62, 13
2976, 52, 70, 18
2977, 53, 77, 24
2978, 59, 85, 26
2979, 46, 55, 9
2980, 43, 53, 10
2981, 45, 60, 15
2982, 52, 71, 19
2983, 50, 68, 18
2984, 49, 64, 15
2985, 50, 66, 16
2986, 41, 53, 12
2987, 38, 44, 6
2988, 44, 63, 19
2989, 55, 82, 27
2990, 60, 90, 30
2991, 69, 107, 38
2992, 66, 100, 34
2993, 68, 104, 36
2994, 62, 95, 33
2995, 57, 79, 22
2996, 60, 87, 27
2997, 63, 86, 23
2998, 54, 77, 23
2999, 51, 72, 21
3000, 51, 76, 25
3001, 65, 104, 39
3002, 77, 121, 44
3003, 77, 126, 49
3004, 78, 130, 52
3005, 95, 181, 86
3006, 111, 237, 126
3007, 156, 400, 244
3008, 266, 909, 643
3009, 670, 1679, 1009
3010, 1010, 1202, 192
3011, 193, 249, 56
3012, 61, 91, 30
3013, 33, 39, 6
3014, 11, 11, 0
3015, 18, 18, 0
3016, 18, 18, 0
3017, 30, 33, 3
3018, 48, 62, 14
3019, 52, 69, 17
3020, 51, 70, 19
3021, 51, 73, 22
3022, 52, 74, 22
3023, 59, 88, 29
3024, 59, 77, 18
3025, 44, 57, 13
3026, 57, 78, 21
3027, 52, 79, 27
3028, 65, 102, 37
3029, 76, 121, 45
3030, 71, 102, 31
3031, 60, 76, 16
3032, 53, 75, 22
3033, 48, 65, 17
3034, 59, 82, 23
3035, 53, 72, 19
3036, 59, 88, 29
3037, 64, 99, 35
3038, 77, 135, 58
3039, 91, 164, 73
3040, 100, 187, 87
3041, 111, 238, 127
3042, 160, 425, 265
3043, 298, 1006, 708
3044, 718, 1682, 964
3045, 964, 1111, 147
3046, 150, 223, 73
3047, 75, 119, 44
3048, 48, 57, 9
3049, 17, 17, 0
3050, 20, 20, 0
3051, 37, 47, 10
3052, 44, 57, 13
3053, 45, 56, 11
3054, 48, 70, 22
3055, 49, 65, 16
3056, 57, 80, 23
3057, 53, 78, 25
3058, 63, 93, 30
3059, 59, 88, 29
3060, 66, 102, 36
3061, 78, 128, 50
3062, 78, 120, 42
3063, 72, 123, 51
3064, 77, 135, 58
3065, 89, 158, 69
3066, 104, 198, 94
3067, 129, 279, 150
3068, 181, 514, 333
3069, 352, 1197, 845
3070, 856, 1615, 759
3071, 761, 877, 116
3072, 117, 182, 65
3073, 66, 97, 31
3074, 32, 35, 3
3075, 11, 11, 0
3076, 21, 21, 0
3077, 31, 35, 4
3078, 39, 47, 8
3079, 35, 40, 5
3080, 54, 76, 22
3081, 58, 87, 29
3082, 54, 74, 20
3083, 58, 78, 20
3084, 57, 82, 25
3085, 53, 74, 21
3086, 60, 81, 21
3087, 46, 55, 9
3088, 40, 54, 14
3089, 38, 45, 7
3090, 49, 67, 18
3091, 58, 88, 30
3092, 59, 86, 27
3093, 56, 82, 26
3094, 61, 90, 29
3095, 70, 108, 38
3096, 73, 120, 47
3097, 78, 137, 59
3098, 92, 167, 75
3099, 98, 185, 87
3100, 119, 260, 141
3101, 176, 487, 311
3102, 342, 1143, 801
3103, 813, 1643, 830
3104, 832, 950, 118
3105, 118, 190, 72
3106, 74, 119, 45
3107, 51, 73, 22
3108, 28, 31, 3
3109, 16, 17, 1
3110, 35, 40, 5
3111, 43, 56, 13
3112, 48, 61, 13
3113, 51, 75, 24
3114, 52, 62, 10
3115, 36, 39, 3
3116, 42, 54, 12
3117, 42, 51, 9
3118, 46, 63, 17
3119, 49, 65, 16
3120, 50, 67, 17
3121, 52, 76, 24
3122, 61, 88, 27
3123, 56, 82, 26
3124, 73, 118, 45
3125, 74, 127, 53
3126, 82, 141, 59
3127, 88, 157, 69
3128, 109, 249, 140
3129, 164, 461, 297
3130, 324, 1130, 806
3131, 822, 1702, 880
3132, 881, 991, 110
3133, 110, 166, 56
3134, 58, 74, 16
3135, 19, 20, 1
3136, 8, 8, 0
3137, 20, 22, 2
3138, 34, 38, 4
3139, 50, 71, 21
3140, 51, 62, 11
3141, 50, 62, 12
3142, 39, 49, 10
3143, 36, 43, 7
3144, 37, 48, 11
3145, 49, 63, 14
3146, 41, 52, 11
3147, 58, 91, 33
3148, 70, 126, 56
3149, 91, 172, 81
3150, 112, 233, 121
3151, 151, 398, 247
3152, 269, 936, 667
3153, 687, 1706, 1019
3154, 1021, 1189, 168
3155, 169, 227, 58
3156, 62, 95, 33
3157, 37, 43, 6
3158, 14, 14, 0
3159, 14, 15, 1
3160, 39, 49, 10
3161, 47, 63, 16
3162, 55, 79, 24
3163, 61, 99, 38
3164, 74, 129, 55
3165, 89, 169, 80
3166, 112, 253, 141
3167, 172, 467, 295
3168, 317, 1106, 789
3169, 799, 1703, 904
3170, 904, 1009, 105
3171, 107, 161, 54
3172, 57, 78, 21
3173, 24, 27, 3
3174, 13, 13, 0
3175, 20, 20, 0
3176, 35, 46, 11
3177, 38, 44, 6
3178, 41, 54, 13
3179, 46, 58, 12
3180, 45, 66, 21
3181, 64, 101, 37
3182, 68, 107, 39
3183, 80, 129, 49
3184, 96, 178, 82
3185, 108, 222, 114
3186, 137, 329, 192
3187, 209, 632, 423
3188, 443, 1422, 979
3189, 985, 1500, 515
3190, 518, 608, 90
3191, 93, 147, 54
3192, 58, 74, 16
3193, 21, 24, 3
3194, 16, 18, 2
3195, 32, 35, 3
3196, 38, 42, 4
3197, 29, 33, 4
3198, 44, 55, 11
3199, 43, 53, 10
3200, 47, 62, 15
3201, 51, 64, 13
3202, 52, 71, 19
3203, 53, 79, 26
3204, 60, 89, 29
3205, 66, 103, 37
3206, 77, 128, 51
3207, 77, 118, 41
3208, 78, 131, 53
3209, 76, 124, 48
3210, 77, 129, 52
3211, 87, 166, 79
3212, 115, 239, 124
3213, 150, 374, 224
3214, 248, 813, 565
3215, 574, 1617, 1043
3216, 1046, 1322, 276
3217, 276, 346, 70
3218, 74, 119, 45
3219, 45, 60, 15
3220, 24, 26, 2
3221, 22, 22, 0
3222, 25, 30, 5
3223, 42, 52, 10
3224, 42, 49, 7
3225, 47, 63, 16
3226, 49, 64, 15
3227, 56, 80, 24
3228, 58, 81, 23
3229, 58, 86, 28
3230, 65, 104, 39
3231, 67, 98, 31
3232, 60, 89, 29
3233, 61, 79, 18
3234, 52, 71, 19
3235, 46, 53, 7
3236, 41, 49, 8
3237, 37, 42, 5
3238, 33, 37, 4
3239, 26, 29, 3
3240, 26, 29, 3
3241, 40, 52, 12
3242, 44, 56, 12
3243, 43, 55, 12
3244, 51, 66, 15
3245, 51, 59, 8
3246, 39, 47, 8
3247, 42, 55, 13
3248, 54, 75, 21
3249, 41, 53, 12
3250, 48, 56, 8
3251, 45, 59, 14
3252, 44, 51, 7
3253, 54, 68, 14
3254, 49, 60, 11
3255, 50, 70, 20
3256, 60, 96, 36
3257, 69, 111, 42
3258, 69, 103, 34
3259, 67, 104, 37
3260, 65, 94, 29
3261, 55, 75, 20
3262, 49, 66, 17
3263, 41, 51, 10
3264, 38, 44, 6
3265, 47, 56, 9
3266, 43, 61, 18
3267, 55, 73, 18
3268, 44, 61, 17
3269, 44, 58, 14
3270, 53, 81, 28
3271, 62, 84, 22
3272, 56, 88, 32
3273, 58, 76, 18
3274, 49, 61, 12
3275, 44, 59, 15
3276, 46, 57, 11
3277, 47, 64, 17
3278, 47, 58, 11
3279, 41, 49, 8
3280, 47, 66, 19
3281, 55, 77, 22
3282, 53, 72, 19
3283, 53, 69, 16
3284, 45, 62, 17
3285, 55, 74, 19
3286, 41, 51, 10
3287, 45, 58, 13
3288, 41, 48, 7
3289, 48, 62, 14
3290, 50, 74, 24
3291, 56, 82, 26
3292, 58, 79, 21
3293, 49, 68, 19
3294, 59, 87, 28
3295, 60, 88, 28
3296, 56, 82, 26
3297, 60, 85, 25
3298, 55, 74, 19
3299, 54, 77, 23
3300, 63, 94, 31
3301, 70, 106, 36
3302, 72, 116, 44
3303, 74, 115, 41
3304, 79, 133, 54
3305, 85, 145, 60
3306, 96, 177, 81
3307, 118, 251, 133
3308, 158, 414, 256
3309, 286, 965, 679
3310, 695, 1672, 977
3311, 978, 1147, 169
3312, 171, 234, 63
3313, 65, 102, 37
3314, 37, 40, 3
3315, 8, 8, 0
3316, 20, 21, 1
3317, 30, 34, 4
3318, 47, 58, 11
3319, 51, 78, 27
3320, 54, 78, 24
3321, 65, 103, 38
3322, 77, 135, 58
3323, 100, 192, 92
3324, 127, 292, 165
3325, 194, 571, 377
3326, 401, 1347, 946
3327, 960, 1587, 627
3328, 627, 715, 88
3329, 90, 143, 53
3330, 54, 69, 15
3331, 21, 21, 0
3332, 9, 9, 0
3333, 23, 27, 4
3334, 43, 51, 8
3335, 39, 48, 9
3336, 43, 62, 19
3337, 52, 67, 15
3338, 54, 71, 17
3339, 54, 76, 22
3340, 57, 83, 26
3341, 60, 102, 42
3342, 77, 129, 52
3343, 81, 147, 66
3344, 83, 143, 60
3345, 91, 168, 77
3346, 111, 227, 116
3347, 140, 337, 197
3348, 218, 660, 442
3349, 462, 1441, 979
3350, 987, 1471, 484
3351, 486, 577, 91
3352, 91, 161, 70
3353, 72, 107, 35
3354, 40, 49, 9
3355, 20, 21, 1
3356, 17, 21, 4
3357, 42, 47, 5
3358, 37, 44, 7
3359, 46, 57, 11
3360, 38, 49, 11
3361, 44, 55, 11
3362, 51, 69, 18
3363, 57, 86, 29
3364, 68, 112, 44
3365, 79, 139, 60
3366, 88, 162, 74
3367, 102, 187, 85
3368, 111, 239, 128
3369, 159, 431, 272
3370, 297, 1015, 718
3371, 729, 1677, 948
3372, 948, 1100, 152
3373, 153, 230, 77
3374, 79, 120, 41
3375, 44, 55, 11
3376, 20, 21, 1
3377, 22, 22, 0
3378, 46, 63, 17
3379, 44, 52, 8
3380, 49, 64, 15
3381, 51, 66, 15
3382, 52, 72, 20
3383, 54, 66, 12
3384, 50, 65, 15
3385, 53, 73, 20
3386, 57, 84, 27
3387, 51, 66, 15
3388, 56, 77, 21
3389, 56, 84, 28
3390, 61, 81, 20
3391, 54, 78, 24
3392, 63, 94, 31
3393, 63, 97, 34
3394, 66, 103, 37
3395, 72, 118, 46
3396, 81, 151, 70
3397, 104, 185, 81
3398, 122, 283, 161
3399, 180, 515, 335
3400, 360, 1223, 863
3401, 878, 1628, 750
3402, 752, 853, 101
3403, 104, 169, 65
3404, 67, 95, 28
3405, 32, 36, 4
3406, 11, 11, 0
3407, 23, 25, 2
3408, 38, 46, 8
3409, 36, 44, 8
3410, 38, 45, 7
3411, 39, 44, 5
3412, 51, 67, 16
3413, 51, 66, 15
3414, 44, 57, 13
3415, 52, 65, 13
3416, 54, 75, 21
3417, 55, 81, 26
3418, 58, 81, 23
3419, 40, 44, 4
3420, 34, 40, 6
3421, 39, 47, 8
3422, 40, 46, 6
3423, 42, 57, 15
3424, 46, 56, 10
3425, 47, 58, 11
3426, 47, 63, 16
3427, 45, 57, 12
3428, 48, 62, 14
3429, 46, 57, 11
3430, 43, 51, 8
3431, 46, 57, 11
3432, 40, 48, 8
3433, 50, 67, 17
3434, 64, 105, 41
3435, 70, 109, 39
3436, 67, 100, 33
3437, 75, 122, 47
3438, 83, 154, 71
3439, 109, 222, 113
3440, 148, 364, 216
3441, 238, 766, 528
3442, 550, 1601, 1051
3443, 1054, 1369, 315
3444, 316, 377, 61
3445, 65, 98, 33
3446, 35, 45, 10
3447, 13, 13, 0
3448, 16, 17, 1
3449, 38, 48, 10
3450, 41, 50, 9
3451, 42, 50, 8
3452, 41, 46, 5
3453, 43, 56, 13
3454, 39, 46, 7
3455, 43, 55, 12
3456, 50, 61, 11
3457, 57, 83, 26
3458, 66, 109, 43
3459, 75, 105, 30
3460, 66, 102, 36
3461, 65, 106, 41
3462, 69, 110, 41
3463, 78, 134, 56
3464, 85, 142, 57
3465, 95, 186, 91
3466, 116, 257, 141
3467, 166, 442, 276
3468, 300, 1038, 738
3469, 750, 1670, 920
3470, 923, 1071, 148
3471, 150, 206, 56
3472, 59, 81, 22
3473, 29, 30, 1
3474, 13, 13, 0
3475, 23, 24, 1
3476, 39, 48, 9
3477, 40, 53, 13
3478, 49, 61, 12
3479, 50, 67, 17
3480, 41, 51, 10
3481, 47, 57, 10
3482, 35, 40, 5
3483, 29, 31, 2
3484, 45, 56, 11
3485, 48, 65, 17
3486, 48, 65, 17
3487, 43, 55, 12
3488, 50, 72, 22
3489, 50, 76, 26
3490, 63, 94, 31
3491, 58, 92, 34
3492, 79, 141, 62
3493, 91, 156, 65
3494, 91, 168, 77
3495, 107, 221, 114
3496, 145, 357, 212
3497, 239, 763, 524
3498, 550, 1594, 1044
3499, 1048, 1366, 318
3500, 320, 395, 75
3501, 76, 120, 44
3502, 47, 65, 18
3503, 26, 27, 1
3504, 15, 16, 1
3505, 28, 32, 4
3506, 37, 48, 11
3507, 51, 75, 24
3508, 60, 95, 35
3509, 61, 98, 37
3510, 71, 122, 51
3511, 80, 134, 54
3512, 81, 130, 49
3513, 75, 120, 45
3514, 75, 112, 37
3515, 69, 112, 43
3516, 69, 104, 35
3517, 68, 97, 29
3518, 58, 75, 17
3519, 51, 71, 20
3520, 56, 77, 21
3521, 64, 90, 26
3522, 61, 85, 24
3523, 71, 110, 39
3524, 66, 96, 30
3525, 68, 104, 36
3526, 65, 96, 31
3527, 56, 83, 27
3528, 59, 88, 29
3529, 69, 104, 35
3530, 69, 107, 38
3531, 69, 115, 46
3532, 75, 126, 51
3533, 83, 140, 57
3534, 91, 165, 74
3535, 99, 179, 80
3536, 110, 226, 116
3537, 149, 356, 207
3538, 234, 756, 522
3539, 540, 1575, 1035
3540, 1038, 1365, 327
3541, 329, 416, 87
3542, 89, 149, 60
3543, 62, 85, 23
3544, 28, 31, 3
3545, 12, 12, 0
3546, 29, 34, 5
3547, 30, 33, 3
3548, 32, 33, 1
3549, 38, 49, 11
3550, 46, 65, 19
3551, 63, 99, 36
3552, 62, 83, 21
3553, 50, 64, 14
3554, 49, 63, 14
3555, 40, 47, 7
3556, 41, 53, 12
3557, 43, 53, 10
3558, 54, 74, 20
3559, 60, 86, 26
3560, 65, 96, 31
3561, 67, 103, 36
3562, 67, 109, 42
3563, 72, 120, 48
3564, 83, 155, 72
3565, 104, 216, 112
3566, 141, 365, 224
3567, 253, 845, 592
3568, 613, 1694, 1081
3569, 1085, 1304, 219
3570, 221, 275, 54
3571, 54, 78, 24
3572, 27, 29, 2
3573, 12, 12, 0
3574, 12, 13, 1
3575, 28, 31, 3
3576, 36, 41, 5
3577, 34, 37, 3
3578, 40, 50, 10
3579, 44, 51, 7
3580, 43, 52, 9
3581, 43, 53, 10
3582, 48, 64, 16
3583, 45, 62, 17
3584, 39, 43, 4
3585, 40, 51, 11
3586, 49, 63, 14
3587, 48, 69, 21
3588, 57, 79, 22
3589, 52, 63, 11
3590, 44, 57, 13
3591, 46, 60, 14
3592, 57, 76, 19
3593, 57, 87, 30
3594, 55, 76, 21
3595, 53, 66, 13
3596, 44, 58, 14
3597, 53, 72, 19
3598, 39, 42, 3
3599, 38, 39, 1
3600, 30, 36, 6
3601, 38, 45, 7
3602, 47, 62, 15
3603, 49, 63, 14
3604, 38, 43, 5
3605, 40, 47, 7
3606, 31, 39, 8
3607, 53, 71, 18
3608, 58, 81, 23
3609, 50, 68, 18
3610, 54, 73, 19
3611, 45, 62, 17
3612, 51, 67, 16
3613, 54, 71, 17
3614, 53, 72, 19
3615, 45, 56, 11
3616, 43, 51, 8
3617, 42, 48, 6
3618, 40, 46, 6
3619, 42, 50, 8
3620, 40, 45, 5
3621, 38, 46, 8
3622, 50, 74, 24
3623, 54, 81, 27
3624, 64, 98, 34
3625, 59, 81, 22
3626, 67, 103, 36
3627, 80, 126, 46
3628, 72, 121, 49
3629, 83, 134, 51
3630, 88, 144, 56
3631, 86, 157, 71
3632, 105, 210, 105
3633, 147, 377, 230
3634, 241, 780, 539
3635, 562, 1615, 1053
3636, 1059, 1355, 296
3637, 297, 368, 71
3638, 71, 109, 38
3639, 40, 48, 8
3640, 14, 16, 2
3641, 27, 28, 1
3642, 32, 37, 5
3643, 40, 44, 4
3644, 44, 66, 22
3645, 65, 98, 33
3646, 60, 93, 33
3647, 70, 114, 44
3648, 75, 133, 58
3649, 88, 146, 58
3650, 86, 137, 51
3651, 97, 183, 86
3652, 110, 224, 114
3653, 149, 388, 239
3654, 264, 875, 611
3655, 626, 1654, 1028
3656, 1030, 1251, 221
3657, 222, 288, 66
3658, 67, 102, 35
3659, 38, 46, 8
3660, 13, 13, 0
3661, 15, 16, 1
3662, 35, 45, 10
3663, 35, 38, 3
3664, 53, 71, 18
3665, 45, 58, 13
3666, 46, 60, 14
3667, 47, 56, 9
3668, 31, 39, 8
3669, 37, 45, 8
3670, 54, 67, 13
3671, 43, 52, 9
3672, 55, 76, 21
3673, 53, 71, 18
3674, 53, 72, 19
3675, 54, 76, 22
3676, 55, 83, 28
3677, 49, 68, 19
3678, 59, 90, 31
3679, 60, 87, 27
3680, 52, 77, 25
3681, 58, 84, 26
3682, 67, 107, 40
3683, 78, 129, 51
3684, 85, 146, 61
3685, 91, 167, 76
3686, 105, 211, 106
3687, 135, 329, 194
3688, 221, 685, 464
3689, 477, 1508, 1031
3690, 1038, 1467, 429
3691, 429, 510, 81
3692, 84, 139, 55
3693, 59, 81, 22
3694, 29, 34, 5
3695, 20, 21, 1
3696, 27, 28, 1
3697, 32, 38, 6
3698, 37, 43, 6
3699, 44, 61, 17
3700, 60, 80, 20
3701, 50, 67, 17
3702, 53, 70, 17
3703, 43, 51, 8
3704, 36, 42, 6
3705, 37, 43, 6
3706, 42, 49, 7
3707, 39, 49, 10
3708, 44, 55, 11
3709, 45, 64, 19
3710, 56, 85, 29
3711, 48, 58, 10
3712, 46, 56, 10
3713, 46, 60, 14
3714, 57, 81, 24
3715, 58, 84, 26
3716, 61, 94, 33
3717, 67, 116, 49
3718, 84, 149, 65
3719, 92, 172, 80
3720, 106, 209, 103
3721, 143, 352, 209
3722, 236, 741, 505
3723, 522, 1549, 1027
3724, 1030, 1400, 370
3725, 371, 450, 79
3726, 81, 139, 58
3727, 62, 96, 34
3728, 37, 41, 4
3729, 22, 24, 2
3730, 35, 43, 8
3731, 41, 50, 9
3732, 46, 60, 14
3733, 47, 68, 21
3734, 49, 65, 16
3735, 50, 65, 15
3736, 53, 73, 20
3737, 55, 71, 16
3738, 46, 61, 15
3739, 49, 59, 10
3740, 45, 62, 17
3741, 49, 57, 8
3742, 36, 42, 6
3743, 49, 63, 14
3744, 54, 63, 9
3745, 45, 60, 15
3746, 53, 69, 16
3747, 44, 54, 10
3748, 45, 59, 14
3749, 51, 66, 15
3750, 50, 65, 15
3751, 50, 57, 7
3752, 42, 54, 12
3753, 42, 51, 9
3754, 56, 76, 20
3755, 58, 78, 20
3756, 60, 89, 29
3757, 57, 82, 25
3758, 55, 78, 23
3759, 58, 83, 25
3760, 50, 65, 15
3761, 54, 65, 11
3762, 32, 38, 6
3763, 41, 51, 10
3764, 34, 41, 7
3765, 34, 40, 6
3766, 33, 38, 5
3767, 41, 51, 10
3768, 42, 58, 16
3769, 44, 58, 14
3770, 46, 60, 14
3771, 40, 49, 9
3772, 42, 51, 9
3773, 47, 61, 14
3774, 40, 49, 9
3775, 50, 64, 14
3776, 51, 70, 19
3777, 57, 88, 31
3778, 58, 89, 31
3779, 69, 106, 37
3780, 71, 108, 37
3781, 65, 94, 29
3782, 60, 85, 25
3783, 53, 67, 14
3784, 45, 62, 17
3785, 51, 69, 18
3786, 58, 77, 19
3787, 60, 86, 26
3788, 71, 122, 51
3789, 87, 143, 56
3790, 89, 160, 71
3791, 96, 189, 93
3792, 126, 275, 149
3793, 166, 458, 292
3794, 324, 1096, 772
3795, 787, 1665, 878
3796, 879, 1000, 121
3797, 122, 192, 70
3798, 71, 116, 45
3799, 48, 69, 21
3800, 25, 25, 0
3801, 23, 24, 1
3802, 32, 37, 5
3803, 35, 40, 5
3804, 35, 47, 12
3805, 54, 83, 29
3806, 63, 91, 28
3807, 53, 73, 20
3808, 49, 68, 19
3809, 50, 70, 20
3810, 49, 61, 12
3811, 48, 59, 11
3812, 43, 56, 13
3813, 51, 69, 18
3814, 43, 55, 12
3815, 37, 42, 5
3816, 35, 43, 8
3817, 43, 56, 13
3818, 50, 61, 11
3819, 48, 71, 23
3820, 45, 54, 9
3821, 38, 49, 11
3822, 60, 90, 30
3823, 64, 99, 35
3824, 62, 91, 29
3825, 50, 63, 13
3826, 42, 55, 13
3827, 38, 52, 14
3828, 46, 59, 13
3829, 49, 65, 16
3830, 61, 97, 36
3831, 76, 115, 39
3832, 75, 131, 56
3833, 86, 163, 77
3834, 107, 220, 113
3835, 140, 336, 196
3836, 215, 675, 460
3837, 490, 1546, 1056
3838, 1064, 1459, 395
3839, 397, 468, 71
3840, 74, 117, 43
3841, 46, 60, 14
3842, 17, 18, 1
3843, 16, 16, 0
3844, 30, 37, 7
3845, 41, 51, 10
3846, 40, 46, 6
3847, 43, 53, 10
3848, 45, 58, 13
3849, 45, 50, 5
3850, 38, 53, 15
3851, 59, 98, 39
3852, 71, 111, 40
3853, 76, 119, 43
3854, 76, 118, 42
3855, 66, 95, 29
3856, 60, 89, 29
3857, 64, 90, 26
3858, 63, 93, 30
3859, 71, 109, 38
3860, 60, 89, 29
3861, 62, 91, 29
3862, 67, 95, 28
3863, 65, 103, 38
3864, 68, 105, 37
3865, 70, 106, 36
3866, 68, 104, 36
3867, 62, 98, 36
3868, 71, 114, 43
3869, 68, 104, 36
3870, 61, 85, 24
3871, 46, 64, 18
3872, 47, 55, 8
3873, 55, 76, 21
3874, 45, 51, 6
3875, 36, 41, 5
3876, 40, 47, 7
3877, 40, 55, 15
3878, 51, 74, 23
3879, 64, 100, 36
3880, 66, 108, 42
3881, 82, 141, 59
3882, 89, 172, 83
3883, 118, 252, 134
3884, 159, 414, 255
3885, 287, 956, 669
3886, 682, 1656, 974
3887, 979, 1165, 186
3888, 190, 248, 58
3889, 60, 87, 27
3890, 33, 40, 7
3891, 12, 12, 0
3892, 21, 25, 4
3893, 36, 43, 7
3894, 33, 35, 2
3895, 41, 53, 12
3896, 46, 64, 18
3897, 52, 78, 26
3898, 61, 90, 29
3899, 50, 71, 21
3900, 63, 97, 34
3901, 65, 106, 41
3902, 79, 140, 61
3903, 86, 147, 61
3904, 98, 185, 87
3905, 117, 255, 138
3906, 176, 466, 290
3907, 316, 1068, 752
3908, 772, 1651, 879
3909, 880, 1020, 140
3910, 142, 199, 57
3911, 60, 80, 20
3912, 22, 23, 1
3913, 10, 10, 0
3914, 21, 21, 0
3915, 35, 40, 5
3916, 37, 43, 6
3917, 39, 45, 6
3918, 47, 66, 19
3919, 58, 94, 36
3920, 60, 88, 28
3921, 71, 118, 47
3922, 76, 127, 51
3923, 77, 129, 52
3924, 76, 128, 52
3925, 80, 130, 50
3926, 86, 148, 62
3927, 98, 195, 97
3928, 130, 291, 161
3929, 187, 534, 347
3930, 362, 1213, 851
3931, 860, 1609, 749
3932, 750, 862, 112
3933, 115, 177, 62
3934, 63, 95, 32
3935, 36, 40, 4
3936, 14, 15, 1
3937, 31, 33, 2
3938, 28, 32, 4
3939, 49, 70, 21
3940, 54, 74, 20
3941, 43, 56, 13
3942, 48, 59, 11
3943, 36, 43, 7
3944, 48, 60, 12
3945, 41, 47, 6
3946, 36, 48, 12
3947, 49, 61, 12
3948, 42, 57, 15
3949, 37, 39, 2
3950, 31, 34, 3
3951, 33, 40, 7
3952, 33, 36, 3
3953, 39, 56, 17
3954, 45, 61, 16
3955, 52, 69, 17
3956, 53, 69, 16
3957, 48, 63, 15
3958, 64, 104, 40
3959, 77, 127, 50
3960, 92, 175, 83
3961, 114, 251, 137
3962, 157, 411, 254
3963, 277, 921, 644
3964, 656, 1675, 1019
3965, 1019, 1202, 183
3966, 184, 238, 54
3967, 56, 74, 18
3968, 22, 23, 1
3969, 10, 11, 1
3970, 14, 14, 0
3971, 26, 28, 2
3972, 20, 21, 1
3973, 35, 40, 5
3974, 44, 53, 9
3975, 32, 37, 5
3976, 49, 61, 12
3977, 41, 49, 8
3978, 46, 72, 26
3979, 59, 84, 25
3980, 65, 96, 31
3981, 67, 99, 32
3982, 73, 116, 43
3983, 69, 104, 35
3984, 66, 105, 39
3985, 63, 84, 21
3986, 54, 74, 20
3987, 50, 67, 17
3988, 48, 61, 13
3989, 62, 87, 25
3990, 53, 71, 18
3991, 42, 59, 17
3992, 45, 60, 15
3993, 56, 78, 22
3994, 59, 93, 34
3995, 61, 85, 24
3996, 52, 69, 17
3997, 54, 79, 25
3998, 54, 77, 23
3999, 52, 72, 20
4000, 41, 50, 9
4001, 43, 52, 9
4002, 43, 60, 17
4003, 59, 81, 22
4004, 63, 94, 31
4005, 56, 79, 23
4006, 72, 114, 42
4007, 79, 135, 56
4008, 88, 153, 65
4009, 103, 225, 122
4010, 147, 354, 207
4011, 235, 741, 506
4012, 526, 1579, 1053
4013, 1058, 1400, 342
4014, 342, 414, 72
4015, 73, 110, 37
4016, 39, 52, 13
4017, 23, 27, 4
4018, 17, 17, 0
4019, 32, 34, 2
4020, 42, 56, 14
4021, 55, 82, 27
4022, 66, 100, 34
4023, 67, 104, 37
4024, 72, 118, 46
4025, 83, 144, 61
4026, 98, 193, 95
4027, 134, 304, 170
4028, 191, 565, 374
4029, 390, 1317, 927
4030, 939, 1587, 648
4031, 650, 736, 86
4032, 87, 127, 40
4033, 42, 48, 6
4034, 10, 10, 0
4035, 14, 14, 0
4036, 15, 16, 1
4037, 36, 40, 4
4038, 33, 41, 8
4039, 50, 78, 28
4040, 66, 101, 35
4041, 61, 89, 28
4042, 58, 77, 19
4043, 51, 62, 11
4044, 40, 53, 13
4045, 44, 51, 7
4046, 35, 39, 4
4047, 42, 53, 11
4048, 49, 64, 15
4049, 53, 68, 15
4050, 54, 72, 18
4051, 57, 82, 25
4052, 59, 83, 24
4053, 60, 83, 23
4054, 52, 67, 15
4055, 44, 52, 8
4056, 39, 49, 10
4057, 41, 49, 8
4058, 46, 64, 18
4059, 43, 53, 10
4060, 38, 45, 7
4061, 37, 43, 6
4062, 31, 35, 4
4063, 43, 53, 10
4064, 44, 56, 12
4065, 35, 40, 5
4066, 44, 53, 9
4067, 48, 62, 14
4068, 48, 67, 19
4069, 58, 86, 28
4070, 59, 86, 27
4071, 65, 96, 31
4072, 64, 95, 31
4073, 64, 93, 29
4074, 66, 107, 41
4075, 64, 98, 34
4076, 72, 128, 56
4077, 90, 177, 87
4078, 112, 242, 130
4079, 161, 450, 289
4080, 314, 1076, 762
4081, 774, 1702, 928
4082, 930, 1047, 117
4083, 118, 173, 55
4084, 57, 72, 15
4085, 17, 18, 1
4086, 6, 6, 0
4087, 22, 23, 1
4088, 37, 47, 10
4089, 51, 70, 19
4090, 49, 62, 13
4091, 44, 52, 8
4092, 50, 64, 14
4093, 41, 48, 7
4094, 41, 50, 9
4095, 34, 42, 8
4096, 44, 52, 8
4097, 55, 73, 18
4098, 54, 68, 14
4099, 39, 43, 4
4100, 33, 37, 4
4101, 35, 40, 5
4102, 39, 46, 7
4103, 36, 47, 11
4104, 43, 51, 8
4105, 41, 54, 13
4106, 47, 64, 17
4107, 53, 68, 15
4108, 45, 58, 13
4109, 46, 67, 21
4110, 53, 77, 24
4111, 53, 71, 18
4112, 50, 69, 19
4113, 58, 79, 21
4114, 48, 64, 16
4115, 54, 73, 19
4116, 61, 89, 28
4117, 59, 82, 23
4118, 61, 85, 24
4119, 59, 96, 37
4120, 72, 109, 37
4121, 66, 99, 33
4122, 63, 101, 38
4123, 76, 112, 36
4124, 58, 84, 26
4125, 52, 66, 14
4126, 49, 62, 13
4127, 49, 62, 13
4128, 52, 74, 22
4129, 68, 114, 46
4130, 86, 154, 68
4131, 110, 244, 134
4132, 166, 463, 297
4133, 329, 1168, 839
4134, 846, 1706, 860
4135, 861, 958, 97
4136, 98, 142, 44
4137, 47, 56, 9
4138, 16, 16, 0
4139, 11, 11, 0
4140, 15, 16, 1
4141, 45, 55, 10
4142, 36, 41, 5
4143, 37, 47, 10
4144, 49, 60, 11
4145, 38, 45, 7
4146, 33, 39, 6
4147, 45, 60, 15
4148, 54, 73, 19
4149, 50, 65, 15
4150, 43, 53, 10
4151, 36, 42, 6
4152, 44, 57, 13
4153, 47, 60, 13
4154, 45, 59, 14
4155, 47, 63, 16
4156, 48, 58, 10
4157, 53, 70, 17
4158, 60, 94, 34
4159, 59, 88, 29
4160, 61, 89, 28
4161, 63, 88, 25
4162, 57, 78, 21
4163, 57, 79, 22
4164, 53, 72, 19
4165, 41, 56, 15
4166, 50, 71, 21
4167, 47, 59, 12
4168, 48, 61, 13
4169, 40, 48, 8
4170, 39, 46, 7
4171, 44, 53, 9
4172, 44, 63, 19
4173, 53, 71, 18
4174, 55, 74, 19
4175, 53, 79, 26
4176, 65, 94, 29
4177, 61, 94, 33
4178, 71, 109, 38
4179, 87, 152, 65
4180, 104, 205, 101
4181, 138, 346, 208
4182, 244, 805, 561
4183, 575, 1650, 1075
4184, 1080, 1352, 272
4185, 272, 324, 52
4186, 56, 70, 14
4187, 21, 23, 2
4188, 8, 8, 0
4189, 14, 14, 0
4190, 28, 30, 2
4191, 30, 37, 7
4192, 39, 48, 9
4193, 43, 58, 15
4194, 53, 72, 19
4195, 52, 72, 20
4196, 56, 83, 27
4197, 69, 117, 48
4198, 80, 145, 65
4199, 98, 195, 97
4200, 132, 325, 193
4201, 222, 724, 502
4202, 523, 1589, 1066
4203, 1070, 1444, 374
4204, 375, 437, 62
4205, 64, 98, 34
4206, 37, 46, 9
4207, 17, 17, 0
4208, 16, 16, 0
4209, 33, 41, 8
4210, 42, 50, 8
4211, 46, 54, 8
4212, 40, 46, 6
4213, 48, 63, 15
4214, 44, 57, 13
4215, 43, 55, 12
4216, 40, 44, 4
4217, 31, 38, 7
4218, 41, 52, 11
4219, 48, 60, 12
4220, 50, 68, 18
4221, 58, 86, 28
4222, 58, 83, 25
4223, 63, 98, 35
4224, 63, 88, 25
4225, 46, 60, 14
4226, 45, 57, 12
4227, 48, 61, 13
4228, 49, 69, 20
4229, 52, 77, 25
4230, 65, 93, 28
4231, 56, 78, 22
4232, 55, 84, 29
4233, 56, 86, 30
4234, 59, 86, 27
4235, 53, 69, 16
4236, 38, 49, 11
4237, 39, 46, 7
4238, 35, 42, 7
4239, 29, 34, 5
4240, 39, 51, 12
4241, 47, 66, 19
4242, 56, 82, 26
4243, 62, 94, 32
4244, 69, 108, 39
4245, 74, 106, 32
4246, 66, 94, 28
4247, 56, 88, 32
4248, 69, 105, 36
4249, 79, 136, 57
4250, 98, 188, 90
4251, 120, 249, 129
4252, 151, 371, 220
4253, 248, 774, 526
4254, 548, 1580, 1032
4255, 1035, 1330, 295
4256, 297, 372, 75
4257, 78, 122, 44
4258, 44, 58, 14
4259, 16, 17, 1
4260, 22, 23, 1
4261, 26, 27, 1
4262, 35, 39, 4
4263, 37, 44, 7
4264, 44, 56, 12
4265, 60, 84, 24
4266, 59, 86, 27
4267, 66, 104, 38
4268, 73, 121, 48
4269, 83, 152, 69
4270, 93, 178, 85
4271, 117, 246, 129
4272, 162, 421, 259
4273, 284, 958, 674
4274, 697, 1662, 965
4275, 967, 1143, 176
4276, 177, 250, 73
4277, 75, 121, 46
4278, 47, 59, 12
4279, 15, 16, 1
4280, 25, 26, 1
4281, 40, 51, 11
4282, 36, 47, 11
4283, 41, 55, 14
4284, 44, 53, 9
4285, 42, 49, 7
4286, 44, 53, 9
4287, 42, 50, 8
4288, 32, 40, 8
4289, 39, 47, 8
4290, 37, 47, 10
4291, 51, 71, 20
4292, 57, 87, 30
4293, 61, 92, 31
4294, 79, 139, 60
4295, 81, 145, 64
4296, 93, 184, 91
4297, 127, 307, 180
4298, 205, 623, 418
4299, 444, 1469, 1025
4300, 1034, 1545, 511
4301, 513, 590, 77
4302, 79, 135, 56
4303, 60, 90, 30
4304, 37, 43, 6
4305, 11, 11, 0
4306, 26, 26, 0
4307, 31, 42, 11
4308, 46, 60, 14
4309, 55, 83, 28
4310, 65, 98, 33
4311, 66, 106, 40
4312, 68, 111, 43
4313, 72, 105, 33
4314, 58, 86, 28
4315, 60, 92, 32
4316, 59, 87, 28
4317, 62, 101, 39
4318, 69, 110, 41
4319, 64, 99, 35
4320, 58, 81, 23
4321, 53, 82, 29
4322, 64, 91, 27
4323, 63, 94, 31
4324, 60, 96, 36
4325, 76, 129, 53
4326, 101, 197, 96
4327, 126, 292, 166
4328, 199, 627, 428
4329, 443, 1500, 1057
4330, 1067, 1551, 484
4331, 485, 554, 69
4332, 70, 104, 34
4333, 35, 39, 4
4334, 9, 9, 0
4335, 11, 11, 0
4336, 32, 35, 3
4337, 47, 62, 15
4338, 46, 59, 13
4339, 37, 43, 6
4340, 46, 54, 8
4341, 36, 42, 6
4342, 44, 62, 18
4343, 63, 99, 36
4344, 69, 103, 34
4345, 58, 85, 27
4346, 59, 83, 24
4347, 60, 89, 29
4348, 56, 78, 22
4349, 46, 60, 14
4350, 45, 53, 8
4351, 46, 59, 13
4352, 50, 67, 17
4353, 47, 63, 16
4354, 50, 78, 28
4355, 51, 70, 19
4356, 44, 50, 6
4357, 38, 46, 8
4358, 50, 64, 14
4359, 43, 54, 11
4360, 36, 41, 5
4361, 34, 44, 10
4362, 43, 60, 17
4363, 55, 76, 21
4364, 50, 66, 16
4365, 48, 59, 11
4366, 47, 58, 11
4367, 44, 54, 10
4368, 42, 51, 9
4369, 46, 60, 14
4370, 46, 57, 11
4371, 49, 62, 13
4372, 35, 38, 3
4373, 38, 47, 9
4374, 35, 38, 3
4375, 43, 56, 13
4376, 60, 86, 26
4377, 63, 94, 31
4378, 71, 101, 30
4379, 55, 69, 14
4380, 47, 65, 18
4381, 50, 68, 18
4382, 47, 57, 10
4383, 42, 56, 14
4384, 39, 47, 8
4385, 43, 52, 9
4386, 40, 49, 9
4387, 42, 54, 12
4388, 51, 72, 21
4389, 50, 76, 26
4390, 58, 82, 24
4391, 59, 92, 33
4392, 68, 102, 34
4393, 71, 112, 41
4394, 77, 135, 58
4395, 92, 156, 64
4396, 96, 183, 87
4397, 123, 285, 162
4398, 189, 540, 351
4399, 369, 1227, 858
4400, 868, 1611, 743
4401, 745, 853, 108
4402, 109, 169, 60
4403, 63, 92, 29
4404, 36, 39, 3
4405, 12, 12, 0
4406, 26, 28, 2
4407, 36, 47, 11
4408, 51, 75, 24
4409, 55, 75, 20
4410, 56, 86, 30
4411, 67, 102, 35
4412, 58, 82, 24
4413, 64, 100, 36
4414, 64, 96, 32
4415, 57, 81, 24
4416, 62, 94, 32
4417, 62, 93, 31
4418, 61, 94, 33
4419, 71, 113, 42
4420, 75, 112, 37
4421, 60, 89, 29
4422, 65, 103, 38
4423, 64, 96, 32
4424, 67, 104, 37
4425, 68, 115, 47
4426, 80, 121, 41
4427, 75, 121, 46
4428, 78, 132, 54
4429, 83, 145, 62
4430, 94, 170, 76
4431, 106, 204, 98
4432, 129, 298, 169
4433, 202, 624, 422
4434, 443, 1430, 987
4435, 993, 1521, 528
4436, 529, 620, 91
4437, 93, 150, 57
4438, 57, 84, 27
4439, 33, 34, 1
4440, 11, 11, 0
4441, 28, 34, 6
4442, 47, 58, 11
4443, 51, 70, 19
4444, 50, 62, 12
4445, 51, 63, 12
4446, 48, 63, 15
4447, 39, 47, 8
4448, 41, 52, 11
4449, 45, 59, 14
4450, 46, 54, 8
4451, 32, 36, 4
4452, 40, 53, 13
4453, 57, 82, 25
4454, 66, 108, 42
4455, 67, 107, 40
4456, 66, 99, 33
4457, 61, 81, 20
4458, 57, 84, 27
4459, 60, 85, 25
4460, 61, 98, 37
4461, 66, 104, 38
4462, 76, 123, 47
4463, 82, 127, 45
4464, 76, 126, 50
4465, 84, 153, 69
4466, 97, 182, 85
4467, 124, 272, 148
4468, 175, 464, 289
4469, 314, 1063, 749
4470, 769, 1649, 880
4471, 883, 1020, 137
4472, 137, 205, 68
4473, 71, 107, 36
4474, 47, 56, 9
4475, 16, 16, 0
4476, 19, 20, 1
4477, 35, 40, 5
4478, 40, 46, 6
4479, 41, 54, 13
4480, 42, 51, 9
4481, 46, 66, 20
4482, 64, 100, 36
4483, 73, 113, 40
4484, 81, 136, 55
4485, 92, 166, 74
4486, 109, 231, 122
4487, 146, 373, 227
4488, 253, 801, 548
4489, 571, 1601, 1030
4490, 1034, 1324, 290
4491, 290, 362, 72
4492, 76, 118, 42
4493, 47, 55, 8
4494, 15, 15, 0
4495, 11, 12, 1
4496, 44, 55, 11
4497, 40, 52, 12
4498, 57, 74, 17
4499, 48, 67, 19
4500, 44, 59, 15
4501, 51, 68, 17
4502, 42, 48, 6
4503, 53, 71, 18
4504, 59, 86, 27
4505, 64, 96, 32
4506, 70, 103, 33
4507, 67, 105, 38
4508, 70, 105, 35
4509, 69, 105, 36
4510, 72, 114, 42
4511, 77, 131, 54
4512, 81, 138, 57
4513, 80, 134, 54
4514, 92, 171, 79
4515, 111, 238, 127
4516, 154, 396, 242
4517, 271, 885, 614
4518, 633, 1658, 1025
4519, 1032, 1239, 207
4520, 208, 266, 58
4521, 58, 82, 24
4522, 32, 37, 5
4523, 8, 8, 0
4524, 10, 10, 0
4525, 40, 48, 8
4526, 43, 56, 13
4527, 50, 68, 18
4528, 65, 97, 32
4529, 66, 97, 31
4530, 67, 112, 45
4531, 77, 122, 45
4532, 85, 144, 59
4533, 93, 171, 78
4534, 104, 209, 105
4535, 136, 332, 196
4536, 222, 671, 449
4537, 475, 1488, 1013
4538, 1022, 1466, 444
4539, 445, 525, 80
4540, 81, 136, 55
4541, 61, 79, 18
4542, 23, 26, 3
4543, 14, 15, 1
4544, 32, 39, 7
4545, 46, 58, 12
4546, 41, 50, 9
4547, 40, 51, 11
4548, 41, 54, 13
4549, 43, 51, 8
4550, 39, 52, 13
4551, 50, 63, 13
4552, 54, 80, 26
4553, 59, 87, 28
4554, 66, 104, 38
4555, 82, 135, 53
4556, 81, 152, 71
4557, 103, 205, 102
4558, 135, 333, 198
4559, 221, 720, 499
4560, 512, 1572, 1060
4561, 1069, 1444, 375
4562, 376, 442, 66
4563, 67, 105, 38
4564, 42, 47, 5
4565, 10, 10, 0
4566, 15, 16, 1
4567, 27, 31, 4
4568, 35, 39, 4
4569, 29, 31, 2
4570, 47, 60, 13
4571, 55, 82, 27
4572, 63, 94, 31
4573, 64, 86, 22
4574, 58, 81, 23
4575, 51, 64, 13
4576, 38, 44, 6
4577, 46, 62, 16
4578, 61, 89, 28
4579, 66, 105, 39
4580, 67, 93, 26
4581, 64, 99, 35
4582, 71, 119, 48
4583, 78, 137, 59
4584, 88, 158, 70
4585, 107, 222, 115
4586, 146, 349, 203
4587, 232, 722, 490
4588, 519, 1560, 1041
4589, 1047, 1404, 357
4590, 357, 434, 77
4591, 80, 132, 52
4592, 55, 70, 15
4593, 20, 21, 1
4594, 23, 23, 0
4595, 36, 45, 9
4596, 39, 45, 6
4597, 42, 51, 9
4598, 49, 74, 25
4599, 61, 89, 28
4600, 56, 81, 25
4601, 61, 90, 29
4602, 66, 110, 44
4603, 68, 106, 38
4604, 79, 137, 58
4605, 88, 160, 72
4606, 96, 191, 95
4607, 123, 277, 154
4608, 193, 558, 365
4609, 388, 1324, 936
4610, 942, 1601, 659
4611, 659, 753, 94
4612, 96, 162, 66
4613, 67, 95, 28
4614, 33, 39, 6
4615, 17, 19, 2
4616, 33, 37, 4
4617, 37, 46, 9
4618, 50, 69, 19
4619, 56, 80, 24
4620, 53, 76, 23
4621, 62, 90, 28
4622, 63, 94, 31
4623, 58, 83, 25
4624, 57, 79, 22
4625, 51, 72, 21
4626, 60, 94, 34
4627, 76, 124, 48
4628, 80, 141, 61
4629, 88, 158, 70
4630, 99, 191, 92
4631, 116, 252, 136
4632, 166, 456, 290
4633, 325, 1112, 787
4634, 804, 1669, 865
4635, 867, 988, 121
4636, 122, 191, 69
4637, 72, 108, 36
4638, 39, 47, 8
4639, 15, 15, 0
4640, 23, 24, 1
4641, 47, 58, 11
4642, 51, 64, 13
4643, 51, 64, 13
4644, 40, 50, 10
4645, 48, 61, 13
4646, 49, 62, 13
4647, 47, 58, 11
4648, 54, 75, 21
4649, 49, 66, 17
4650, 47, 62, 15
4651, 46, 63, 17
4652, 52, 79, 27
4653, 60, 84, 24
4654, 47, 61, 14
4655, 56, 84, 28
4656, 53, 71, 18
4657, 45, 55, 10
4658, 44, 58, 14
4659, 36, 42, 6
4660, 34, 40, 6
4661, 43, 56, 13
4662, 44, 53, 9
4663, 46, 63, 17
4664, 53, 70, 17
4665, 52, 76, 24
4666, 54, 71, 17
4667, 40, 52, 12
4668, 39, 50, 11
4669, 40, 51, 11
4670, 47, 61, 14
4671, 56, 78, 22
4672, 60, 90, 30
4673, 58, 86, 28
4674, 62, 102, 40
4675, 67, 109, 42
4676, 70, 108, 38
4677, 70, 108, 38
4678, 67, 101, 34
4679, 59, 82, 23
4680, 66, 100, 34
4681, 56, 80, 24
4682, 53, 67, 14
4683, 45, 57, 12
4684, 46, 61, 15
4685, 48, 63, 15
4686, 47, 66, 19
4687, 51, 66, 15
4688, 49, 63, 14
4689, 51, 73, 22
4690, 62, 95, 33
4691, 66, 103, 37
4692, 73, 118, 45
4693, 74, 123, 49
4694, 81, 149, 68
4695, 106, 230, 124
4696, 160, 439, 279
4697, 309, 1069, 760
4698, 784, 1712, 928
4699, 929, 1057, 128
4700, 128, 173, 45
4701, 47, 61, 14
4702, 19, 21, 2
4703, 11, 11, 0
4704, 17, 17, 0
4705, 35, 45, 10
4706, 39, 52, 13
4707, 44, 60, 16
4708, 57, 90, 33
4709, 69, 109, 40
4710, 70, 119, 49
4711, 75, 122, 47
4712, 80, 130, 50
4713, 77, 127, 50
4714, 72, 120, 48
4715, 88, 172, 84
4716, 114, 225, 111
4717, 143, 351, 208
4718, 237, 755, 518
4719, 531, 1600, 1069
4720, 1076, 1384, 308
4721, 309, 374, 65
4722, 69, 104, 35
4723, 39, 47, 8
4724, 15, 16, 1
4725, 23, 25, 2
4726, 27, 33, 6
4727, 40, 47, 7
4728, 41, 52, 11
4729, 44, 54, 10
4730, 44, 57, 13
4731, 48, 57, 9
4732, 47, 60, 13
4733, 46, 68, 22
4734, 51, 65, 14
4735, 60, 83, 23
4736, 57, 78, 21
4737, 44, 51, 7
4738, 32, 36, 4
4739, 39, 49, 10
4740, 35, 42, 7
4741, 40, 46, 6
4742, 46, 59, 13
4743, 51, 70, 19
4744, 53, 68, 15
4745, 49, 66, 17
4746, 47, 59, 12
4747, 49, 62, 13
4748, 46, 60, 14
4749, 49, 64, 15
4750, 47, 65, 18
4751, 46, 59, 13
4752, 53, 71, 18
4753, 54, 76, 22
4754, 58, 83, 25
4755, 61, 88, 27
4756, 56, 92, 36
4757, 73, 126, 53
4758, 81, 141, 60
4759, 93, 159, 66
4760, 96, 177, 81
4761, 109, 230, 121
4762, 149, 371, 222
4763, 240, 776, 536
4764, 554, 1583, 1029
4765, 1041, 1351, 310
4766, 310, 389, 79
4767, 80, 126, 46
4768, 49, 61, 12
4769, 19, 21, 2
4770, 18, 19, 1
4771, 31, 36, 5
4772, 39, 55, 16
4773, 42, 54, 12
4774, 52, 68, 16
4775, 51, 78, 27
4776, 57, 83, 26
4777, 60, 83, 23
4778, 54, 85, 31
4779, 70, 105, 35
4780, 60, 87, 27
4781, 57, 82, 25
4782, 64, 90, 26
4783, 65, 102, 37
4784, 57, 84, 27
4785, 59, 84, 25
4786, 63, 95, 32
4787, 65, 98, 33
4788, 57, 76, 19
4789, 54, 68, 14
4790, 45, 56, 11
4791, 44, 52, 8
4792, 33, 38, 5
4793, 43, 51, 8
4794, 41, 51, 10
4795, 43, 53, 10
4796, 40, 45, 5
4797, 46, 63, 17
4798, 46, 68, 22
4799, 52, 72, 20
4800, 62, 86, 24
4801, 62, 86, 24
4802, 54, 81, 27
4803, 57, 87, 30
4804, 65, 94, 29
4805, 57, 79, 22
4806, 51, 74, 23
4807, 68, 100, 32
4808, 67, 95, 28
4809, 67, 102, 35
4810, 70, 106, 36
4811, 67, 99, 32
4812, 66, 89, 23
4813, 57, 81, 24
4814, 57, 80, 23
4815, 62, 93, 31
4816, 68, 109, 41
4817, 82, 143, 61
4818, 94, 171, 77
4819, 98, 191, 93
4820, 132, 321, 189
4821, 210, 652, 442
4822, 458, 1470, 1012
4823, 1022, 1502, 480
4824, 482, 569, 87
4825, 88, 134, 46
4826, 47, 58, 11
4827, 19, 19, 0
4828, 15, 16, 1
4829, 33, 39, 6
4830, 31, 33, 2
4831, 34, 40, 6
4832, 52, 69, 17
4833, 47, 67, 20
4834, 59, 79, 20
4835, 50, 69, 19
4836, 53, 76, 23
4837, 57, 82, 25
4838, 57, 86, 29
4839, 53, 72, 19
4840, 62, 90, 28
4841, 52, 76, 24
4842, 64, 100, 36
4843, 73, 122, 49
4844, 73, 121, 48
4845, 69, 115, 46
4846, 76, 120, 44
4847, 73, 124, 51
4848, 86, 139, 53
4849, 80, 133, 53
4850, 83, 141, 58
4851, 83, 150, 67
4852, 93, 169, 76
4853, 93, 163, 70
4854, 100, 194, 94
4855, 120, 242, 122
4856, 152, 379, 227
4857, 255, 825, 570
4858, 581, 1602, 1021
4859, 1025, 1291, 266
4860, 266, 345, 79
4861, 83, 142, 59
4862, 62, 94, 32
4863, 38, 42, 4
4864, 27, 29, 2
4865, 39, 50, 11
4866, 44, 53, 9
4867, 46, 57, 11
4868, 41, 44, 3
4869, 31, 38, 7
4870, 47, 61, 14
4871, 51, 68, 17
4872, 57, 83, 26
4873, 52, 68, 16
4874, 55, 75, 20
4875, 69, 107, 38
4876, 68, 105, 37
4877, 80, 132, 52
4878, 89, 163, 74
4879, 108, 229, 121
4880, 146, 365, 219
4881, 250, 836, 586
4882, 603, 1636, 1033
4883, 1039, 1301, 262
4884, 262, 327, 65
4885, 66, 94, 28
4886, 33, 35, 2
4887, 5, 5, 0
4888, 14, 14, 0
4889, 27, 27, 0
4890, 33, 39, 6
4891, 45, 64, 19
4892, 49, 61, 12
4893, 58, 81, 23
4894, 54, 74, 20
4895, 58, 87, 29
4896, 66, 113, 47
4897, 75, 123, 48
4898, 85, 148, 63
4899, 98, 178, 80
4900, 112, 254, 142
4901, 169, 472, 303
4902, 331, 1108, 777
4903, 789, 1654, 865
4904, 867, 999, 132
4905, 133, 192, 59
4906, 60, 78, 18
4907, 28, 28, 0
4908, 5, 5, 0
4909, 25, 26, 1
4910, 40, 51, 11
4911, 43, 59, 16
4912, 48, 61, 13
4913, 54, 81, 27
4914, 61, 96, 35
4915, 68, 113, 45
4916, 80, 152, 72
4917, 108, 220, 112
4918, 150, 379, 229
4919, 249, 825, 576
4920, 594, 1661, 1067
4921, 1070, 1317, 247
4922, 250, 303, 53
4923, 55, 80, 25
4924, 27, 30, 3
4925, 12, 12, 0
4926, 14, 14, 0
4927, 30, 35, 5
4928, 43, 58, 15
4929, 42, 54, 12
4930, 46, 55, 9
4931, 44, 49, 5
4932, 36, 42, 6
4933, 40, 48, 8
4934, 47, 66, 19
4935, 54, 68, 14
4936, 45, 56, 11
4937, 51, 74, 23
4938, 58, 75, 17
4939, 47, 59, 12
4940, 50, 66, 16
4941, 54, 74, 20
4942, 54, 75, 21
4943, 63, 94, 31
4944, 66, 102, 36
4945, 77, 134, 57
4946, 90, 176, 86
4947, 109, 232, 123
4948, 153, 402, 249
4949, 276, 956, 680
4950, 699, 1703, 1004
4951, 1006, 1173, 167
4952, 168, 226, 58
4953, 59, 90, 31
4954, 35, 41, 6
4955, 16, 16, 0
4956, 13, 13, 0
4957, 29, 33, 4
4958, 48, 65, 17
4959, 58, 84, 26
4960, 65, 100, 35
4961, 69, 118, 49
4962, 68, 106, 38
4963, 68, 101, 33
4964, 66, 97, 31
4965, 59, 84, 25
4966, 61, 99, 38
4967, 75, 114, 39
4968, 76, 123, 47
4969, 82, 135, 53
4970, 91, 155, 64
4971, 92, 168, 76
4972, 113, 240, 127
4973, 152, 383, 231
4974, 254, 820, 566
4975, 582, 1602, 1020
4976, 1024, 1300, 276
4977, 281, 355, 74
4978, 75, 110, 35
4979, 38, 47, 9
4980, 18, 18, 0
4981, 15, 15, 0
4982, 45, 56, 11
4983, 39, 48, 9
4984, 40, 48, 8
4985, 47, 61, 14
4986, 48, 57, 9
4987, 37, 44, 7
4988, 42, 61, 19
4989, 52, 71, 19
4990, 51, 69, 18
4991, 49, 67, 18
4992, 48, 70, 22
4993, 59, 82, 23
4994, 44, 56, 12
4995, 46, 59, 13
4996, 44, 51, 7
4997, 38, 44, 6
4998, 37, 41, 4
4999, 43, 55, 12
5000, 46, 62, 16
5001, 57, 74, 17
5002, 44, 56, 12
5003, 49, 69, 20
5004, 51, 64, 13
5005, 43, 52, 9
5006, 52, 70, 18
5007, 45, 56, 11
5008, 38, 48, 10
5009, 40, 49, 9
5010, 40, 53, 13
5011, 45, 60, 15
5012, 41, 50, 9
5013, 55, 84, 29
5014, 62, 96, 34
5015, 67, 97, 30
5016, 66, 99, 33
5017, 60, 82, 22
5018, 48, 62, 14
5019, 40, 50, 10
5020, 46, 61, 15
5021, 48, 61, 13
5022, 60, 89, 29
5023, 57, 74, 17
5024, 50, 69, 19
5025, 46, 61, 15
5026, 51, 66, 15
5027, 63, 89, 26
5028, 65, 91, 26
5029, 60, 87, 27
5030, 57, 85, 28
5031, 68, 106, 38
5032, 66, 101, 35
5033, 71, 115, 44
5034, 79, 133, 54
5035, 93, 173, 80
5036, 110, 210, 100
5037, 125, 273, 148
5038, 174, 480, 306
5039, 327, 1102, 775
5040, 795, 1639, 844
5041, 848, 968, 120
5042, 122, 197, 75
5043, 76, 117, 41
5044, 46, 54, 8
5045, 23, 26, 3
5046, 31, 32, 1
5047, 33, 36, 3
5048, 37, 43, 6
5049, 43, 52, 9
5050, 59, 85, 26
5051, 67, 103, 36
5052, 76, 121, 45
5053, 79, 128, 49
5054, 85, 141, 56
5055, 90, 169, 79
5056, 116, 247, 131
5057, 166, 455, 289
5058, 318, 1106, 788
5059, 803, 1676, 873
5060, 875, 1006, 131
5061, 132, 191, 59
5062, 61, 87, 26
5063, 28, 30, 2
5064, 9, 9, 0
5065, 21, 24, 3
5066, 34, 38, 4
5067, 61, 97, 36
5068, 75, 122, 47
5069, 75, 127, 52
5070, 83, 138, 55
5071, 86, 137, 51
5072, 78, 128, 50
5073, 88, 157, 69
5074, 96, 191, 95
5075, 120, 264, 144
5076, 181, 508, 327
5077, 348, 1177, 829
5078, 837, 1624, 787
5079, 788, 916, 128
5080, 129, 198, 69
5081, 71, 112, 41
5082, 45, 50, 5
5083, 11, 11, 0
5084, 18, 20, 2
5085, 42, 52, 10
5086, 45, 58, 13
5087, 43, 53, 10
5088, 47, 56, 9
5089, 47, 60, 13
5090, 41, 47, 6
5091, 42, 55, 13
5092, 50, 65, 15
5093, 50, 64, 14
5094, 40, 51, 11
5095, 49, 60, 11
5096, 45, 56, 11
5097, 41, 50, 9
5098, 39, 45, 6
5099, 43, 60, 17
5100, 55, 79, 24
5101, 63, 100, 37
5102, 71, 108, 37
5103, 79, 138, 59
5104, 96, 189, 93
5105, 126, 287, 161
5106, 184, 521, 337
5107, 354, 1224, 870
5108, 883, 1647, 764
5109, 764, 856, 92
5110, 95, 149, 54
5111, 55, 69, 14
5112, 17, 17, 0
5113, 12, 12, 0
5114, 25, 28, 3
5115, 38, 45, 7
5116, 49, 63, 14
5117, 47, 66, 19
5118, 58, 80, 22
5119, 51, 62, 11
5120, 44, 51, 7
5121, 28, 31, 3
5122, 35, 39, 4
5123, 46, 58, 12
5124, 52, 80, 28
5125, 62, 103, 41
5126, 76, 127, 51
5127, 92, 172, 80
5128, 107, 222, 115
5129, 153, 405, 252
5130, 276, 929, 653
5131, 668, 1686, 1018
5132, 1019, 1202, 183
5133, 184, 244, 60
5134, 61, 87, 26
5135, 30, 33, 3
5136, 9, 9, 0
5137, 18, 18, 0
5138, 31, 34, 3
5139, 38, 52, 14
5140, 59, 97, 38
5141, 74, 119, 45
5142, 86, 158, 72
5143, 98, 204, 106
5144, 138, 354, 216
5145, 243, 784, 541
5146, 571, 1650, 1079
5147, 1085, 1361, 276
5148, 277, 339, 62
5149, 63, 92, 29
5150, 34, 37, 3
5151, 8, 8, 0
5152, 19, 19, 0
5153, 27, 27, 0
5154, 31, 37, 6
5155, 54, 72, 18
5156, 53, 82, 29
5157, 64, 96, 32
5158, 71, 115, 44
5159, 76, 123, 47
5160, 75, 114, 39
5161, 76, 120, 44
5162, 71, 106, 35
5163, 58, 82, 24
5164, 53, 71, 18
5165, 53, 78, 25
5166, 53, 68, 15
5167, 42, 50, 8
5168, 50, 72, 22
5169, 62, 88, 26
5170, 60, 83, 23
5171, 59, 83, 24
5172, 48, 55, 7
5173, 37, 43, 6
5174, 33, 37, 4
5175, 32, 39, 7
5176, 51, 76, 25
5177, 58, 75, 17
5178, 45, 61, 16
5179, 42, 60, 18
5180, 47, 56, 9
5181, 45, 53, 8
5182, 39, 45, 6
5183, 39, 47, 8
5184, 44, 63, 19
5185, 54, 77, 23
5186, 58, 78, 20
5187, 55, 78, 23
5188, 57, 81, 24
5189, 53, 74, 21
5190, 53, 74, 21
5191, 54, 76, 22
5192, 55, 72, 17
5193, 54, 74, 20
5194, 46, 57, 11
5195, 46, 57, 11
5196, 43, 58, 15
5197, 57, 85, 28
5198, 62, 92, 30
5199, 64, 99, 35
5200, 65, 95, 30
5201, 49, 59, 10
5202, 39, 46, 7
5203, 43, 53, 10
5204, 49, 61, 12
5205, 40, 45, 5
5206, 47, 62, 15
5207, 46, 65, 19
5208, 58, 84, 26
5209, 58, 85, 27
5210, 60, 84, 24
5211, 56, 76, 20
5212, 53, 67, 14
5213, 48, 64, 16
5214, 45, 56, 11
5215, 44, 55, 11
5216, 33, 35, 2
5217, 33, 37, 4
5218, 45, 58, 13
5219, 54, 67, 13
5220, 55, 80, 25
5221, 58, 80, 22
5222, 61, 90, 29
5223, 58, 93, 35
5224, 68, 97, 29
5225, 64, 99, 35
5226, 64, 95, 31
5227, 60, 92, 32
5228, 67, 113, 46
5229, 77, 127, 50
5230, 88, 157, 69
5231, 97, 190, 93
5232, 112, 224, 112
5233, 150, 354, 204
5234, 235, 740, 505
5235, 528, 1557, 1029
5236, 1038, 1375, 337
5237, 339, 422, 83
5238, 84, 155, 71
5239, 76, 113, 37
5240, 45, 56, 11
5241, 31, 37, 6
5242, 32, 34, 2
5243, 36, 41, 5
5244, 35, 39, 4
5245, 27, 30, 3
5246, 53, 69, 16
5247, 44, 52, 8
5248, 55, 80, 25
5249, 59, 87, 28
5250, 60, 80, 20
5251, 44, 55, 11
5252, 39, 47, 8
5253, 47, 58, 11
5254, 39, 51, 12
5255, 52, 72, 20
5256, 48, 64, 16
5257, 50, 70, 20
5258, 56, 74, 18
5259, 59, 84, 25
5260, 60, 89, 29
5261, 54, 70, 16
5262, 45, 54, 9
5263, 46, 60, 14
5264, 42, 49, 7
5265, 45, 53, 8
5266, 42, 55, 13
5267, 63, 89, 26
5268, 61, 88, 27
5269, 53, 76, 23
5270, 58, 79, 21
5271, 44, 53, 9
5272, 45, 53, 8
5273, 47, 61, 14
5274, 62, 94, 32
5275, 72, 116, 44
5276, 88, 158, 70
5277, 102, 202, 100
5278, 138, 330, 192
5279, 213, 654, 441
5280, 461, 1481, 1020
5281, 1027, 1494, 467
5282, 468, 550, 82
5283, 83, 132, 49
5284, 54, 74, 20
5285, 26, 27, 1
5286, 14, 14, 0
5287, 29, 34, 5
5288, 32, 35, 3
5289, 33, 37, 4
5290, 36, 50, 14
5291, 48, 69, 21
5292, 58, 82, 24
5293, 50, 62, 12
5294, 31, 38, 7
5295, 42, 50, 8
5296, 38, 40, 2
5297, 48, 63, 15
5298, 48, 59, 11
5299, 50, 64, 14
5300, 55, 71, 16
5301, 41, 52, 11
5302, 44, 58, 14
5303, 46, 60, 14
5304, 50, 67, 17
5305, 45, 58, 13
5306, 50, 66, 16
5307, 43, 54, 11
5308, 45, 55, 10
5309, 43, 53, 10
5310, 47, 57, 10
5311, 39, 54, 15
5312, 58, 84, 26
5313, 65, 94, 29
5314, 61, 83, 22
5315, 55, 75, 20
5316, 52, 67, 15
5317, 49, 62, 13
5318, 37, 49, 12
5319, 45, 60, 15
5320, 59, 84, 25
5321, 62, 105, 43
5322, 73, 132, 59
5323, 98, 203, 105
5324, 141, 353, 212
5325, 233, 753, 520
5326, 550, 1639, 1089
5327, 1092, 1405, 313
5328, 313, 364, 51
5329, 52, 76, 24
5330, 26, 28, 2
5331, 7, 7, 0
5332, 15, 15, 0
5333, 39, 49, 10
5334, 43, 54, 11
5335, 36, 45, 9
5336, 45, 58, 13
5337, 52, 73, 21
5338, 57, 76, 19
5339, 47, 56, 9
5340, 47, 66, 19
5341, 52, 71, 19
5342, 51, 67, 16
5343, 48, 69, 21
5344, 51, 69, 18
5345, 56, 78, 22
5346, 54, 73, 19
5347, 57, 85, 28
5348, 68, 118, 50
5349, 70, 120, 50
5350, 78, 126, 48
5351, 74, 130, 56
5352, 93, 178, 85
5353, 114, 228, 114
5354, 140, 325, 185
5355, 204, 606, 402
5356, 421, 1354, 933
5357, 940, 1518, 578
5358, 582, 677, 95
5359, 97, 168, 71
5360, 78, 118, 40
5361, 45, 56, 11
5362, 26, 27, 1
5363, 22, 22, 0
5364, 28, 32, 4
5365, 42, 52, 10
5366, 37, 48, 11
5367, 53, 79, 26
5368, 59, 91, 32
5369, 74, 122, 48
5370, 83, 151, 68
5371, 108, 208, 100
5372, 139, 350, 211
5373, 239, 784, 545
5374, 571, 1638, 1067
5375, 1070, 1360, 290
5376, 295, 354, 59
5377, 61, 97, 36
5378, 40, 45, 5
5379, 11, 11, 0
5380, 10, 10, 0
5381, 22, 24, 2
5382, 31, 36, 5
5383, 47, 61, 14
5384, 56, 84, 28
5385, 64, 94, 30
5386, 63, 99, 36
5387, 66, 98, 32
5388, 63, 86, 23
5389, 62, 87, 25
5390, 57, 91, 34
5391, 66, 100, 34
5392, 64, 96, 32
5393, 69, 104, 35
5394, 68, 110, 42
5395, 75, 130, 55
5396, 77, 130, 53
5397, 83, 143, 60
5398, 85, 164, 79
5399, 107, 213, 106
5400, 141, 354, 213
5401, 235, 743, 508
5402, 527, 1544, 1017
5403, 1022, 1400, 378
5404, 379, 454, 75
5405, 77, 128, 51
5406, 53, 73, 20
5407, 28, 30, 2
5408, 9, 9, 0
5409, 34, 40, 6
5410, 45, 55, 10
5411, 54, 77, 23
5412, 56, 78, 22
5413, 53, 71, 18
5414, 68, 107, 39
5415, 70, 110, 40
5416, 77, 140, 63
5417, 96, 176, 80
5418, 110, 234, 124
5419, 148, 376, 228
5420, 258, 849, 591
5421, 598, 1640, 1042
5422, 1045, 1288, 243
5423, 245, 317, 72
5424, 73, 109, 36
5425, 39, 45, 6
5426, 9, 9, 0
5427, 14, 15, 1
5428, 31, 35, 4
5429, 30, 34, 4
5430, 43, 57, 14
5431, 54, 84, 30
5432, 68, 118, 50
5433, 89, 169, 80
5434, 108, 221, 113
5435, 147, 383, 236
5436, 262, 898, 636
5437, 650, 1710, 1060
5438, 1061, 1244, 183
5439, 187, 245, 58
5440, 61, 94, 33
5441, 35, 42, 7
5442, 19, 19, 0
5443, 16, 16, 0
5444, 36, 44, 8
5445, 58, 88, 30
5446, 61, 104, 43
5447, 74, 115, 41
5448, 61, 83, 22
5449, 47, 64, 17
5450, 53, 77, 24
5451, 55, 75, 20
5452, 50, 68, 18
5453, 71, 108, 37
5454, 72, 110, 38
5455, 70, 107, 37
5456, 68, 102, 34
5457, 71, 106, 35
5458, 60, 80, 20
5459, 49, 62, 13
5460, 47, 61, 14
5461, 47, 60, 13
5462, 48, 65, 17
5463, 52, 69, 17
5464, 47, 64, 17
5465, 51, 71, 20
5466, 60, 89, 29
5467, 68, 113, 45
5468, 74, 126, 52
5469, 81, 142, 61
5470, 85, 149, 64
5471, 92, 176, 84
5472, 111, 227, 116
5473, 148, 373, 225
5474, 256, 820, 564
5475, 581, 1610, 1029
5476, 1035, 1311, 276
5477, 279, 346, 67
5478, 67, 103, 36
5479, 39, 45, 6
5480, 15, 15, 0
5481, 18, 18, 0
5482, 32, 40, 8
5483, 38, 48, 10
5484, 41, 52, 11
5485, 49, 66, 17
5486, 47, 58, 11
5487, 41, 45, 4
5488, 32, 37, 5
5489, 37, 47, 10
5490, 44, 57, 13
5491, 42, 55, 13
5492, 50, 69, 19
5493, 52, 67, 15
5494, 45, 57, 12
5495, 51, 69, 18
5496, 51, 62, 11
5497, 36, 46, 10
5498, 46, 63, 17
5499, 45, 60, 15
5500, 43, 50, 7
5501, 37, 46, 9
5502, 28, 30, 2
5503, 36, 39, 3
5504, 40, 49, 9
5505, 41, 50, 9
5506, 48, 65, 17
5507, 59, 95, 36
5508, 74, 128, 54
5509, 93, 180, 87
5510, 121, 285, 164
5511, 195, 614, 419
5512, 439, 1468, 1029
5513, 1040, 1570, 530
5514, 530, 602, 72
5515, 72, 102, 30
5516, 35, 45, 10
5517, 18, 18, 0
5518, 18, 18, 0
5519, 24, 26, 2
5520, 39, 46, 7
5521, 45, 58, 13
5522, 46, 68, 22
5523, 50, 70, 20
5524, 49, 62, 13
5525, 56, 81, 25
5526, 51, 67, 16
5527, 42, 52, 10
5528, 52, 74, 22
5529, 68, 102, 34
5530, 77, 126, 49
5531, 83, 139, 56
5532, 89, 178, 89
5533, 130, 309, 179
5534, 207, 635, 428
5535, 452, 1468, 1016
5536, 1024, 1534, 510
5537, 511, 585, 74
5538, 76, 113, 37
5539, 41, 49, 8
5540, 12, 12, 0
5541, 15, 15, 0
5542, 34, 42, 8
5543, 34, 37, 3
5544, 35, 40, 5
5545, 36, 42, 6
5546, 49, 73, 24
5547, 57, 88, 31
5548, 68, 115, 47
5549, 75, 123, 48
5550, 79, 132, 53
5551, 87, 168, 81
5552, 108, 219, 111
5553, 142, 359, 217
5554, 245, 814, 569
5555, 590, 1663, 1073
5556, 1077, 1327, 250
5557, 251, 316, 65
5558, 66, 101, 35
5559, 38, 43, 5
5560, 10, 10, 0
5561, 15, 15, 0
5562, 27, 31, 4
5563, 39, 43, 4
5564, 39, 44, 5
5565, 42, 54, 12
5566, 42, 53, 11
5567, 46, 59, 13
5568, 60, 87, 27
5569, 65, 91, 26
5570, 63, 94, 31
5571, 64, 90, 26
5572, 46, 58, 12
5573, 47, 62, 15
5574, 56, 78, 22
5575, 43, 50, 7
5576, 52, 72, 20
5577, 55, 78, 23
5578, 54, 76, 22
5579, 48, 56, 8
5580, 37, 45, 8
5581, 46, 60, 14
5582, 54, 78, 24
5583, 59, 86, 27
5584, 67, 99, 32
5585, 59, 79, 20
5586, 50, 71, 21
5587, 51, 72, 21
5588, 52, 76, 24
5589, 60, 87, 27
5590, 70, 115, 45
5591, 70, 117, 47
5592, 77, 131, 54
5593, 77, 132, 55
5594, 87, 145, 58
5595, 91, 174, 83
5596, 114, 237, 123
5597, 151, 382, 231
5598, 260, 854, 594
5599, 607, 1639, 1032
5600, 1033, 1275, 242
5601, 244, 309, 65
5602, 67, 106, 39
5603, 42, 49, 7
5604, 19, 21, 2
5605, 18, 19, 1
5606, 29, 30, 1
5607, 30, 37, 7
5608, 40, 55, 15
5609, 51, 66, 15
5610, 60, 87, 27
5611, 58, 87, 29
5612, 60, 87, 27
5613, 70, 101, 31
5614, 63, 102, 39
5615, 67, 105, 38
5616, 71, 103, 32
5617, 57, 86, 29
5618, 58, 82, 24
5619, 56, 79, 23
5620, 62, 93, 31
5621, 58, 83, 25
5622, 62, 94, 32
5623, 72, 118, 46
5624, 70, 122, 52
5625, 89, 149, 60
5626, 94, 156, 62
5627, 92, 173, 81
5628, 119, 260, 141
5629, 175, 493, 318
5630, 342, 1146, 804
5631, 815, 1651, 836
5632, 838, 957, 119
5633, 121, 177, 56
5634, 58, 87, 29
5635, 34, 40, 6
5636, 13, 13, 0
5637, 17, 17, 0
5638, 39, 50, 11
5639, 41, 52, 11
5640, 42, 49, 7
5641, 39, 46, 7
5642, 41, 46, 5
5643, 46, 57, 11
5644, 37, 48, 11
5645, 50, 71, 21
5646, 65, 92, 27
5647, 50, 65, 15
5648, 55, 73, 18
5649, 45, 55, 10
5650, 42, 52, 10
5651, 45, 52, 7
5652, 36, 47, 11
5653, 48, 59, 11
5654, 42, 55, 13
5655, 52, 67, 15
5656, 47, 62, 15
5657, 47, 58, 11
5658, 51, 66, 15
5659, 51, 68, 17
5660, 55, 85, 30
5661, 53, 68, 15
5662, 43, 54, 11
5663, 37, 48, 11
5664, 47, 59, 12
5665, 48, 63, 15
5666, 60, 86, 26
5667, 58, 84, 26
5668, 64, 95, 31
5669, 71, 116, 45
5670, 72, 116, 44
5671, 81, 138, 57
5672, 87, 144, 57
5673, 92, 164, 72
5674, 106, 201, 95
5675, 124, 278, 154
5676, 182, 511, 329
5677, 346, 1203, 857
5678, 872, 1629, 757
5679, 757, 867, 110
5680, 112, 177, 65
5681, 68, 99, 31
5682, 36, 37, 1
5683, 15, 16, 1
5684, 25, 25, 0
5685, 35, 44, 9
5686, 54, 75, 21
5687, 56, 78, 22
5688, 58, 92, 34
5689, 71, 116, 45
5690, 75, 130, 55
5691, 92, 168, 76
5692, 103, 193, 90
5693, 115, 232, 117
5694, 146, 358, 212
5695, 234, 737, 503
5696, 518, 1526, 1008
5697, 1015, 1377, 362
5698, 362, 455, 93
5699, 95, 159, 64
5700, 66, 93, 27
5701, 34, 37, 3
5702, 13, 13, 0
5703, 28, 31, 3
5704, 32, 36, 4
5705, 49, 61, 12
5706, 47, 59, 12
5707, 52, 74, 22
5708, 64, 104, 40
5709, 65, 92, 27
5710, 64, 100, 36
5711, 74, 118, 44
5712, 75, 133, 58
5713, 95, 179, 84
5714, 120, 253, 133
5715, 169, 474, 305
5716, 338, 1153, 815
5717, 825, 1667, 842
5718, 843, 951, 108
5719, 109, 166, 57
5720, 59, 89, 30
5721, 33, 41, 8
5722, 13, 13, 0
5723, 26, 29, 3
5724, 46, 59, 13
5725, 48, 58, 10
5726, 48, 60, 12
5727, 38, 45, 7
5728, 58, 72, 14
5729, 41, 54, 13
5730, 48, 69, 21
5731, 58, 88, 30
5732, 54, 77, 23
5733, 59, 91, 32
5734, 59, 85, 26
5735, 62, 92, 30
5736, 66, 104, 38
5737, 76, 126, 50
5738, 86, 161, 75
5739, 111, 236, 125
5740, 149, 390, 241
5741, 270, 906, 636
5742, 656, 1685, 1029
5743, 1035, 1227, 192
5744, 192, 242, 50
5745, 51, 71, 20
5746, 24, 25, 1
5747, 9, 10, 1
5748, 23, 25, 2
5749, 33, 36, 3
5750, 30, 35, 5
5751, 43, 55, 12
5752, 57, 88, 31
5753, 66, 103, 37
5754, 69, 104, 35
5755, 66, 112, 46
5756, 74, 117, 43
5757, 70, 115, 45
5758, 68, 114, 46
5759, 74, 113, 39
5760, 73, 114, 41
5761, 75, 111, 36
5762, 59, 81, 22
5763, 50, 67, 17
5764, 45, 53, 8
5765, 32, 38, 6
5766, 38, 44, 6
5767, 46, 62, 16
5768, 58, 78, 20
5769, 62, 95, 33
5770, 58, 81, 23
5771, 49, 65, 16
5772, 52, 74, 22
5773, 51, 74, 23
5774, 60, 82, 22
5775, 42, 53, 11
5776, 45, 54, 9
5777, 39, 47, 8
5778, 40, 47, 7
5779, 33, 38, 5
5780, 37, 48, 11
5781, 43, 54, 11
5782, 47, 61, 14
5783, 50, 67, 17
5784, 52, 61, 9
5785, 40, 46, 6
5786, 30, 31, 1
5787, 24, 25, 1
5788, 31, 34, 3
5789, 35, 44, 9
5790, 35, 42, 7
5791, 34, 39, 5
5792, 40, 52, 12
5793, 35, 36, 1
5794, 37, 45, 8
5795, 49, 62, 13
5796, 41, 47, 6
5797, 40, 52, 12
5798, 51, 68, 17
5799, 52, 71, 19
5800, 56, 79, 23
5801, 51, 75, 24
5802, 54, 71, 17
5803, 51, 67, 16
5804, 52, 68, 16
5805, 44, 53, 9
5806, 50, 66, 16
5807, 49, 62, 13
5808, 61, 86, 25
5809, 51, 67, 16
5810, 55, 77, 22
5811, 54, 72, 18
5812, 49, 64, 15
5813, 58, 80, 22
5814, 63, 96, 33
5815, 70, 110, 40
5816, 76, 136, 60
5817, 95, 186, 91
5818, 119, 263, 144
5819, 174, 478, 304
5820, 325, 1101, 776
5821, 797, 1669, 872
5822, 875, 988, 113
5823, 114, 171, 57
5824, 60, 83, 23
5825, 29, 29, 0
5826, 19, 19, 0
5827, 28, 32, 4
5828, 38, 46, 8
5829, 45, 54, 9
5830, 49, 64, 15
5831, 47, 56, 9
5832, 43, 56, 13
5833, 39, 44, 5
5834, 48, 67, 19
5835, 52, 62, 10
5836, 35, 41, 6
5837, 47, 59, 12
5838, 37, 43, 6
5839, 40, 50, 10
5840, 53, 65, 12
5841, 49, 64, 15
5842, 47, 64, 17
5843, 50, 75, 25
5844, 64, 92, 28
5845, 66, 97, 31
5846, 56, 86, 30
5847, 66, 118, 52
5848, 94, 172, 78
5849, 109, 220, 111
5850, 142, 341, 199
5851, 232, 741, 509
5852, 521, 1585, 1064
5853, 1072, 1401, 329
5854, 329, 405, 76
5855, 76, 124, 48
5856, 51, 68, 17
5857, 22, 22, 0
5858, 14, 14, 0
5859, 27, 28, 1
5860, 36, 47, 11
5861, 51, 67, 16
5862, 47, 60, 13
5863, 54, 83, 29
5864, 56, 75, 19
5865, 53, 66, 13
5866, 56, 80, 24
5867, 53, 81, 28
5868, 54, 73, 19
5869, 52, 65, 13
5870, 40, 48, 8
5871, 34, 41, 7
5872, 48, 71, 23
5873, 56, 75, 19
5874, 47, 53, 6
5875, 42, 50, 8
5876, 50, 65, 15
5877, 46, 58, 12
5878, 44, 53, 9
5879, 50, 61, 11
5880, 55, 71, 16
5881, 40, 51, 11
5882, 66, 104, 38
5883, 73, 116, 43
5884, 89, 156, 67
5885, 95, 178, 83
5886, 112, 228, 116
5887, 144, 348, 204
5888, 231, 746, 515
5889, 534, 1566, 1032
5890, 1035, 1380, 345
5891, 345, 428, 83
5892, 83, 139, 56
5893, 57, 75, 18
5894, 23, 23, 0
5895, 17, 17, 0
5896, 28, 29, 1
5897, 37, 44, 7
5898, 33, 37, 4
5899, 40, 47, 7
5900, 41, 44, 3
5901, 25, 27, 2
5902, 40, 50, 10
5903, 45, 54, 9
5904, 48, 63, 15
5905, 53, 73, 20
5906, 51, 74, 23
5907, 53, 70, 17
5908, 51, 65, 14
5909, 43, 54, 11
5910, 42, 52, 10
5911, 44, 55, 11
5912, 40, 50, 10
5913, 33, 46, 13
5914, 56, 89, 33
5915, 72, 117, 45
5916, 74, 115, 41
5917, 62, 99, 37
5918, 68, 110, 42
5919, 72, 117, 45
5920, 87, 149, 62
5921, 93, 176, 83
5922, 119, 260, 141
5923, 172, 486, 314
5924, 337, 1162, 825
5925, 834, 1663, 829
5926, 831, 939, 108
5927, 109, 160, 51
5928, 53, 70, 17
5929, 20, 20, 0
5930, 5, 5, 0
5931, 30, 34, 4
5932, 37, 43, 6
5933, 32, 37, 5
5934, 47, 65, 18
5935, 52, 67, 15
5936, 59, 89, 30
5937, 72, 116, 44
5938, 69, 108, 39
5939, 61, 90, 29
5940, 70, 102, 32
5941, 59, 81, 22
5942, 49, 61, 12
5943, 41, 50, 9
5944, 38, 45, 7
5945, 37, 43, 6
5946, 40, 45, 5
5947, 38, 43, 5
5948, 40, 47, 7
5949, 41, 53, 12
5950, 49, 62, 13
5951, 56, 81, 25
5952, 62, 89, 27
5953, 61, 78, 17
5954, 56, 77, 21
5955, 49, 65, 16
5956, 42, 47, 5
5957, 33, 33, 0
5958, 24, 25, 1
5959, 27, 28, 1
5960, 50, 75, 25
5961, 69, 110, 41
5962, 84, 161, 77
5963, 121, 293, 172
5964, 194, 602, 408
5965, 429, 1470, 1041
5966, 1051, 1596, 545
5967, 547, 613, 66
5968, 68, 102, 34
5969, 36, 44, 8
5970, 17, 18, 1
5971, 12, 12, 0
5972, 28, 31, 3
5973, 50, 65, 15
5974, 52, 75, 23
5975, 53, 77, 24
5976, 60, 89, 29
5977, 69, 105, 36
5978, 70, 119, 49
5979, 85, 147, 62
5980, 94, 180, 86
5981, 118, 259, 141
5982, 168, 451, 283
5983, 304, 1034, 730
5984, 742, 1675, 933
5985, 936, 1070, 134
5986, 136, 194, 58
5987, 59, 85, 26
5988, 30, 32, 2
5989, 12, 13, 1
5990, 29, 34, 5
5991, 41, 49, 8
5992, 43, 57, 14
5993, 53, 74, 21
5994, 59, 86, 27
5995, 61, 81, 20
5996, 50, 72, 22
5997, 61, 95, 34
5998, 57, 82, 25
5999, 53, 71, 18
6000, 63, 104, 41
6001, 64, 97, 33
6002, 74, 123, 49
6003, 77, 134, 57
6004, 74, 114, 40
6005, 68, 108, 40
6006, 74, 118, 44
6007, 84, 145, 61
6008, 92, 177, 85
6009, 118, 244, 126
6010, 152, 390, 238
6011, 260, 865, 605
6012, 633, 1632, 999
6013, 1001, 1245, 244
6014, 248, 312, 64
6015, 66, 102, 36
6016, 43, 54, 11
6017, 17, 18, 1
6018, 19, 19, 0
6019, 31, 37, 6
6020, 46, 58, 12
6021, 46, 64, 18
6022, 43, 51, 8
6023, 36, 42, 6
6024, 34, 37, 3
6025, 34, 43, 9
6026, 45, 58, 13
6027, 43, 55, 12
6028, 47, 57, 10
6029, 44, 52, 8
6030, 43, 53, 10
6031, 49, 63, 14
6032, 55, 68, 13
6033, 45, 52, 7
6034, 52, 71, 19
6035, 55, 70, 15
6036, 46, 64, 18
6037, 53, 68, 15
6038, 49, 67, 18
6039, 48, 62, 14
6040, 52, 66, 14
6041, 42, 55, 13
6042, 45, 58, 13
6043, 45, 54, 9
6044, 41, 54, 13
6045, 45, 56, 11
6046, 37, 45, 8
6047, 42, 55, 13
6048, 48, 61, 13
6049, 47, 71, 24
6050, 51, 63, 12
6051, 50, 70, 20
6052, 57, 85, 28
6053, 73, 121, 48
6054, 78, 127, 49
6055, 74, 120, 46
6056, 74, 119, 45
6057, 81, 139, 58
6058, 86, 142, 56
6059, 87, 149, 62
6060, 96, 196, 100
6061, 130, 302, 172
6062, 200, 606, 406
6063, 429, 1415, 986
6064, 997, 1552, 555
6065, 556, 639, 83
6066, 85, 129, 44
6067, 44, 55, 11
6068, 16, 17, 1
6069, 11, 11, 0
6070, 29, 35, 6
6071, 48, 67, 19
6072, 56, 79, 23
6073, 59, 85, 26
6074, 64, 99, 35
6075, 65, 92, 27
6076, 59, 78, 19
6077, 54, 69, 15
6078, 47, 62, 15
6079, 37, 40, 3
6080, 32, 37, 5
6081, 41, 56, 15
6082, 48, 61, 13
6083, 58, 83, 25
6084, 56, 78, 22
6085, 49, 65, 16
6086, 62, 96, 34
6087, 63, 87, 24
6088, 54, 78, 24
6089, 57, 83, 26
6090, 63, 88, 25
6091, 66, 103, 37
6092, 69, 105, 36
6093, 83, 146, 63
6094, 91, 167, 76
6095, 116, 237, 121
6096, 149, 382, 233
6097, 265, 852, 587
6098, 610, 1637, 1027
6099, 1034, 1267, 233
6100, 235, 305, 70
6101, 70, 110, 40
6102, 42, 50, 8
6103, 14, 14, 0
6104, 12, 12, 0
6105, 36, 44, 8
6106, 43, 53, 10
6107, 42, 56, 14
6108, 40, 53, 13
6109, 60, 92, 32
6110, 66, 102, 36
6111, 65, 98, 33
6112, 55, 80, 25
6113, 58, 85, 27
6114, 62, 93, 31
6115, 60, 85, 25
6116, 52, 67, 15
6117, 55, 82, 27
6118, 63, 106, 43
6119, 57, 81, 24
6120, 50, 66, 16
6121, 57, 82, 25
6122, 59, 87, 28
6123, 63, 94, 31
6124, 70, 106, 36
6125, 63, 101, 38
6126, 73, 115, 42
6127, 79, 135, 56
6128, 93, 178, 85
6129, 121, 267, 146
6130, 168, 449, 281
6131, 308, 1052, 744
6132, 765, 1664, 899
6133, 902, 1042, 140
6134, 142, 199, 57
6135, 59, 84, 25
6136, 30, 33, 3
6137, 10, 10, 0
6138, 24, 26, 2
6139, 34, 37, 3
6140, 41, 51, 10
6141, 42, 50, 8
6142, 39, 44, 5
6143, 37, 41, 4
6144, 47, 58, 11
6145, 49, 70, 21
6146, 62, 83, 21
6147, 70, 103, 33
6148, 73, 119, 46
6149, 85, 161, 76
6150, 105, 223, 118
6151, 144, 359, 215
6152, 235, 753, 518
6153, 534, 1608, 1074
6154, 1078, 1396, 318
6155, 320, 380, 60
6156, 62, 96, 34
6157, 40, 47, 7
6158, 20, 21, 1
6159, 18, 18, 0
6160, 31, 35, 4
6161, 36, 44, 8
6162, 47, 60, 13
6163, 47, 60, 13
6164, 46, 60, 14
6165, 49, 66, 17
6166, 46, 57, 11
6167, 39, 51, 12
6168, 52, 76, 24
6169, 49, 70, 21
6170, 60, 87, 27
6171, 59, 82, 23
6172, 59, 89, 30
6173, 58, 90, 32
6174, 58, 85, 27
6175, 58, 81, 23
6176, 51, 66, 15
6177, 46, 60, 14
6178, 50, 76, 26
6179, 57, 79, 22
6180, 51, 76, 25
6181, 57, 84, 27
6182, 56, 79, 23
6183, 54, 76, 22
6184, 57, 81, 24
6185, 57, 80, 23
6186, 47, 58, 11
6187, 47, 62, 15
6188, 52, 72, 20
6189, 57, 86, 29
6190, 62, 88, 26
6191, 62, 95, 33
6192, 63, 108, 45
6193, 81, 137, 56
6194, 88, 171, 83
6195, 118, 273, 155
6196, 184, 535, 351
6197, 375, 1285, 910
6198, 918, 1637, 719
6199, 720, 815, 95
6200, 96, 144, 48
6201, 52, 71, 19
6202, 23, 26, 3
6203, 10, 10, 0
6204, 19, 19, 0
6205, 40, 50, 10
6206, 46, 59, 13
6207, 45, 57, 12
6208, 47, 60, 13
6209, 51, 62, 11
6210, 36, 44, 8
6211, 51, 73, 22
6212, 54, 82, 28
6213, 67, 103, 36
6214, 82, 146, 64
6215, 88, 162, 74
6216, 105, 210, 105
6217, 138, 338, 200
6218, 224, 695, 471
6219, 493, 1524, 1031
6220, 1041, 1450, 409
6221, 410, 493, 83
6222, 84, 147, 63
6223, 65, 92, 27
6224, 36, 42, 6
6225, 16, 16, 0
6226, 30, 35, 5
6227, 36, 38, 2
6228, 41, 51, 10
6229, 54, 76, 22
6230, 55, 78, 23
6231, 59, 82, 23
6232, 48, 60, 12
6233, 40, 47, 7
6234, 41, 49, 8
6235, 40, 49, 9
6236, 36, 42, 6
6237, 42, 48, 6
6238, 41, 50, 9
6239, 48, 64, 16
6240, 48, 60, 12
6241, 57, 81, 24
6242, 53, 79, 26
6243, 74, 118, 44
6244, 70, 108, 38
6245, 74, 119, 45
6246, 76, 132, 56
6247, 92, 161, 69
6248, 98, 189, 91
6249, 109, 220, 111
6250, 135, 312, 177
6251, 206, 623, 417
6252, 440, 1398, 958
6253, 964, 1499, 535
6254, 536, 640, 104
6255, 105, 185, 80
6256, 82, 140, 58
6257, 61, 76, 15
6258, 27, 28, 1
6259, 22, 24, 2
6260, 34, 43, 9
6261, 40, 51, 11
6262, 56, 83, 27
6263, 58, 79, 21
6264, 64, 98, 34
6265, 72, 119, 47
6266, 78, 131, 53
6267, 81, 142, 61
6268, 101, 201, 100
6269, 129, 311, 182
6270, 207, 616, 409
6271, 430, 1417, 987
6272, 992, 1543, 551
6273, 554, 632, 78
6274, 81, 128, 47
6275, 51, 66, 15
6276, 19, 19, 0
6277, 9, 9, 0
6278, 19, 22, 3
6279, 36, 46, 10
6280, 44, 58, 14
6281, 47, 66, 19
6282, 55, 76, 21
6283, 60, 93, 33
6284, 70, 102, 32
6285, 62, 85, 23
6286, 51, 70, 19
6287, 46, 59, 13
6288, 51, 67, 16
6289, 51, 71, 20
6290, 50, 70, 20
6291, 55, 72, 17
6292, 48, 61, 13
6293, 46, 61, 15
6294, 48, 65, 17
6295, 42, 52, 10
6296, 43, 53, 10
6297, 41, 46, 5
6298, 30, 39, 9
6299, 45, 56, 11
6300, 48, 65, 17
6301, 50, 63, 13
6302, 39, 48, 9
6303, 54, 75, 21
6304, 55, 76, 21
6305, 67, 101, 34
6306, 70, 114, 44
6307, 72, 116, 44
6308, 74, 119, 45
6309, 72, 111, 39
6310, 69, 109, 40
6311, 66, 96, 30
6312, 74, 117, 43
6313, 76, 127, 51
6314, 84, 141, 57
6315, 87, 156, 69
6316, 102, 182, 80
6317, 111, 217, 106
6318, 129, 288, 159
6319, 192, 564, 372
6320, 394, 1296, 902
6321, 908, 1551, 643
6322, 644, 757, 113
6323, 114, 180, 66
6324, 67, 95, 28
6325, 32, 35, 3
6326, 15, 17, 2
6327, 31, 34, 3
6328, 42, 55, 13
6329, 49, 65, 16
6330, 44, 59, 15
6331, 41, 50, 9
6332, 41, 51, 10
6333, 40, 55, 15
6334, 60, 91, 31
6335, 71, 119, 48
6336, 81, 139, 58
6337, 90, 174, 84
6338, 124, 280, 156
6339, 189, 537, 348
6340, 370, 1283, 913
6341, 923, 1635, 712
6342, 712, 799, 87
6343, 88, 139, 51
6344, 55, 73, 18
6345, 21, 24, 3
6346, 14, 14, 0
6347, 23, 25, 2
6348, 34, 42, 8
6349, 42, 53, 11
6350, 38, 44, 6
6351, 39, 49, 10
6352, 37, 45, 8
6353, 34, 36, 2
6354, 42, 52, 10
6355, 41, 48, 7
6356, 49, 72, 23
6357, 52, 65, 13
6358, 39, 52, 13
6359, 43, 57, 14
6360, 36, 46, 10
6361, 46, 57, 11
6362, 63, 90, 27
6363, 60, 86, 26
6364, 69, 111, 42
6365, 82, 140, 58
6366, 92, 181, 89
6367, 124, 285, 161
6368, 178, 502, 324
6369, 349, 1222, 873
6370, 884, 1658, 774
6371, 776, 871, 95
6372, 95, 148, 53
6373, 55, 80, 25
6374, 29, 32, 3
6375, 13, 13, 0
6376, 17, 17, 0
6377, 26, 28, 2
6378, 51, 70, 19
6379, 59, 75, 16
6380, 47, 62, 15
6381, 47, 61, 14
6382, 48, 64, 16
6383, 44, 61, 17
6384, 54, 67, 13
6385, 43, 57, 14
6386, 46, 58, 12
6387, 59, 95, 36
6388, 65, 97, 32
6389, 67, 98, 31
6390, 64, 87, 23
6391, 48, 63, 15
6392, 52, 64, 12
6393, 51, 67, 16
6394, 45, 57, 12
6395, 43, 50, 7
6396, 38, 44, 6
6397, 41, 47, 6
6398, 33, 41, 8
6399, 45, 65, 20
6400, 52, 73, 21
6401, 53, 73, 20
6402, 49, 67, 18
6403, 49, 67, 18
6404, 44, 60, 16
6405, 42, 55, 13
6406, 55, 75, 20
6407, 59, 85, 26
6408, 61, 87, 26
6409, 61, 90, 29
6410, 62, 93, 31
6411, 69, 105, 36
6412, 58, 70, 12
6413, 41, 47, 6
6414, 42, 50, 8
6415, 42, 51, 9
6416, 36, 44, 8
6417, 39, 45, 6
6418, 37, 43, 6
6419, 37, 46, 9
6420, 47, 56, 9
6421, 36, 43, 7
6422, 42, 48, 6
6423, 47, 60, 13
6424, 44, 59, 15
6425, 51, 72, 21
6426, 53, 72, 19
6427, 46, 60, 14
6428, 41, 52, 11
6429, 55, 76, 21
6430, 55, 76, 21
6431, 61, 93, 32
6432, 61, 92, 31
6433, 62, 82, 20
6434, 65, 102, 37
6435, 78, 136, 58
6436, 97, 193, 96
6437, 124, 282, 158
6438, 186, 541, 355
6439, 379, 1285, 906
6440, 917, 1625, 708
6441, 709, 794, 85
6442, 87, 134, 47
6443, 48, 62, 14
6444, 21, 21, 0
6445, 4, 4, 0
6446, 22, 22, 0
6447, 43, 51, 8
6448, 40, 48, 8
6449, 40, 48, 8
6450, 40, 50, 10
6451, 49, 61, 12
6452, 39, 45, 6
6453, 49, 61, 12
6454, 39, 47, 8
6455, 41, 51, 10
6456, 44, 55, 11
6457, 49, 66, 17
6458, 45, 51, 6
6459, 34, 38, 4
6460, 32, 41, 9
6461, 36, 44, 8
6462, 31, 32, 1
6463, 27, 33, 6
6464, 53, 71, 18
6465, 49, 69, 20
6466, 63, 90, 27
6467, 58, 90, 32
6468, 59, 80, 21
6469, 44, 54, 10
6470, 44, 55, 11
6471, 52, 68, 16
6472, 51, 69, 18
6473, 45, 55, 10
6474, 41, 55, 14
6475, 49, 66, 17
6476, 46, 59, 13
6477, 51, 75, 24
6478, 53, 77, 24
6479, 56, 86, 30
6480, 59, 87, 28
6481, 57, 76, 19
6482, 56, 76, 20
6483, 57, 85, 28
6484, 58, 76, 18
6485, 57, 80, 23
6486, 60, 85, 25
6487, 62, 89, 27
6488, 50, 63, 13
6489, 36, 40, 4
6490, 26, 31, 5
6491, 38, 45, 7
6492, 44, 55, 11
6493, 55, 82, 27
6494, 73, 134, 61
6495, 104, 210, 106
6496, 136, 349, 213
6497, 242, 829, 587
6498, 607, 1710, 1103
6499, 1109, 1336, 227
6500, 228, 265, 37
6501, 38, 49, 11
6502, 13, 13, 0
6503, 3, 3, 0
6504, 15, 15, 0
6505, 25, 28, 3
6506, 41, 52, 11
6507, 56, 75, 19
6508, 50, 65, 15
6509, 53, 78, 25
6510, 59, 87, 28
6511, 63, 91, 28
6512, 54, 81, 27
6513, 56, 86, 30
6514, 72, 121, 49
6515, 68, 101, 33
6516, 61, 87, 26
6517, 63, 95, 32
6518, 68, 105, 37
6519, 67, 109, 42
6520, 72, 122, 50
6521, 81, 134, 53
6522, 79, 125, 46
6523, 81, 145, 64
6524, 94, 179, 85
6525, 113, 233, 120
6526, 142, 350, 208
6527, 232, 732, 500
6528, 517, 1555, 1038
6529, 1046, 1401, 355
6530, 358, 438, 80
6531, 82, 138, 56
6532, 58, 85, 27
6533, 36, 39, 3
6534, 21, 23, 2
6535, 38, 47, 9
6536, 54, 72, 18
6537, 65, 100, 35
6538, 68, 103, 35
6539, 68, 108, 40
6540, 65, 97, 32
6541, 70, 107, 37
6542, 65, 98, 33
6543, 61, 85, 24
6544, 63, 97, 34
6545, 70, 116, 46
6546, 81, 134, 53
6547, 81, 149, 68
6548, 98, 188, 90
6549, 121, 269, 148
6550, 168, 465, 297
6551, 326, 1106, 780
6552, 797, 1668, 871
6553, 874, 987, 113
6554, 114, 180, 66
6555, 68, 105, 37
6556, 41, 53, 12
6557, 18, 19, 1
6558, 23, 25, 2
6559, 38, 42, 4
6560, 33, 37, 4
6561, 37, 41, 4
6562, 36, 41, 5
6563, 41, 51, 10
6564, 44, 49, 5
6565, 42, 58, 16
6566, 51, 75, 24
6567, 51, 68, 17
6568, 61, 89, 28
6569, 64, 100, 36
6570, 67, 109, 42
6571, 73, 112, 39
6572, 68, 99, 31
6573, 61, 82, 21
6574, 47, 64, 17
6575, 40, 49, 9
6576, 39, 42, 3
6577, 40, 50, 10
6578, 50, 73, 23
6579, 62, 87, 25
6580, 65, 97, 32
6581, 66, 97, 31
6582, 59, 84, 25
6583, 54, 76, 22
6584, 48, 58, 10
6585, 42, 45, 3
6586, 40, 53, 13
6587, 50, 66, 16
6588, 42, 54, 12
6589, 40, 46, 6
6590, 33, 36, 3
6591, 44, 48, 4
6592, 31, 38, 7
6593, 34, 36, 2
6594, 25, 28, 3
6595, 36, 40, 4
6596, 47, 60, 13
6597, 43, 52, 9
6598, 38, 41, 3
6599, 30, 33, 3
6600, 28, 30, 2
6601, 28, 30, 2
6602, 30, 35, 5
6603, 38, 44, 6
6604, 40, 47, 7
6605, 36, 50, 14
6606, 49, 69, 20
6607, 51, 69, 18
6608, 55, 84, 29
6609, 67, 100, 33
6610, 68, 110, 42
6611, 72, 120, 48
6612, 78, 138, 60
6613, 83, 132, 49
6614, 77, 113, 36
6615, 81, 139, 58
6616, 87, 157, 70
6617, 96, 182, 86
6618, 116, 257, 141
6619, 166, 439, 273
6620, 295, 996, 701
6621, 725, 1665, 940
6622, 942, 1101, 159
6623, 160, 233, 73
6624, 75, 113, 38
6625, 40, 51, 11
6626, 18, 18, 0
6627, 20, 21, 1
6628, 39, 47, 8
6629, 45, 57, 12
6630, 45, 61, 16
6631, 48, 66, 18
6632, 48, 68, 20
6633, 49, 67, 18
6634, 48, 55, 7
6635, 36, 42, 6
6636, 29, 32, 3
6637, 37, 44, 7
6638, 38, 43, 5
6639, 46, 59, 13
6640, 55, 76, 21
6641, 47, 61, 14
6642, 48, 59, 11
6643, 37, 49, 12
6644, 52, 64, 12
6645, 44, 60, 16
6646, 42, 54, 12
6647, 56, 77, 21
6648, 53, 74, 21
6649, 56, 74, 18
6650, 47, 58, 11
6651, 41, 48, 7
6652, 41, 47, 6
6653, 48, 65, 17
6654, 50, 72, 22
6655, 52, 75, 23
6656, 59, 83, 24
6657, 49, 75, 26
6658, 62, 93, 31
6659, 62, 92, 30
6660, 59, 90, 31
6661, 61, 95, 34
6662, 61, 87, 26
6663, 67, 104, 37
6664, 61, 90, 29
6665, 65, 103, 38
6666, 66, 94, 28
6667, 66, 94, 28
6668, 58, 83, 25
6669, 58, 73, 15
6670, 45, 54, 9
6671, 48, 58, 10
6672, 38, 48, 10
6673, 55, 72, 17
6674, 49, 60, 11
6675, 42, 57, 15
6676, 31, 37, 6
6677, 44, 60, 16
6678, 50, 72, 22
6679, 43, 55, 12
6680, 42, 49, 7
6681, 34, 38, 4
6682, 37, 43, 6
6683, 48, 70, 22
6684, 56, 79, 23
6685, 57, 88, 31
6686, 63, 86, 23
6687, 49, 65, 16
6688, 53, 78, 25
6689, 52, 64, 12
6690, 49, 67, 18
6691, 52, 73, 21
6692, 51, 70, 19
6693, 54, 82, 28
6694, 69, 104, 35
6695, 58, 76, 18
6696, 58, 77, 19
6697, 51, 66, 15
6698, 50, 63, 13
6699, 44, 55, 11
6700, 45, 63, 18
6701, 47, 63, 16
6702, 53, 72, 19
6703, 49, 68, 19
6704, 45, 53, 8
6705, 44, 60, 16
6706, 53, 77, 24
6707, 52, 66, 14
6708, 46, 56, 10
6709, 50, 72, 22
6710, 48, 57, 9
6711, 52, 66, 14
6712, 40, 45, 5
6713, 41, 52, 11
6714, 35, 41, 6
6715, 37, 47, 10
6716, 38, 46, 8
6717, 46, 61, 15
6718, 59, 90, 31
6719, 64, 95, 31
6720, 61, 88, 27
6721, 64, 99, 35
6722, 64, 99, 35
6723, 75, 120, 45
6724, 71, 105, 34
6725, 63, 99, 36
6726, 71, 99, 28
6727, 54, 67, 13
6728, 45, 65, 20
6729, 50, 69, 19
6730, 62, 99, 37
6731, 61, 94, 33
6732, 64, 96, 32
6733, 64, 93, 29
6734, 63, 93, 30
6735, 60, 82, 22
6736, 50, 72, 22
6737, 62, 90, 28
6738, 58, 80, 22
6739, 42, 48, 6
6740, 41, 47, 6
6741, 40, 51, 11
6742, 50, 68, 18
6743, 44, 54, 10
6744, 49, 64, 15
6745, 47, 58, 11
6746, 32, 35, 3
6747, 43, 53, 10
6748, 50, 69, 19
6749, 63, 92, 29
6750, 66, 98, 32
6751, 54, 68, 14
6752, 46, 64, 18
6753, 58, 73, 15
6754, 47, 62, 15
6755, 51, 63, 12
6756, 43, 60, 17
6757, 51, 69, 18
6758, 49, 71, 22
6759, 60, 82, 22
6760, 56, 76, 20
6761, 57, 83, 26
6762, 71, 125, 54
6763, 79, 148, 69
6764, 99, 192, 93
6765, 125, 282, 157
6766, 183, 535, 352
6767, 385, 1319, 934
6768, 947, 1617, 670
6769, 672, 758, 86
6770, 87, 145, 58
6771, 58, 77, 19
6772, 22, 23, 1
6773, 19, 20, 1
6774, 26, 28, 2
6775, 24, 24, 0
6776, 35, 41, 6
6777, 40, 52, 12
6778, 46, 55, 9
6779, 47, 55, 8
6780, 45, 58, 13
6781, 47, 64, 17
6782, 60, 92, 32
6783, 73, 117, 44
6784, 81, 132, 51
6785, 88, 162, 74
6786, 102, 205, 103
6787, 136, 312, 176
6788, 208, 612, 404
6789, 434, 1429, 995
6790, 999, 1523, 524
6791, 525, 612, 87
6792, 87, 133, 46
6793, 47, 57, 10
6794, 16, 17, 1
6795, 10, 10, 0
6796, 28, 30, 2
6797, 48, 64, 16
6798, 52, 68, 16
6799, 48, 66, 18
6800, 53, 79, 26
6801, 55, 77, 22
6802, 58, 79, 21
6803, 51, 71, 20
6804, 55, 74, 19
6805, 56, 80, 24
6806, 56, 77, 21
6807, 56, 77, 21
6808, 47, 66, 19
6809, 54, 81, 27
6810, 60, 92, 32
6811, 65, 97, 32
6812, 66, 106, 40
6813, 81, 132, 51
6814, 89, 154, 65
6815, 98, 197, 99
6816, 133, 308, 175
6817, 197, 571, 374
6818, 403, 1369, 966
6819, 975, 1568, 593
6820, 594, 686, 92
6821, 95, 145, 50
6822, 54, 67, 13
6823, 17, 17, 0
6824, 16, 17, 1
6825, 34, 38, 4
6826, 38, 48, 10
6827, 37, 47, 10
6828, 51, 66, 15
6829, 53, 71, 18
6830, 52, 67, 15
6831, 50, 67, 17
6832, 58, 83, 25
6833, 54, 77, 23
6834, 43, 53, 10
6835, 46, 56, 10
6836, 45, 62, 17
6837, 43, 54, 11
6838, 54, 80, 26
6839, 60, 91, 31
6840, 71, 110, 39
6841, 80, 134, 54
6842, 82, 148, 66
6843, 93, 175, 82
6844, 117, 253, 136
6845, 172, 476, 304
6846, 327, 1124, 797
6847, 810, 1671, 861
6848, 862, 979, 117
6849, 118, 178, 60
6850, 63, 99, 36
6851, 41, 46, 5
6852, 14, 14, 0
6853, 25, 26, 1
6854, 36, 42, 6
6855, 35, 38, 3
6856, 45, 55, 10
6857, 55, 74, 19
6858, 47, 61, 14
6859, 56, 84, 28
6860, 68, 99, 31
6861, 66, 98, 32
6862, 63, 87, 24
6863, 61, 81, 20
6864, 59, 86, 27
6865, 72, 110, 38
6866, 61, 90, 29
6867, 61, 86, 25
6868, 52, 70, 18
6869, 49, 57, 8
6870, 32, 37, 5
6871, 39, 46, 7
6872, 43, 55, 12
6873, 44, 59, 15
6874, 53, 71, 18
6875, 57, 91, 34
6876, 61, 87, 26
6877, 56, 72, 16
6878, 43, 51, 8
6879, 54, 76, 22
6880, 54, 78, 24
6881, 50, 66, 16
6882, 58, 84, 26
6883, 52, 69, 17
6884, 56, 81, 25
6885, 67, 104, 37
6886, 78, 129, 51
6887, 80, 131, 51
6888, 77, 124, 47
6889, 72, 111, 39
6890, 64, 88, 24
6891, 63, 96, 33
6892, 73, 108, 35
6893, 66, 94, 28
6894, 70, 105, 35
6895, 61, 91, 30
6896, 60, 93, 33
6897, 71, 107, 36
6898, 70, 120, 50
6899, 82, 146, 64
6900, 88, 159, 71
6901, 105, 218, 113
6902, 130, 331, 201
6903, 224, 693, 469
6904, 492, 1532, 1040
6905, 1047, 1453, 406
6906, 407, 492, 85
6907, 87, 142, 55
6908, 56, 76, 20
6909, 29, 31, 2
6910, 12, 12, 0
6911, 22, 23, 1
6912, 40, 51, 11
6913, 50, 75, 25
6914, 64, 104, 40
6915, 75, 114, 39
6916, 74, 109, 35
6917, 59, 86, 27
6918, 59, 98, 39
6919, 70, 105, 35
6920, 61, 89, 28
6921, 60, 96, 36
6922, 75, 119, 44
6923, 76, 129, 53
6924, 90, 177, 87
6925, 130, 310, 180
6926, 204, 604, 400
6927, 428, 1417, 989
6928, 995, 1566, 571
6929, 573, 647, 74
6930, 75, 115, 40
6931, 45, 57, 12
6932, 15, 15, 0
6933, 12, 12, 0
6934, 29, 37, 8
6935, 34, 41, 7
6936, 49, 66, 17
6937, 60, 87, 27
6938, 63, 93, 30
6939, 64, 91, 27
6940, 54, 72, 18
6941, 44, 49, 5
6942, 42, 48, 6
6943, 41, 53, 12
6944, 51, 71, 20
6945, 46, 56, 10
6946, 52, 78, 26
6947, 63, 96, 33
6948, 71, 116, 45
6949, 80, 136, 56
6950, 97, 192, 95
6951, 132, 295, 163
6952, 189, 544, 355
6953, 374, 1255, 881
6954, 888, 1613, 725
6955, 725, 818, 93
6956, 94, 148, 54
6957, 58, 78, 20
6958, 22, 24, 2
6959, 11, 11, 0
6960, 35, 37, 2
6961, 38, 45, 7
6962, 36, 43, 7
6963, 48, 70, 22
6964, 53, 73, 20
6965, 47, 60, 13
6966, 43, 53, 10
6967, 43, 54, 11
6968, 40, 48, 8
6969, 45, 56, 11
6970, 52, 77, 25
6971, 49, 60, 11
6972, 47, 60, 13
6973, 45, 56, 11
6974, 37, 48, 11
6975, 50, 71, 21
6976, 61, 91, 30
6977, 67, 101, 34
6978, 71, 109, 38
6979, 68, 110, 42
6980, 70, 106, 36
6981, 67, 105, 38
6982, 68, 110, 42
6983, 71, 102, 31
6984, 71, 117, 46
6985, 81, 138, 57
6986, 95, 177, 82
6987, 118, 259, 141
6988, 173, 485, 312
6989, 337, 1126, 789
6990, 799, 1656, 857
6991, 859, 977, 118
6992, 120, 175, 55
6993, 55, 78, 23
6994, 25, 32, 7
6995, 15, 16, 1
6996, 20, 21, 1
6997, 42, 46, 4
6998, 36, 43, 7
6999, 41, 53, 12
7000, 49, 66, 17
7001, 47, 60, 13
7002, 53, 71, 18
7003, 61, 96, 35
7004, 55, 77, 22
7005, 60, 84, 24
7006, 66, 97, 31
7007, 72, 111, 39
7008, 68, 103, 35
7009, 61, 88, 27
7010, 53, 75, 22
7011, 58, 84, 26
7012, 62, 87, 25
7013, 58, 78, 20
7014, 45, 57, 12
7015, 50, 64, 14
7016, 44, 53, 9
7017, 50, 64, 14
7018, 55, 76, 21
7019, 53, 71, 18
7020, 57, 82, 25
7021, 54, 80, 26
7022, 64, 99, 35
7023, 84, 153, 69
7024, 108, 219, 111
7025, 141, 335, 194
7026, 227, 738, 511
7027, 537, 1596, 1059
7028, 1064, 1401, 337
7029, 337, 398, 61
7030, 63, 92, 29
7031, 32, 33, 1
7032, 11, 11, 0
7033, 23, 24, 1
7034, 44, 54, 10
7035, 47, 63, 16
7036, 45, 54, 9
7037, 50, 78, 28
7038, 63, 104, 41
7039, 82, 143, 61
7040, 93, 182, 89
7041, 122, 279, 157
7042, 196, 576, 380
7043, 411, 1403, 992
7044, 1002, 1583, 581
7045, 582, 669, 87
7046, 88, 135, 47
7047, 51, 71, 20
7048, 22, 24, 2
7049, 16, 17, 1
7050, 30, 34, 4
7051, 33, 38, 5
7052, 40, 52, 12
7053, 36, 47, 11
7054, 38, 46, 8
7055, 53, 79, 26
7056, 53, 73, 20
7057, 68, 115, 47
7058, 91, 185, 94
7059, 117, 253, 136
7060, 164, 438, 274
7061, 298, 1027, 729
7062, 748, 1694, 946
7063, 948, 1078, 130
7064, 130, 177, 47
7065, 48, 69, 21
7066, 29, 31, 2
7067, 13, 13, 0
7068, 22, 23, 1
7069, 37, 43, 6
7070, 44, 51, 7
7071, 39, 48, 9
7072, 38, 45, 7
7073, 40, 48, 8
7074, 47, 59, 12
7075, 47, 60, 13
7076, 44, 56, 12
7077, 54, 69, 15
7078, 42, 47, 5
7079, 38, 48, 10
7080, 50, 69, 19
7081, 45, 66, 21
7082, 59, 86, 27
7083, 69, 110, 41
7084, 70, 106, 36
7085, 63, 91, 28
7086, 60, 86, 26
7087, 51, 76, 25
7088, 61, 92, 31
7089, 65, 93, 28
7090, 54, 70, 16
7091, 42, 53, 11
7092, 46, 62, 16
7093, 50, 63, 13
7094, 43, 51, 8
7095, 41, 52, 11
7096, 49, 68, 19
7097, 59, 82, 23
7098, 58, 82, 24
7099, 44, 52, 8
7100, 38, 47, 9
7101, 48, 60, 12
7102, 40, 51, 11
7103, 43, 55, 12
7104, 59, 92, 33
7105, 66, 94, 28
7106, 57, 74, 17
7107, 46, 56, 10
7108, 37, 45, 8
7109, 35, 43, 8
7110, 46, 60, 14
7111, 42, 54, 12
7112, 40, 46, 6
7113, 39, 46, 7
7114, 57, 88, 31
7115, 63, 94, 31
7116, 62, 89, 27
7117, 63, 93, 30
7118, 61, 93, 32
7119, 68, 110, 42
7120, 74, 116, 42
7121, 74, 129, 55
7122, 90, 155, 65
7123, 90, 172, 82
7124, 116, 248, 132
7125, 163, 432, 269
7126, 289, 968, 679
7127, 699, 1665, 966
7128, 969, 1141, 172
7129, 173, 238, 65
7130, 68, 104, 36
7131, 39, 43, 4
7132, 11, 11, 0
7133, 18, 18, 0
7134, 34, 42, 8
7135, 41, 50, 9
7136, 54, 84, 30
7137, 62, 90, 28
7138, 65, 97, 32
7139, 66, 104, 38
7140, 70, 108, 38
7141, 67, 115, 48
7142, 90, 160, 70
7143, 96, 181, 85
7144, 117, 260, 143
7145, 168, 463, 295
7146, 319, 1085, 766
7147, 782, 1652, 870
7148, 873, 1018, 145
7149, 148, 218, 70
7150, 73, 111, 38
7151, 44, 54, 10
7152, 24, 27, 3
7153, 22, 24, 2
7154, 33, 40, 7
7155, 45, 58, 13
7156, 39, 55, 16
7157, 51, 66, 15
7158, 47, 67, 20
7159, 51, 73, 22
7160, 48, 67, 19
7161, 38, 50, 12
7162, 54, 85, 31
7163, 67, 102, 35
7164, 78, 125, 47
7165, 75, 124, 49
7166, 74, 126, 52
7167, 86, 158, 72
7168, 108, 227, 119
7169, 145, 349, 204
7170, 229, 698, 469
7171, 494, 1525, 1031
7172, 1034, 1437, 403
7173, 403, 477, 74
7174, 75, 121, 46
7175, 47, 60, 13
7176, 23, 25, 2
7177, 13, 14, 1
7178, 25, 29, 4
7179, 35, 39, 4
7180, 29, 33, 4
7181, 37, 46, 9
7182, 43, 60, 17
7183, 56, 84, 28
7184, 72, 121, 49
7185, 80, 143, 63
7186, 97, 174, 77
7187, 105, 215, 110
7188, 144, 351, 207
7189, 233, 766, 533
7190, 551, 1590, 1039
7191, 1043, 1370, 327
7192, 328, 401, 73
7193, 75, 106, 31
7194, 37, 45, 8
7195, 11, 11, 0
7196, 19, 20, 1
7197, 36, 40, 4
7198, 39, 50, 11
7199, 48, 62, 14
7200, 46, 57, 11
7201, 47, 63, 16
7202, 51, 68, 17
7203, 52, 69, 17
7204, 57, 78, 21
7205, 46, 61, 15
7206, 52, 67, 15
7207, 59, 100, 41
7208, 61, 85, 24
7209, 55, 75, 20
7210, 49, 63, 14
7211, 46, 62, 16
7212, 57, 80, 23
7213, 64, 103, 39
7214, 75, 131, 56
7215, 94, 180, 86
7216, 113, 250, 137
7217, 164, 439, 275
7218, 305, 1056, 751
7219, 767, 1689, 922
7220, 923, 1056, 133
7221, 134, 191, 57
7222, 60, 89, 29
7223, 39, 49, 10
7224, 16, 16, 0
7225, 19, 20, 1
7226, 27, 28, 1
7227, 28, 34, 6
7228, 50, 73, 23
7229, 57, 86, 29
7230, 72, 118, 46
7231, 74, 128, 54
7232, 82, 149, 67
7233, 91, 160, 69
7234, 98, 197, 99
7235, 132, 313, 181
7236, 209, 635, 426
7237, 448, 1488, 1040
7238, 1053, 1512, 459
7239, 460, 547, 87
7240, 87, 135, 48
7241, 50, 74, 24
7242, 29, 31, 2
7243, 17, 17, 0
7244, 23, 23, 0
7245, 32, 37, 5
7246, 36, 44, 8
7247, 48, 64, 16
7248, 44, 54, 10
7249, 52, 68, 16
7250, 45, 52, 7
7251, 39, 49, 10
7252, 37, 40, 3
7253, 36, 39, 3
7254, 47, 54, 7
7255, 41, 49, 8
7256, 41, 49, 8
7257, 47, 61, 14
7258, 51, 71, 20
7259, 58, 86, 28
7260, 60, 83, 23
7261, 55, 82, 27
7262, 56, 73, 17
7263, 59, 86, 27
7264, 54, 71, 17
7265, 58, 81, 23
7266, 61, 97, 36
7267, 69, 109, 40
7268, 76, 125, 49
7269, 83, 153, 70
7270, 111, 243, 132
7271, 154, 383, 229
7272, 257, 837, 580
7273, 596, 1635, 1039
7274, 1041, 1297, 256
7275, 257, 319, 62
7276, 62, 94, 32
7277, 38, 47, 9
7278, 15, 15, 0
7279, 15, 16, 1
7280, 28, 32, 4
7281, 39, 48, 9
7282, 51, 64, 13
7283, 49, 64, 15
7284, 53, 70, 17
7285, 59, 75, 16
7286, 50, 65, 15
7287, 47, 59, 12
7288, 48, 62, 14
7289, 39, 47, 8
7290, 40, 48, 8
7291, 41, 48, 7
7292, 44, 54, 10
7293, 48, 67, 19
7294, 49, 64, 15
7295, 53, 70, 17
7296, 48, 65, 17
7297, 52, 73, 21
7298, 53, 73, 20
7299, 59, 89, 30
7300, 57, 81, 24
7301, 55, 85, 30
7302, 63, 93, 30
7303, 60, 77, 17
7304, 45, 56, 11
7305, 37, 41, 4
7306, 27, 32, 5
7307, 45, 56, 11
7308, 46, 62, 16
7309, 47, 65, 18
7310, 45, 59, 14
7311, 46, 59, 13
7312, 42, 51, 9
7313, 50, 67, 17
7314, 48, 62, 14
7315, 47, 62, 15
7316, 42, 51, 9
7317, 48, 57, 9
7318, 40, 47, 7
7319, 42, 52, 10
7320, 46, 55, 9
7321, 45, 53, 8
7322, 42, 53, 11
7323, 47, 59, 12
7324, 42, 55, 13
7325, 49, 62, 13
7326, 43, 54, 11
7327, 45, 60, 15
7328, 52, 66, 14
7329, 59, 84, 25
7330, 59, 89, 30
7331, 64, 94, 30
7332, 59, 86, 27
7333, 64, 95, 31
7334, 70, 109, 39
7335, 74, 124, 50
7336, 80, 134, 54
7337, 88, 156, 68
7338, 104, 214, 110
7339, 136, 330, 194
7340, 220, 675, 455
7341, 467, 1500, 1033
7342, 1038, 1481, 443
7343, 443, 525, 82
7344, 85, 137, 52
7345, 56, 74, 18
7346, 22, 22, 0
7347, 13, 13, 0
7348, 30, 35, 5
7349, 36, 41, 5
7350, 43, 49, 6
7351, 38, 44, 6
7352, 43, 53, 10
7353, 38, 47, 9
7354, 45, 55, 10
7355, 46, 51, 5
7356, 42, 55, 13
7357, 58, 89, 31
7358, 78, 133, 55
7359, 92, 176, 84
7360, 113, 232, 119
7361, 156, 415, 259
7362, 282, 931, 649
7363, 669, 1670, 1001
7364, 1007, 1185, 178
7365, 179, 235, 56
7366, 59, 83, 24
7367, 28, 29, 1
7368, 14, 14, 0
7369, 15, 16, 1
7370, 39, 45, 6
7371, 43, 57, 14
7372, 48, 70, 22
7373, 70, 114, 44
7374, 81, 146, 65
7375, 107, 232, 125
7376, 161, 420, 259
7377, 292, 1025, 733
7378, 751, 1730, 979
7379, 979, 1107, 128
7380, 131, 176, 45
7381, 46, 58, 12
7382, 17, 20, 3
7383, 9, 9, 0
7384, 9, 9, 0
7385, 31, 36, 5
7386, 48, 61, 13
7387, 47, 66, 19
7388, 48, 61, 13
7389, 52, 70, 18
7390, 45, 58, 13
7391, 53, 70, 17
7392, 50, 63, 13
7393, 43, 51, 8
7394, 42, 53, 11
7395, 51, 73, 22
7396, 51, 75, 24
7397, 54, 70, 16
7398, 50, 62, 12
7399, 36, 40, 4
7400, 38, 41, 3
7401, 44, 57, 13
7402, 50, 63, 13
7403, 49, 66, 17
7404, 46, 63, 17
7405, 54, 79, 25
7406, 50, 66, 16
7407, 53, 70, 17
7408, 54, 77, 23
7409, 60, 85, 25
7410, 63, 97, 34
7411, 71, 107, 36
7412, 75, 122, 47
7413, 72, 109, 37
7414, 63, 84, 21
7415, 53, 75, 22
7416, 61, 88, 27
7417, 65, 94, 29
7418, 55, 74, 19
7419, 49, 66, 17
7420, 49, 64, 15
7421, 39, 47, 8
7422, 42, 57, 15
7423, 41, 50, 9
7424, 50, 73, 23
7425, 62, 94, 32
7426, 64, 95, 31
7427, 55, 76, 21
7428, 51, 60, 9
7429, 43, 51, 8
7430, 45, 54, 9
7431, 44, 62, 18
7432, 56, 77, 21
7433, 50, 72, 22
7434, 53, 74, 21
7435, 53, 71, 18
7436, 51, 75, 24
7437, 62, 90, 28
7438, 68, 99, 31
7439, 55, 74, 19
7440, 60, 87, 27
7441, 55, 78, 23
7442, 53, 70, 17
7443, 47, 58, 11
7444, 50, 68, 18
7445, 51, 66, 15
7446, 56, 80, 24
7447, 45, 58, 13
7448, 44, 62, 18
7449, 44, 56, 12
7450, 49, 61, 12
7451, 48, 62, 14
7452, 55, 74, 19
7453, 60, 84, 24
7454, 53, 71, 18
7455, 53, 72, 19
7456, 54, 74, 20
7457, 61, 92, 31
7458, 65, 95, 30
7459, 60, 76, 16
7460, 51, 62, 11
7461, 51, 70, 19
7462, 54, 71, 17
7463, 45, 56, 11
7464, 42, 51, 9
7465, 51, 65, 14
7466, 44, 54, 10
7467, 47, 66, 19
7468, 56, 72, 16
7469, 45, 55, 10
7470, 46, 64, 18
7471, 60, 94, 34
7472, 68, 113, 45
7473, 68, 102, 34
7474, 70, 106, 36
7475, 70, 109, 39
7476, 62, 91, 29
7477, 60, 87, 27
7478, 59, 86, 27
7479, 62, 87, 25
7480, 53, 67, 14
7481, 48, 67, 19
7482, 47, 57, 10
7483, 48, 59, 11
7484, 37, 49, 12
7485, 56, 80, 24
7486, 48, 65, 17
7487, 47, 61, 14
7488, 48, 64, 16
7489, 48, 63, 15
7490, 51, 69, 18
7491, 49, 78, 29
7492, 60, 89, 29
7493, 53, 76, 23
7494, 49, 70, 21
7495, 47, 60, 13
7496, 48, 70, 22
7497, 49, 65, 16
7498, 48, 62, 14
7499, 42, 53, 11
7500, 36, 47, 11
7501, 52, 72, 20
7502, 45, 63, 18
7503, 55, 69, 14
7504, 47, 58, 11
7505, 43, 55, 12
7506, 43, 55, 12
7507, 54, 77, 23
7508, 64, 85, 21
7509, 56, 80, 24
7510, 51, 70, 19
7511, 48, 65, 17
7512, 48, 68, 20
7513, 49, 59, 10
7514, 44, 54, 10
7515, 52, 70, 18
7516, 49, 69, 20
7517, 60, 81, 21
7518, 49, 68, 19
7519, 58, 77, 19
7520, 54, 75, 21
7521, 51, 74, 23
7522, 53, 78, 25
7523, 62, 100, 38
7524, 65, 106, 41
7525, 65, 94, 29
7526, 67, 108, 41
7527, 76, 122, 46
7528, 71, 114, 43
7529, 76, 120, 44
7530, 78, 122, 44
7531, 70, 112, 42
7532, 71, 108, 37
7533, 62, 86, 24
7534, 56, 80, 24
7535, 59, 82, 23
7536, 48, 57, 9
7537, 38, 44, 6
7538, 37, 44, 7
7539, 50, 68, 18
7540, 52, 64, 12
7541, 45, 60, 15
7542, 42, 55, 13
7543, 50, 66, 16
7544, 59, 78, 19
7545, 61, 93, 32
7546, 65, 98, 33
7547, 70, 107, 37
7548, 71, 109, 38
7549, 66, 103, 37
7550, 63, 97, 34
7551, 58, 78, 20
7552, 61, 87, 26
7553, 63, 93, 30
7554, 67, 107, 40
7555, 66, 100, 34
7556, 68, 104, 36
7557, 74, 126, 52
7558, 86, 144, 58
7559, 92, 170, 78
7560, 112, 242, 130
7561, 160, 411, 251
7562, 274, 882, 608
7563, 630, 1624, 994
7564, 999, 1229, 230
7565, 231, 297, 66
7566, 68, 100, 32
7567, 35, 38, 3
7568, 10, 10, 0
7569, 17, 18, 1
7570, 32, 40, 8
7571, 39, 48, 9
7572, 45, 61, 16
7573, 46, 58, 12
7574, 44, 60, 16
7575, 38, 46, 8
7576, 43, 55, 12
7577, 49, 63, 14
7578, 57, 80, 23
7579, 56, 75, 19
7580, 52, 74, 22
7581, 56, 75, 19
7582, 52, 67, 15
7583, 56, 81, 25
7584, 60, 97, 37
7585, 69, 108, 39
7586, 72, 116, 44
7587, 69, 103, 34
7588, 62, 92, 30
7589, 71, 115, 44
7590, 73, 116, 43
7591, 76, 133, 57
7592, 90, 152, 62
7593, 92, 177, 85
7594, 116, 223, 107
7595, 137, 332, 195
7596, 216, 664, 448
7597, 465, 1470, 1005
7598, 1015, 1471, 456
7599, 457, 541, 84
7600, 85, 150, 65
7601, 69, 99, 30
7602, 35, 41, 6
7603, 22, 23, 1
7604, 28, 32, 4
7605, 38, 46, 8
7606, 37, 45, 8
7607, 39, 47, 8
7608, 49, 59, 10
7609, 45, 56, 11
7610, 46, 54, 8
7611, 37, 48, 11
7612, 39, 40, 1
7613, 30, 34, 4
7614, 27, 29, 2
7615, 41, 45, 4
7616, 38, 44, 6
7617, 44, 60, 16
7618, 56, 78, 22
7619, 55, 82, 27
7620, 59, 89, 30
7621, 63, 95, 32
7622, 60, 96, 36
7623, 62, 88, 26
7624, 64, 99, 35
7625, 64, 97, 33
7626, 63, 93, 30
7627, 62, 98, 36
7628, 72, 102, 30
7629, 66, 94, 28
7630, 73, 116, 43
7631, 61, 91, 30
7632, 64, 92, 28
7633, 58, 89, 31
7634, 58, 87, 29
7635, 52, 63, 11
7636, 45, 56, 11
7637, 44, 56, 12
7638, 46, 57, 11
7639, 46, 52, 6
7640, 33, 38, 5
7641, 29, 35, 6
7642, 41, 52, 11
7643, 45, 59, 14
7644, 40, 48, 8
7645, 39, 49, 10
7646, 44, 65, 21
7647, 54, 82, 28
7648, 60, 96, 36
7649, 80, 146, 66
7650, 96, 194, 98
7651, 135, 331, 196
7652, 219, 699, 480
7653, 494, 1600, 1106
7654, 1112, 1476, 364
7655, 366, 423, 57
7656, 58, 86, 28
7657, 30, 33, 3
7658, 12, 12, 0
7659, 12, 12, 0
7660, 33, 40, 7
7661, 44, 55, 11
7662, 52, 74, 22
7663, 69, 116, 47
7664, 77, 129, 52
7665, 81, 145, 64
7666, 100, 201, 101
7667, 129, 301, 172
7668, 199, 608, 409
7669, 436, 1446, 1010
7670, 1021, 1553, 532
7671, 532, 607, 75
7672, 77, 130, 53
7673, 61, 80, 19
7674, 31, 32, 1
7675, 14, 14, 0
7676, 26, 30, 4
7677, 41, 53, 12
7678, 47, 60, 13
7679, 45, 54, 9
7680, 44, 51, 7
7681, 42, 53, 11
7682, 51, 68, 17
7683, 51, 67, 16
7684, 43, 52, 9
7685, 35, 43, 8
7686, 41, 50, 9
7687, 45, 59, 14
7688, 48, 66, 18
7689, 58, 88, 30
7690, 56, 77, 21
7691, 60, 89, 29
7692, 61, 87, 26
7693, 57, 75, 18
7694, 49, 59, 10
7695, 46, 56, 10
7696, 40, 45, 5
7697, 41, 52, 11
7698, 49, 67, 18
7699, 60, 86, 26
7700, 53, 71, 18
7701, 65, 100, 35
7702, 69, 103, 34
7703, 64, 97, 33
7704, 67, 113, 46
7705, 83, 146, 63
7706, 93, 160, 67
7707, 106, 210, 104
7708, 144, 355, 211
7709, 236, 750, 514
7710, 541, 1592, 1051
7711, 1057, 1376, 319
7712, 319, 397, 78
7713, 80, 118, 38
7714, 42, 57, 15
7715, 23, 24, 1
7716, 11, 12, 1
7717, 43, 52, 9
7718, 44, 64, 20
7719, 56, 76, 20
7720, 57, 88, 31
7721, 56, 86, 30
7722, 58, 87, 29
7723, 53, 73, 20
7724, 53, 76, 23
7725, 51, 66, 15
7726, 49, 61, 12
7727, 48, 61, 13
7728, 48, 70, 22
7729, 60, 89, 29
7730, 63, 85, 22
7731, 70, 115, 45
7732, 78, 138, 60
7733, 91, 168, 77
7734, 111, 224, 113
7735, 148, 363, 215
7736, 243, 774, 531
7737, 553, 1607, 1054
7738, 1056, 1353, 297
7739, 298, 368, 70
7740, 72, 115, 43
7741, 47, 55, 8
7742, 11, 11, 0
7743, 15, 16, 1
7744, 32, 38, 6
7745, 48, 63, 15
7746, 49, 74, 25
7747, 63, 100, 37
7748, 66, 95, 29
7749, 62, 91, 29
7750, 60, 83, 23
7751, 63, 97, 34
7752, 57, 87, 30
7753, 63, 87, 24
7754, 55, 78, 23
7755, 62, 88, 26
7756, 60, 87, 27
7757, 52, 67, 15
7758, 45, 62, 17
7759, 56, 76, 20
7760, 55, 74, 19
7761, 45, 62, 17
7762, 65, 97, 32
7763, 64, 95, 31
7764, 56, 77, 21
7765, 49, 61, 12
7766, 37, 44, 7
7767, 41, 49, 8
7768, 41, 54, 13
7769, 51, 76, 25
7770, 60, 93, 33
7771, 64, 92, 28
7772, 67, 102, 35
7773, 62, 95, 33
7774, 70, 116, 46
7775, 78, 130, 52
7776, 78, 127, 49
7777, 73, 110, 37
7778, 68, 108, 40
7779, 71, 110, 39
7780, 70, 99, 29
7781, 64, 92, 28
7782, 55, 73, 18
7783, 55, 80, 25
7784, 56, 72, 16
7785, 50, 69, 19
7786, 47, 63, 16
7787, 49, 64, 15
7788, 33, 38, 5
7789, 39, 48, 9
7790, 47, 58, 11
7791, 40, 46, 6
7792, 51, 69, 18
7793, 59, 87, 28
7794, 71, 105, 34
7795, 70, 112, 42
7796, 80, 136, 56
7797, 85, 161, 76
7798, 104, 201, 97
7799, 126, 286, 160
7800, 178, 496, 318
7801, 342, 1140, 798
7802, 819, 1635, 816
7803, 818, 928, 110
7804, 112, 178, 66
7805, 71, 101, 30
7806, 33, 38, 5
7807, 15, 15, 0
7808, 23, 26, 3
7809, 33, 38, 5
7810, 36, 41, 5
7811, 42, 49, 7
7812, 37, 41, 4
7813, 35, 45, 10
7814, 46, 61, 15
7815, 56, 81, 25
7816, 61, 94, 33
7817, 74, 114, 40
7818, 75, 126, 51
7819, 77, 129, 52
7820, 85, 149, 64
7821, 99, 203, 104
7822, 131, 284, 153
7823, 185, 536, 351
7824, 371, 1279, 908
7825, 925, 1616, 691
7826, 692, 788, 96
7827, 96, 158, 62
7828, 64, 98, 34
7829, 40, 46, 6
7830, 15, 15, 0
7831, 15, 17, 2
7832, 40, 53, 13
7833, 50, 65, 15
7834, 53, 73, 20
7835, 52, 74, 22
7836, 59, 100, 41
7837, 78, 133, 55
7838, 80, 127, 47
7839, 86, 160, 74
7840, 112, 239, 127
7841, 157, 409, 252
7842, 275, 900, 625
7843, 645, 1678, 1033
7844, 1035, 1224, 189
7845, 189, 241, 52
7846, 53, 72, 19
7847, 21, 23, 2
7848, 12, 12, 0
7849, 9, 9, 0
7850, 30, 34, 4
7851, 43, 53, 10
7852, 41, 50, 9
7853, 44, 56, 12
7854, 50, 66, 16
7855, 47, 64, 17
7856, 58, 88, 30
7857, 64, 103, 39
7858, 70, 113, 43
7859, 76, 125, 49
7860, 74, 117, 43
7861, 70, 105, 35
7862, 66, 97, 31
7863, 66, 96, 30
7864, 62, 100, 38
7865, 61, 87, 26
7866, 63, 99, 36
7867, 68, 105, 37
7868, 65, 98, 33
7869, 66, 96, 30
7870, 61, 91, 30
7871, 66, 99, 33
7872, 65, 98, 33
7873, 59, 79, 20
7874, 40, 48, 8
7875, 41, 49, 8
7876, 41, 49, 8
7877, 48, 62, 14
7878, 48, 64, 16
7879, 55, 74, 19
7880, 47, 59, 12
7881, 37, 42, 5
7882, 36, 45, 9
7883, 56, 83, 27
7884, 64, 90, 26
7885, 66, 110, 44
7886, 81, 141, 60
7887, 79, 146, 67
7888, 100, 208, 108
7889, 132, 308, 176
7890, 197, 595, 398
7891, 417, 1381, 964
7892, 969, 1571, 602
7893, 603, 681, 78
7894, 79, 140, 61
7895, 63, 87, 24
7896, 34, 37, 3
7897, 14, 14, 0
7898, 26, 30, 4
7899, 45, 59, 14
7900, 42, 51, 9
7901, 50, 69, 19
7902, 66, 99, 33
7903, 58, 83, 25
7904, 52, 68, 16
7905, 45, 55, 10
7906, 43, 51, 8
7907, 32, 35, 3
7908, 35, 46, 11
7909, 60, 83, 23
7910, 49, 68, 19
7911, 60, 78, 18
7912, 49, 67, 18
7913, 50, 63, 13
7914, 57, 71, 14
7915, 42, 48, 6
7916, 28, 30, 2
7917, 31, 35, 4
7918, 35, 40, 5
7919, 40, 50, 10
7920, 42, 52, 10
7921, 41, 52, 11
7922, 41, 47, 6
7923, 39, 47, 8
7924, 37, 45, 8
7925, 42, 52, 10
7926, 46, 61, 15
7927, 47, 64, 17
7928, 48, 63, 15
7929, 46, 54, 8
7930, 49, 62, 13
7931, 52, 67, 15
7932, 54, 78, 24
7933, 67, 103, 36
7934, 64, 105, 41
7935, 84, 143, 59
7936, 86, 159, 73
7937, 102, 201, 99
7938, 137, 323, 186
7939, 210, 626, 416
7940, 433, 1396, 963
7941, 970, 1523, 553
7942, 556, 638, 82
7943, 83, 137, 54
7944, 60, 87, 27
7945, 31, 33, 2
7946, 14, 14, 0
7947, 26, 27, 1
7948, 46, 54, 8
7949, 40, 44, 4
7950, 37, 47, 10
7951, 49, 62, 13
7952, 47, 59, 12
7953, 36, 43, 7
7954, 37, 46, 9
7955, 33, 36, 3
7956, 36, 45, 9
7957, 44, 67, 23
7958, 60, 90, 30
7959, 57, 82, 25
7960, 55, 82, 27
7961, 58, 80, 22
7962, 62, 87, 25
7963, 59, 86, 27
7964, 65, 101, 36
7965, 57, 84, 27
7966, 64, 88, 24
7967, 61, 89, 28
7968, 61, 87, 26
7969, 65, 96, 31
7970, 67, 98, 31
7971, 67, 102, 35
7972, 68, 113, 45
7973, 79, 130, 51
7974, 82, 144, 62
7975, 98, 196, 98
7976, 130, 309, 179
7977, 207, 623, 416
7978, 443, 1451, 1008
7979, 1018, 1533, 515
7980, 515, 593, 78
7981, 80, 131, 51
7982, 53, 69, 16
7983, 21, 22, 1
7984, 11, 12, 1
7985, 20, 21, 1
7986, 35, 44, 9
7987, 43, 52, 9
7988, 43, 49, 6
7989, 36, 42, 6
7990, 42, 53, 11
7991, 45, 58, 13
7992, 41, 52, 11
7993, 50, 70, 20
7994, 53, 69, 16
7995, 51, 72, 21
7996, 64, 90, 26
7997, 68, 102, 34
7998, 67, 99, 32
7999, 72, 113, 41
8000, 80, 134, 54
8001, 85, 149, 64
8002, 94, 169, 75
8003, 115, 257, 142
8004, 172, 468, 296
8005, 331, 1123, 792
8006, 810, 1667, 857
8007, 860, 977, 117
8008, 119, 178, 59
8009, 61, 84, 23
8010, 27, 34, 7
8011, 17, 17, 0
8012, 18, 18, 0
8013, 26, 26, 0
8014, 33, 35, 2
8015, 38, 45, 7
8016, 52, 68, 16
8017, 48, 60, 12
8018, 44, 55, 11
8019, 50, 69, 19
8020, 51, 67, 16
8021, 49, 61, 12
8022, 56, 70, 14
8023, 45, 58, 13
8024, 38, 52, 14
8025, 44, 50, 6
8026, 47, 63, 16
8027, 41, 54, 13
8028, 53, 77, 24
8029, 56, 84, 28
8030, 62, 98, 36
8031, 64, 106, 42
8032, 63, 89, 26
8033, 55, 72, 17
8034, 48, 63, 15
8035, 50, 72, 22
8036, 50, 72, 22
8037, 58, 85, 27
8038, 68, 100, 32
8039, 69, 116, 47
8040, 74, 129, 55
8041, 92, 154, 62
8042, 96, 187, 91
8043, 129, 305, 176
8044, 204, 621, 417
8045, 440, 1452, 1012
8046, 1014, 1532, 518
8047, 518, 605, 87
8048, 87, 138, 51
8049, 53, 67, 14
8050, 19, 20, 1
8051, 12, 12, 0
8052, 36, 44, 8
8053, 44, 54, 10
8054, 46, 62, 16
8055, 55, 78, 23
8056, 52, 71, 19
8057, 49, 68, 19
8058, 58, 85, 27
8059, 57, 81, 24
8060, 56, 79, 23
8061, 56, 71, 15
8062, 44, 56, 12
8063, 45, 57, 12
8064, 45, 58, 13
8065, 43, 57, 14
8066, 38, 46, 8
8067, 41, 46, 5
8068, 31, 40, 9
8069, 39, 47, 8
8070, 36, 41, 5
8071, 38, 45, 7
8072, 41, 53, 12
8073, 45, 59, 14
8074, 48, 66, 18
8075, 50, 68, 18
8076, 52, 64, 12
8077, 46, 55, 9
8078, 40, 47, 7
8079, 39, 48, 9
8080, 45, 55, 10
8081, 50, 72, 22
8082, 59, 83, 24
8083, 56, 79, 23
8084, 57, 81, 24
8085, 60, 89, 29
8086, 64, 99, 35
8087, 78, 145, 67
8088, 112, 243, 131
8089, 162, 433, 271
8090, 295, 1032, 737
8091, 754, 1726, 972
8092, 973, 1098, 125
8093, 125, 161, 36
8094, 39, 53, 14
8095, 19, 19, 0
8096, 4, 4, 0
8097, 19, 19, 0
8098, 34, 40, 6
8099, 39, 49, 10
8100, 51, 68, 17
8101, 45, 64, 19
8102, 45, 56, 11
8103, 44, 54, 10
8104, 47, 61, 14
8105, 45, 57, 12
8106, 43, 54, 11
8107, 43, 55, 12
8108, 47, 64, 17
8109, 54, 76, 22
8110, 49, 72, 23
8111, 54, 73, 19
8112, 62, 98, 36
8113, 76, 134, 58
8114, 79, 138, 59
8115, 104, 209, 105
8116, 130, 306, 176
8117, 204, 633, 429
8118, 447, 1458, 1011
8119, 1018, 1528, 510
8120, 512, 591, 79
8121, 81, 124, 43
8122, 44, 54, 10
8123, 20, 20, 0
8124, 4, 4, 0
8125, 30, 33, 3
8126, 41, 46, 5
8127, 52, 78, 26
8128, 70, 121, 51
8129, 81, 140, 59
8130, 87, 152, 65
8131, 103, 203, 100
8132, 128, 284, 156
8133, 195, 586, 391
8134, 404, 1335, 931
8135, 942, 1571, 629
8136, 630, 727, 97
8137, 98, 163, 65
8138, 68, 103, 35
8139, 36, 43, 7
8140, 15, 15, 0
8141, 24, 29, 5
8142, 40, 50, 10
8143, 38, 45, 7
8144, 42, 51, 9
8145, 51, 68, 17
8146, 47, 62, 15
8147, 50, 71, 21
8148, 54, 72, 18
8149, 47, 65, 18
8150, 48, 64, 16
8151, 51, 69, 18
8152, 53, 75, 22
8153, 58, 78, 20
8154, 49, 68, 19
8155, 48, 64, 16
8156, 44, 61, 17
8157, 53, 74, 21
8158, 54, 83, 29
8159, 70, 123, 53
8160, 77, 132, 55
8161, 85, 148, 63
8162, 97, 172, 75
8163, 99, 205, 106
8164, 141, 345, 204
8165, 237, 760, 523
8166, 539, 1592, 1053
8167, 1057, 1386, 329
8168, 329, 408, 79
8169, 80, 118, 38
8170, 46, 57, 11
8171, 18, 18, 0
8172, 22, 23, 1
8173, 30, 33, 3
8174, 43, 55, 12
8175, 41, 46, 5
8176, 41, 56, 15
8177, 49, 65, 16
8178, 58, 86, 28
8179, 66, 97, 31
8180, 64, 101, 37
8181, 66, 111, 45
8182, 76, 134, 58
8183, 97, 193, 96
8184, 122, 267, 145
8185, 171, 457, 286
8186, 299, 1045, 746
8187, 764, 1672, 908
8188, 910, 1044, 134
8189, 134, 192, 58
8190, 62, 87, 25
8191, 30, 31, 1
8192, 9, 9, 0
8193, 25, 28, 3
8194, 33, 39, 6
8195, 38, 45, 7
8196, 41, 50, 9
8197, 32, 34, 2
8198, 39, 47, 8
8199, 34, 38, 4
8200, 42, 49, 7
8201, 44, 51, 7
8202, 42, 51, 9
8203, 43, 52, 9
8204, 35, 43, 8
8205, 38, 52, 14
8206, 46, 63, 17
8207, 49, 56, 7
8208, 37, 44, 7
8209, 47, 61, 14
8210, 53, 71, 18
8211, 56, 77, 21
8212, 49, 68, 19
8213, 52, 79, 27
8214, 53, 77, 24
8215, 58, 85, 27
8216, 57, 81, 24
8217, 48, 67, 19
8218, 50, 66, 16
8219, 42, 53, 11
8220, 40, 55, 15
8221, 54, 80, 26
8222, 74, 122, 48
8223, 77, 132, 55
8224, 83, 151, 68
8225, 99, 190, 91
8226, 129, 310, 181
8227, 211, 647, 436
8228, 465, 1528, 1063
8229, 1073, 1509, 436
8230, 437, 514, 77
8231, 77, 128, 51
8232, 53, 73, 20
8233, 25, 27, 2
8234, 11, 11, 0
8235, 27, 30, 3
8236, 43, 52, 9
8237, 45, 58, 13
8238, 37, 50, 13
8239, 45, 62, 17
8240, 51, 63, 12
8241, 39, 50, 11
8242, 45, 54, 9
8243, 36, 38, 2
8244, 31, 35, 4
8245, 35, 41, 6
8246, 40, 48, 8
8247, 32, 36, 4
8248, 36, 47, 11
8249, 38, 46, 8
8250, 48, 66, 18
8251, 63, 89, 26
8252, 64, 104, 40
8253, 81, 139, 58
8254, 94, 171, 77
8255, 108, 215, 107
8256, 131, 298, 167
8257, 193, 545, 352
8258, 369, 1221, 852
8259, 860, 1580, 720
8260, 720, 837, 117
8261, 119, 194, 75
8262, 78, 127, 49
8263, 51, 72, 21
8264, 30, 31, 1
8265, 23, 24, 1
8266, 42, 51, 9
8267, 45, 59, 14
8268, 37, 44, 7
8269, 38, 43, 5
8270, 48, 71, 23
8271, 52, 68, 16
8272, 52, 72, 20
8273, 56, 82, 26
8274, 54, 81, 27
8275, 69, 99, 30
8276, 78, 132, 54
8277, 77, 131, 54
8278, 84, 145, 61
8279, 91, 174, 83
8280, 120, 268, 148
8281, 176, 498, 322
8282, 338, 1137, 799
8283, 814, 1664, 850
8284, 850, 959, 109
8285, 109, 171, 62
8286, 64, 97, 33
8287, 42, 50, 8
8288, 17, 17, 0
8289, 23, 26, 3
8290, 39, 52, 13
8291, 48, 63, 15
8292, 53, 77, 24
8293, 50, 67, 17
8294, 62, 92, 30
8295, 63, 98, 35
8296, 69, 102, 33
8297, 85, 155, 70
8298, 104, 215, 111
8299, 134, 330, 196
8300, 226, 718, 492
8301, 516, 1587, 1071
8302, 1074, 1432, 358
8303, 359, 423, 64
8304, 68, 101, 33
8305, 35, 41, 6
8306, 11, 11, 0
8307, 16, 18, 2
8308, 38, 48, 10
8309, 48, 64, 16
8310, 53, 72, 19
8311, 52, 70, 18
8312, 58, 80, 22
8313, 53, 67, 14
8314, 48, 62, 14
8315, 52, 69, 17
8316, 49, 63, 14
8317, 32, 37, 5
8318, 39, 54, 15
8319, 54, 68, 14
8320, 43, 49, 6
8321, 50, 62, 12
8322, 41, 49, 8
8323, 33, 37, 4
8324, 39, 47, 8
8325, 40, 43, 3
8326, 31, 38, 7
8327, 54, 74, 20
8328, 51, 67, 16
8329, 47, 58, 11
8330, 50, 70, 20
8331, 57, 81, 24
8332, 66, 102, 36
8333, 73, 121, 48
8334, 76, 125, 49
8335, 98, 181, 83
8336, 114, 249, 135
8337, 155, 389, 234
8338, 259, 845, 586
8339, 602, 1634, 1032
8340, 1036, 1272, 236
8341, 237, 303, 66
8342, 67, 99, 32
8343, 36, 38, 2
8344, 6, 6, 0
8345, 16, 17, 1
8346, 29, 32, 3
8347, 37, 42, 5
8348, 38, 49, 11
8349, 51, 70, 19
8350, 58, 81, 23
8351, 66, 99, 33
8352, 68, 109, 41
8353, 77, 138, 61
8354, 86, 163, 77
8355, 116, 265, 149
8356, 183, 545, 362
8357, 377, 1313, 936
8358, 949, 1649, 700
8359, 701, 785, 84
8360, 84, 135, 51
8361, 55, 74, 19
8362, 20, 22, 2
8363, 14, 14, 0
8364, 17, 17, 0
8365, 28, 31, 3
8366, 40, 48, 8
8367, 42, 50, 8
8368, 39, 47, 8
8369, 40, 52, 12
8370, 48, 58, 10
8371, 40, 47, 7
8372, 40, 47, 7
8373, 45, 54, 9
8374, 38, 44, 6
8375, 46, 53, 7
8376, 24, 26, 2
8377, 39, 48, 9
8378, 44, 55, 11
8379, 42, 57, 15
8380, 51, 69, 18
8381, 56, 79, 23
8382, 54, 76, 22
8383, 56, 79, 23
8384, 57, 79, 22
8385, 55, 72, 17
8386, 60, 82, 22
8387, 61, 92, 31
8388, 55, 74, 19
8389, 57, 76, 19
8390, 53, 80, 27
8391, 56, 82, 26
8392, 57, 84, 27
8393, 63, 94, 31
8394, 70, 116, 46
8395, 81, 146, 65
8396, 97, 194, 97
8397, 135, 329, 194
8398, 217, 692, 475
8399, 490, 1544, 1054
8400, 1059, 1477, 418
8401, 418, 484, 66
8402, 67, 94, 27
8403, 29, 30, 1
8404, 10, 10, 0
8405, 12, 12, 0
8406, 36, 44, 8
8407, 44, 54, 10
8408, 58, 90, 32
8409, 75, 124, 49
8410, 76, 117, 41
8411, 93, 176, 83
8412, 118, 281, 163
8413, 189, 550, 361
8414, 394, 1335, 941
8415, 950, 1615, 665
8416, 666, 754, 88
8417, 89, 128, 39
8418, 39, 48, 9
8419, 16, 16, 0
8420, 10, 10, 0
8421, 22, 25, 3
8422, 31, 38, 7
8423, 44, 54, 10
8424, 41, 48, 7
8425, 43, 52, 9
8426, 38, 47, 9
8427, 54, 75, 21
8428, 55, 74, 19
8429, 53, 72, 19
8430, 49, 65, 16
8431, 42, 51, 9
8432, 43, 58, 15
8433, 54, 76, 22
8434, 51, 72, 21
8435, 48, 60, 12
8436, 45, 53, 8
8437, 42, 48, 6
8438, 32, 38, 6
8439, 36, 39, 3
8440, 42, 51, 9
8441, 48, 60, 12
8442, 45, 56, 11
8443, 36, 46, 10
8444, 60, 83, 23
8445, 58, 75, 17
8446, 40, 47, 7
8447, 35, 37, 2
8448, 42, 60, 18
8449, 55, 76, 21
8450, 57, 76, 19
8451, 54, 83, 29
8452, 61, 90, 29
8453, 69, 105, 36
8454, 66, 100, 34
8455, 72, 114, 42
8456, 81, 128, 47
8457, 73, 118, 45
8458, 74, 111, 37
8459, 72, 112, 40
8460, 68, 106, 38
8461, 75, 122, 47
8462, 81, 148, 67
8463, 97, 194, 97
8464, 125, 283, 158
8465, 191, 553, 362
8466, 389, 1317, 928
8467, 937, 1609, 672
8468, 673, 761, 88
8469, 90, 155, 65
8470, 67, 107, 40
8471, 43, 52, 9
8472, 15, 16, 1
8473, 33, 37, 4
8474, 42, 51, 9
8475, 41, 54, 13
8476, 51, 70, 19
8477, 54, 77, 23
8478, 50, 67, 17
8479, 52, 72, 20
8480, 59, 90, 31
8481, 69, 108, 39
8482, 90, 163, 73
8483, 98, 196, 98
8484, 125, 304, 179
8485, 207, 624, 417
8486, 448, 1461, 1013
8487, 1018, 1524, 506
8488, 507, 589, 82
8489, 84, 134, 50
8490, 51, 61, 10
8491, 13, 13, 0
8492, 8, 8, 0
8493, 24, 25, 1
8494, 30, 31, 1
8495, 38, 46, 8
8496, 43, 52, 9
8497, 44, 57, 13
8498, 38, 45, 7
8499, 41, 52, 11
8500, 48, 66, 18
8501, 53, 80, 27
8502, 64, 97, 33
8503, 60, 96, 36
8504, 61, 96, 35
8505, 68, 108, 40
8506, 74, 120, 46
8507, 72, 108, 36
8508, 73, 119, 46
8509, 73, 124, 51
8510, 80, 123, 43
8511, 83, 152, 69
8512, 97, 180, 83
8513, 110, 235, 125
8514, 155, 405, 250
8515, 275, 913, 638
8516, 652, 1674, 1022
8517, 1024, 1211, 187
8518, 187, 259, 72
8519, 77, 112, 35
8520, 41, 49, 8
8521, 13, 13, 0
8522, 23, 25, 2
8523, 31, 32, 1
8524, 34, 43, 9
8525, 50, 84, 34
8526, 75, 133, 58
8527, 92, 192, 100
8528, 127, 297, 170
8529, 203, 620, 417
8530, 434, 1461, 1027
8531, 1038, 1564, 526
8532, 528, 598, 70
8533, 71, 112, 41
8534, 46, 55, 9
8535, 14, 14, 0
8536, 14, 14, 0
8537, 30, 34, 4
8538, 35, 39, 4
8539, 39, 46, 7
8540, 44, 57, 13
8541, 43, 52, 9
8542, 36, 42, 6
8543, 46, 60, 14
8544, 58, 84, 26
8545, 59, 92, 33
8546, 72, 109, 37
8547, 64, 95, 31
8548, 72, 119, 47
8549, 82, 141, 59
8550, 82, 138, 56
8551, 86, 164, 78
8552, 111, 229, 118
8553, 153, 401, 248
8554, 285, 949, 664
8555, 675, 1674, 999
8556, 1004, 1188, 184
8557, 184, 245, 61
8558, 63, 95, 32
8559, 35, 37, 2
8560, 14, 14, 0
8561, 23, 25, 2
8562, 33, 41, 8
8563, 54, 73, 19
8564, 51, 70, 19
8565, 49, 65, 16
8566, 48, 66, 18
8567, 56, 73, 17
8568, 49, 62, 13
8569, 42, 53, 11
8570, 49, 64, 15
8571, 48, 62, 14
8572, 41, 53, 12
8573, 47, 58, 11
8574, 41, 50, 9
8575, 37, 47, 10
8576, 42, 53, 11
8577, 63, 92, 29
8578, 67, 93, 26
8579, 53, 75, 22
8580, 72, 121, 49
8581, 76, 123, 47
8582, 75, 135, 60
8583, 84, 154, 70
8584, 100, 193, 93
8585, 130, 293, 163
8586, 194, 560, 366
8587, 383, 1274, 891
8588, 895, 1596, 701
8589, 703, 796, 93
8590, 95, 162, 67
8591, 69, 100, 31
8592, 38, 41, 3
8593, 18, 18, 0
8594, 24, 26, 2
8595, 41, 48, 7
8596, 45, 61, 16
8597, 62, 91, 29
8598, 69, 109, 40
8599, 75, 128, 53
8600, 82, 135, 53
8601, 84, 148, 64
8602, 101, 190, 89
8603, 119, 248, 129
8604, 162, 424, 262
8605, 293, 1000, 707
8606, 719, 1664, 945
8607, 947, 1104, 157
8608, 158, 222, 64
8609, 67, 95, 28
8610, 29, 30, 1
8611, 8, 8, 0
8612, 20, 20, 0
8613, 34, 43, 9
8614, 46, 63, 17
8615, 58, 80, 22
8616, 55, 74, 19
8617, 51, 67, 16
8618, 46, 55, 9
8619, 57, 76, 19
8620, 52, 68, 16
8621, 48, 66, 18
8622, 45, 60, 15
8623, 55, 78, 23
8624, 47, 62, 15
8625, 48, 58, 10
8626, 28, 32, 4
8627, 34, 43, 9
8628, 42, 57, 15
8629, 47, 61, 14
8630, 52, 73, 21
8631, 56, 79, 23
8632, 60, 91, 31
8633, 59, 80, 21
8634, 55, 72, 17
8635, 51, 73, 22
8636, 57, 81, 24
8637, 70, 124, 54
8638, 90, 175, 85
8639, 109, 228, 119
8640, 145, 389, 244
8641, 282, 955, 673
8642, 692, 1704, 1012
8643, 1014, 1180, 166
8644, 166, 219, 53
8645, 54, 73, 19
8646, 23, 24, 1
8647, 8, 8, 0
8648, 10, 10, 0
8649, 35, 44, 9
8650, 36, 40, 4
8651, 40, 50, 10
8652, 38, 50, 12
8653, 58, 82, 24
8654, 56, 72, 16
8655, 52, 72, 20
8656, 47, 53, 6
8657, 34, 40, 6
8658, 41, 52, 11
8659, 38, 49, 11
8660, 49, 60, 11
8661, 45, 62, 17
8662, 46, 56, 10
8663, 50, 61, 11
8664, 37, 45, 8
8665, 45, 59, 14
8666, 53, 78, 25
8667, 61, 92, 31
8668, 67, 108, 41
8669, 71, 107, 36
8670, 72, 119, 47
8671, 77, 120, 43
8672, 83, 152, 69
8673, 90, 167, 77
8674, 107, 221, 114
8675, 144, 360, 216
8676, 243, 791, 548
8677, 565, 1627, 1062
8678, 1067, 1351, 284
8679, 286, 358, 72
8680, 72, 109, 37
8681, 39, 49, 10
8682, 22, 22, 0
8683, 15, 16, 1
8684, 32, 40, 8
8685, 44, 57, 13
8686, 49, 60, 11
8687, 39, 47, 8
8688, 51, 68, 17
8689, 49, 63, 14
8690, 34, 39, 5
8691, 42, 46, 4
8692, 36, 41, 5
8693, 43, 56, 13
8694, 52, 79, 27
8695, 52, 70, 18
8696, 45, 62, 17
8697, 54, 75, 21
8698, 46, 57, 11
8699, 49, 60, 11
8700, 35, 38, 3
8701, 37, 43, 6
8702, 48, 60, 12
8703, 44, 60, 16
8704, 55, 71, 16
8705, 44, 49, 5
8706, 46, 63, 17
8707, 45, 59, 14
8708, 58, 92, 34
8709, 70, 111, 41
8710, 81, 141, 60
8711, 90, 175, 85
8712, 117, 247, 130
8713, 144, 365, 221
8714, 244, 805, 561
8715, 577, 1635, 1058
8716, 1060, 1328, 268
8717, 270, 336, 66
8718, 67, 107, 40
8719, 43, 52, 9
8720, 17, 18, 1
8721, 22, 24, 2
8722, 35, 42, 7
8723, 37, 49, 12
8724, 47, 64, 17
8725, 50, 69, 19
8726, 49, 66, 17
8727, 56, 75, 19
8728, 43, 54, 11
8729, 43, 53, 10
8730, 55, 72, 17
8731, 46, 57, 11
8732, 43, 54, 11
8733, 55, 80, 25
8734, 62, 101, 39
8735, 71, 125, 54
8736, 73, 118, 45
8737, 83, 146, 63
8738, 97, 186, 89
8739, 123, 281, 158
8740, 192, 567, 375
8741, 384, 1282, 898
8742, 908, 1604, 696
8743, 698, 788, 90
8744, 93, 147, 54
8745, 59, 82, 23
8746, 27, 29, 2
8747, 13, 13, 0
8748, 21, 24, 3
8749, 39, 48, 9
8750, 55, 69, 14
8751, 41, 47, 6
8752, 40, 49, 9
8753, 31, 37, 6
8754, 47, 66, 19
8755, 47, 58, 11
8756, 46, 60, 14
8757, 32, 37, 5
8758, 36, 39, 3
8759, 31, 35, 4
8760, 29, 31, 2
8761, 34, 39, 5
8762, 40, 48, 8
8763, 39, 51, 12
8764, 49, 64, 15
8765, 52, 70, 18
8766, 40, 46, 6
8767, 36, 41, 5
8768, 48, 65, 17
8769, 48, 60, 12
8770, 48, 67, 19
8771, 52, 69, 17
8772, 46, 53, 7
8773, 42, 47, 5
8774, 30, 31, 1
8775, 35, 39, 4
8776, 37, 41, 4
8777, 38, 47, 9
8778, 42, 52, 10
8779, 49, 71, 22
8780, 49, 61, 12
8781, 56, 74, 18
8782, 58, 87, 29
8783, 65, 92, 27
8784, 61, 83, 22
8785, 43, 53, 10
8786, 45, 59, 14
8787, 49, 60, 11
8788, 47, 58, 11
8789, 47, 58, 11
8790, 45, 60, 15
8791, 42, 52, 10
8792, 43, 50, 7
8793, 41, 46, 5
8794, 40, 48, 8
8795, 34, 40, 6
8796, 37, 44, 7
8797, 37, 46, 9
8798, 49, 64, 15
8799, 47, 55, 8
8800, 44, 56, 12
8801, 51, 67, 16
8802, 51, 63, 12
8803, 41, 48, 7
8804, 36, 42, 6
8805, 37, 40, 3
8806, 37, 47, 10
8807, 40, 48, 8
8808, 43, 50, 7
8809, 40, 45, 5
8810, 36, 43, 7
8811, 44, 61, 17
8812, 54, 67, 13
8813, 55, 87, 32
8814, 63, 92, 29
8815, 56, 79, 23
8816, 43, 61, 18
8817, 48, 57, 9
8818, 48, 63, 15
8819, 42, 52, 10
8820, 46, 60, 14
8821, 45, 57, 12
8822, 47, 64, 17
8823, 49, 69, 20
8824, 51, 66, 15
8825, 43, 54, 11
8826, 38, 46, 8
8827, 52, 64, 12
8828, 56, 80, 24
8829, 52, 72, 20
8830, 47, 62, 15
8831, 45, 61, 16
8832, 42, 52, 10
8833, 42, 56, 14
8834, 47, 59, 12
8835, 44, 52, 8
8836, 44, 56, 12
8837, 35, 37, 2
8838, 32, 36, 4
8839, 37, 46, 9
8840, 50, 73, 23
8841, 63, 87, 24
8842, 54, 77, 23
8843, 67, 100, 33
8844, 65, 102, 37
8845, 75, 116, 41
8846, 70, 102, 32
8847, 59, 87, 28
8848, 80, 128, 48
8849, 79, 145, 66
8850, 106, 213, 107
8851, 144, 359, 215
8852, 239, 774, 535
8853, 550, 1590, 1040
8854, 1045, 1380, 335
8855, 337, 394, 57
8856, 58, 82, 24
8857, 28, 33, 5
8858, 12, 12, 0
8859, 15, 15, 0
8860, 36, 41, 5
8861, 44, 58, 14
8862, 56, 77, 21
8863, 57, 87, 30
8864, 62, 92, 30
8865, 65, 95, 30
8866, 63, 92, 29
8867, 49, 66, 17
8868, 48, 59, 11
8869, 41, 48, 7
8870, 38, 42, 4
8871, 33, 36, 3
8872, 40, 46, 6
8873, 48, 61, 13
8874, 47, 54, 7
8875, 41, 51, 10
8876, 38, 46, 8
8877, 44, 52, 8
8878, 40, 49, 9
8879, 36, 43, 7
8880, 54, 72, 18
8881, 48, 58, 10
8882, 45, 54, 9
8883, 36, 41, 5
8884, 33, 35, 2
8885, 28, 30, 2
8886, 41, 53, 12
8887, 50, 64, 14
8888, 50, 65, 15
8889, 57, 82, 25
8890, 67, 102, 35
8891, 77, 129, 52
8892, 94, 186, 92
8893, 122, 281, 159
8894, 181, 492, 311
8895, 332, 1127, 795
8896, 816, 1645, 829
8897, 830, 952, 122
8898, 124, 178, 54
8899, 56, 75, 19
8900, 28, 30, 2
8901, 15, 15, 0
8902, 27, 29, 2
8903, 35, 39, 4
8904, 45, 56, 11
8905, 43, 55, 12
8906, 58, 91, 33
8907, 59, 90, 31
8908, 57, 82, 25
8909, 54, 72, 18
8910, 52, 63, 11
8911, 45, 54, 9
8912, 33, 39, 6
8913, 30, 35, 5
8914, 39, 48, 9
8915, 51, 68, 17
8916, 54, 71, 17
8917, 47, 59, 12
8918, 39, 47, 8
8919, 38, 40, 2
8920, 33, 40, 7
8921, 45, 51, 6
8922, 37, 41, 4
8923, 44, 59, 15
8924, 62, 95, 33
8925, 59, 89, 30
8926, 71, 113, 42
8927, 73, 117, 44
8928, 74, 111, 37
8929, 70, 118, 48
8930, 80, 138, 58
8931, 80, 129, 49
8932, 79, 133, 54
8933, 82, 139, 57
8934, 89, 177, 88
8935, 120, 254, 134
8936, 167, 465, 298
8937, 321, 1102, 781
8938, 794, 1682, 888
8939, 890, 1007, 117
8940, 118, 172, 54
8941, 57, 83, 26
8942, 33, 33, 0
8943, 13, 13, 0
8944, 21, 22, 1
8945, 27, 27, 0
8946, 32, 37, 5
8947, 49, 61, 12
8948, 61, 97, 36
8949, 60, 93, 33
8950, 70, 110, 40
8951, 66, 96, 30
8952, 70, 112, 42
8953, 82, 141, 59
8954, 94, 180, 86
8955, 114, 229, 115
8956, 140, 320, 180
8957, 209, 642, 433
8958, 454, 1463, 1009
8959, 1019, 1485, 466
8960, 467, 554, 87
8961, 89, 154, 65
8962, 69, 99, 30
8963, 38, 48, 10
8964, 20, 20, 0
8965, 28, 30, 2
8966, 35, 42, 7
8967, 32, 37, 5
8968, 36, 42, 6
8969, 41, 54, 13
8970, 45, 56, 11
8971, 45, 54, 9
8972, 42, 54, 12
8973, 51, 72, 21
8974, 68, 111, 43
8975, 67, 108, 41
8976, 76, 127, 51
8977, 85, 144, 59
8978, 92, 180, 88
8979, 124, 283, 159
8980, 180, 511, 331
8981, 350, 1197, 847
8982, 862, 1643, 781
8983, 782, 889, 107
8984, 107, 165, 58
8985, 59, 80, 21
8986, 24, 24, 0
8987, 10, 10, 0
8988, 28, 30, 2
8989, 48, 62, 14
8990, 43, 57, 14
8991, 45, 55, 10
8992, 56, 78, 22
8993, 57, 81, 24
8994, 62, 90, 28
8995, 55, 78, 23
8996, 53, 77, 24
8997, 52, 69, 17
8998, 47, 58, 11
8999, 42, 48, 6
9000, 34, 38, 4
9001, 47, 67, 20
9002, 51, 72, 21
9003, 52, 73, 21
9004, 56, 73, 17
9005, 54, 68, 14
9006, 47, 59, 12
9007, 49, 60, 11
9008, 41, 50, 9
9009, 30, 33, 3
9010, 37, 43, 6
9011, 37, 44, 7
9012, 64, 93, 29
9013, 64, 103, 39
9014, 83, 144, 61
9015, 90, 158, 68
9016, 99, 185, 86
9017, 108, 235, 127
9018, 171, 460, 289
9019, 317, 1081, 764
9020, 773, 1660, 887
9021, 891, 1032, 141
9022, 141, 213, 72
9023, 72, 116, 44
9024, 49, 65, 16
9025, 27, 27, 0
9026, 23, 23, 0
9027, 37, 42, 5
9028, 45, 61, 16
9029, 45, 52, 7
9030, 40, 46, 6
9031, 57, 84, 27
9032, 55, 79, 24
9033, 53, 77, 24
9034, 65, 101, 36
9035, 72, 113, 41
9036, 76, 125, 49
9037, 82, 149, 67
9038, 96, 193, 97
9039, 131, 312, 181
9040, 220, 708, 488
9041, 512, 1597, 1085
9042, 1093, 1459, 366
9043, 366, 430, 64
9044, 66, 106, 40
9045, 41, 43, 2
9046, 8, 8, 0
9047, 18, 18, 0
9048, 33, 36, 3
9049, 40, 48, 8
9050, 55, 84, 29
9051, 65, 104, 39
9052, 76, 124, 48
9053, 73, 135, 62
9054, 102, 214, 112
9055, 139, 327, 188
9056, 222, 712, 490
9057, 510, 1557, 1047
9058, 1058, 1448, 390
9059, 391, 456, 65
9060, 67, 108, 41
9061, 47, 53, 6
9062, 14, 15, 1
9063, 10, 10, 0
9064, 33, 41, 8
9065, 45, 59, 14
9066, 41, 49, 8
9067, 35, 42, 7
9068, 32, 36, 4
9069, 42, 58, 16
9070, 41, 50, 9
9071, 50, 68, 18
9072, 57, 74, 17
9073, 50, 64, 14
9074, 47, 58, 11
9075, 36, 41, 5
9076, 40, 47, 7
9077, 42, 59, 17
9078, 59, 86, 27
9079, 58, 93, 35
9080, 67, 98, 31
9081, 65, 95, 30
9082, 68, 97, 29
9083, 68, 112, 44
9084, 64, 101, 37
9085, 63, 95, 32
9086, 61, 90, 29
9087, 63, 94, 31
9088, 65, 90, 25
9089, 46, 58, 12
9090, 47, 63, 16
9091, 37, 46, 9
9092, 39, 48, 9
9093, 41, 63, 22
9094, 68, 101, 33
9095, 69, 110, 41
9096, 76, 123, 47
9097, 77, 138, 61
9098, 99, 189, 90
9099, 123, 258, 135
9100, 168, 443, 275
9101, 300, 1021, 721
9102, 734, 1656, 922
9103, 926, 1076, 150
9104, 154, 212, 58
9105, 59, 83, 24
9106, 28, 30, 2
9107, 10, 10, 0
9108, 14, 14, 0
9109, 28, 30, 2
9110, 43, 52, 9
9111, 42, 50, 8
9112, 43, 55, 12
9113, 49, 59, 10
9114, 46, 57, 11
9115, 47, 61, 14
9116, 60, 86, 26
9117, 56, 75, 19
9118, 55, 78, 23
9119, 62, 92, 30
9120, 67, 113, 46
9121, 78, 128, 50
9122, 82, 130, 48
9123, 72, 110, 38
9124, 62, 94, 32
9125, 61, 89, 28
9126, 59, 80, 21
9127, 58, 86, 28
9128, 60, 82, 22
9129, 47, 60, 13
9130, 48, 58, 10
9131, 39, 47, 8
9132, 28, 28, 0
9133, 35, 39, 4
9134, 31, 34, 3
9135, 44, 53, 9
9136, 54, 78, 24
9137, 57, 75, 18
9138, 46, 60, 14
9139, 33, 34, 1
9140, 31, 36, 5
9141, 37, 41, 4
9142, 37, 41, 4
9143, 26, 28, 2
9144, 37, 45, 8
9145, 39, 50, 11
9146, 57, 85, 28
9147, 70, 108, 38
9148, 70, 115, 45
9149, 81, 130, 49
9150, 74, 119, 45
9151, 79, 127, 48
9152, 79, 143, 64
9153, 97, 179, 82
9154, 117, 236, 119
9155, 147, 355, 208
9156, 227, 751, 524
9157, 544, 1594, 1050
9158, 1054, 1366, 312
9159, 312, 391, 79
9160, 82, 130, 48
9161, 51, 61, 10
9162, 19, 21, 2
9163, 17, 17, 0
9164, 36, 41, 5
9165, 37, 42, 5
9166, 33, 37, 4
9167, 38, 43, 5
9168, 41, 55, 14
9169, 41, 53, 12
9170, 53, 68, 15
9171, 62, 93, 31
9172, 71, 122, 51
9173, 82, 139, 57
9174, 91, 164, 73
9175, 104, 214, 110
9176, 144, 357, 213
9177, 247, 798, 551
9178, 571, 1634, 1063
9179, 1073, 1340, 267
9180, 269, 335, 66
9181, 67, 99, 32
9182, 35, 40, 5
9183, 9, 9, 0
9184, 18, 19, 1
9185, 35, 40, 5
9186, 44, 62, 18
9187, 55, 71, 16
9188, 42, 59, 17
9189, 46, 57, 11
9190, 45, 56, 11
9191, 42, 51, 9
9192, 54, 79, 25
9193, 58, 80, 22
9194, 55, 79, 24
9195, 69, 116, 47
9196, 78, 133, 55
9197, 92, 162, 70
9198, 103, 211, 108
9199, 130, 322, 192
9200, 216, 670, 454
9201, 477, 1507, 1030
9202, 1033, 1476, 443
9203, 443, 525, 82
9204, 82, 128, 46
9205, 49, 60, 11
9206, 12, 12, 0
9207, 13, 13, 0
9208, 28, 32, 4
9209, 38, 49, 11
9210, 55, 79, 24
9211, 67, 102, 35
9212, 62, 82, 20
9213, 54, 72, 18
9214, 49, 57, 8
9215, 47, 64, 17
9216, 46, 58, 12
9217, 37, 39, 2
9218, 29, 32, 3
9219, 31, 36, 5
9220, 44, 59, 15
9221, 50, 68, 18
9222, 68, 104, 36
9223, 66, 109, 43
9224, 69, 111, 42
9225, 82, 144, 62
9226, 93, 173, 80
9227, 103, 199, 96
9228, 130, 303, 173
9229, 200, 595, 395
9230, 418, 1365, 947
9231, 953, 1542, 589
9232, 589, 687, 98
9233, 100, 168, 68
9234, 72, 110, 38
9235, 45, 58, 13
9236, 24, 26, 2
9237, 25, 28, 3
9238, 33, 36, 3
9239, 41, 51, 10
9240, 44, 53, 9
9241, 43, 55, 12
9242, 49, 62, 13
9243, 48, 67, 19
9244, 51, 68, 17
9245, 54, 82, 28
9246, 60, 84, 24
9247, 43, 54, 11
9248, 46, 60, 14
9249, 38, 43, 5
9250, 33, 38, 5
9251, 51, 72, 21
9252, 55, 79, 24
9253, 51, 62, 11
9254, 39, 45, 6
9255, 45, 56, 11
9256, 41, 48, 7
9257, 43, 53, 10
9258, 53, 69, 16
9259, 58, 80, 22
9260, 60, 84, 24
9261, 54, 80, 26
9262, 64, 107, 43
9263, 66, 91, 25
9264, 49, 64, 15
9265, 43, 52, 9
9266, 36, 39, 3
9267, 37, 42, 5
9268, 37, 43, 6
9269, 52, 69, 17
9270, 52, 71, 19
9271, 46, 57, 11
9272, 46, 64, 18
9273, 55, 75, 20
9274, 63, 95, 32
9275, 64, 93, 29
9276, 62, 96, 34
9277, 58, 82, 24
9278, 56, 79, 23
9279, 57, 90, 33
9280, 69, 97, 28
9281, 56, 83, 27
9282, 60, 91, 31
9283, 73, 119, 46
9284, 74, 118, 44
9285, 76, 123, 47
9286, 75, 132, 57
9287, 84, 148, 64
9288, 87, 155, 68
9289, 106, 220, 114
9290, 142, 346, 204
9291, 230, 719, 489
9292, 509, 1549, 1040
9293, 1045, 1423, 378
9294, 378, 459, 81
9295, 83, 136, 53
9296, 57, 73, 16
9297, 26, 26, 0
9298, 11, 11, 0
9299, 31, 35, 4
9300, 41, 47, 6
9301, 39, 44, 5
9302, 42, 52, 10
9303, 34, 44, 10
9304, 36, 43, 7
9305, 32, 38, 6
9306, 46, 60, 14
9307, 44, 49, 5
9308, 28, 30, 2
9309, 37, 45, 8
9310, 38, 45, 7
9311, 34, 40, 6
9312, 45, 53, 8
9313, 43, 54, 11
9314, 37, 43, 6
9315, 40, 53, 13
9316, 34, 47, 13
9317, 51, 64, 13
9318, 48, 59, 11
9319, 49, 66, 17
9320, 54, 70, 16
9321, 56, 85, 29
9322, 57, 83, 26
9323, 60, 83, 23
9324, 59, 89, 30
9325, 64, 94, 30
9326, 68, 107, 39
9327, 69, 111, 42
9328, 70, 107, 37
9329, 70, 108, 38
9330, 63, 98, 35
9331, 72, 114, 42
9332, 74, 124, 50
9333, 85, 143, 58
9334, 92, 180, 88
9335, 117, 256, 139
9336, 173, 487, 314
9337, 341, 1154, 813
9338, 828, 1661, 833
9339, 835, 948, 113
9340, 114, 166, 52
9341, 52, 75, 23
9342, 26, 28, 2
9343, 9, 9, 0
9344, 14, 14, 0
9345, 33, 35, 2
9346, 32, 36, 4
9347, 40, 49, 9
9348, 41, 53, 12
9349, 57, 82, 25
9350, 60, 82, 22
9351, 58, 78, 20
9352, 54, 73, 19
9353, 55, 72, 17
9354, 52, 71, 19
9355, 50, 63, 13
9356, 46, 70, 24
9357, 67, 97, 30
9358, 57, 80, 23
9359, 60, 83, 23
9360, 58, 90, 32
9361, 63, 94, 31
9362, 61, 93, 32
9363, 60, 80, 20
9364, 57, 74, 17
9365, 44, 53, 9
9366, 44, 58, 14
9367, 53, 72, 19
9368, 52, 64, 12
9369, 33, 41, 8
9370, 48, 54, 6
9371, 44, 57, 13
9372, 47, 58, 11
9373, 47, 61, 14
9374, 44, 52, 8
9375, 46, 62, 16
9376, 47, 65, 18
9377, 40, 43, 3
9378, 26, 28, 2
9379, 45, 64, 19
9380, 55, 77, 22
9381, 57, 77, 20
9382, 54, 78, 24
9383, 51, 72, 21
9384, 58, 80, 22
9385, 54, 77, 23
9386, 49, 63, 14
9387, 56, 76, 20
9388, 54, 80, 26
9389, 55, 68, 13
9390, 43, 58, 15
9391, 43, 52, 9
9392, 56, 80, 24
9393, 53, 65, 12
9394, 46, 58, 12
9395, 49, 62, 13
9396, 37, 46, 9
9397, 38, 42, 4
9398, 34, 38, 4
9399, 29, 36, 7
9400, 40, 45, 5
9401, 36, 49, 13
9402, 40, 49, 9
9403, 46, 58, 12
9404, 45, 61, 16
9405, 50, 65, 15
9406, 48, 60, 12
9407, 44, 59, 15
9408, 59, 89, 30
9409, 66, 100, 34
9410, 71, 107, 36
9411, 65, 94, 29
9412, 62, 92, 30
9413, 67, 104, 37
9414, 76, 130, 54
9415, 81, 133, 52
9416, 81, 129, 48
9417, 93, 176, 83
9418, 117, 262, 145
9419, 174, 499, 325
9420, 351, 1222, 871
9421, 884, 1662, 778
9422, 778, 877, 99
9423, 102, 147, 45
9424, 46, 62, 16
9425, 23, 23, 0
9426, 7, 7, 0
9427, 33, 41, 8
9428, 47, 56, 9
9429, 40, 53, 13
9430, 51, 72, 21
9431, 53, 76, 23
9432, 56, 73, 17
9433, 56, 82, 26
9434, 58, 88, 30
9435, 70, 111, 41
9436, 75, 116, 41
9437, 73, 122, 49
9438, 74, 132, 58
9439, 88, 156, 68
9440, 100, 194, 94
9441, 138, 328, 190
9442, 210, 643, 433
9443, 453, 1431, 978
9444, 985, 1505, 520
9445, 522, 604, 82
9446, 84, 136, 52
9447, 54, 69, 15
9448, 18, 19, 1
9449, 17, 17, 0
9450, 34, 39, 5
9451, 36, 41, 5
9452, 40, 50, 10
9453, 63, 100, 37
9454, 71, 119, 48
9455, 82, 147, 65
9456, 104, 220, 116
9457, 142, 358, 216
9458, 239, 764, 525
9459, 547, 1620, 1073
9460, 1076, 1379, 303
9461, 304, 367, 63
9462, 68, 103, 35
9463, 38, 48, 10
9464, 20, 20, 0
9465, 13, 13, 0
9466, 28, 32, 4
9467, 37, 42, 5
9468, 32, 38, 6
9469, 48, 61, 13
9470, 53, 76, 23
9471, 50, 64, 14
9472, 48, 71, 23
9473, 68, 104, 36
9474, 73, 122, 49
9475, 83, 149, 66
9476, 102, 198, 96
9477, 123, 286, 163
9478, 185, 523, 338
9479, 369, 1259, 890
9480, 913, 1620, 707
9481, 709, 801, 92
9482, 93, 147, 54
9483, 56, 68, 12
9484, 15, 15, 0
9485, 16, 16, 0
9486, 20, 21, 1
9487, 23, 25, 2
9488, 36, 42, 6
9489, 29, 36, 7
9490, 44, 49, 5
9491, 28, 31, 3
9492, 37, 46, 9
9493, 48, 60, 12
9494, 31, 32, 1
9495, 44, 56, 12
9496, 64, 92, 28
9497, 61, 88, 27
9498, 62, 96, 34
9499, 67, 103, 36
9500, 65, 106, 41
9501, 69, 106, 37
9502, 63, 86, 23
9503, 47, 55, 8
9504, 39, 42, 3
9505, 27, 27, 0
9506, 36, 40, 4
9507, 39, 44, 5
9508, 37, 44, 7
9509, 43, 56, 13
9510, 50, 60, 10
9511, 47, 62, 15
9512, 48, 65, 17
9513, 57, 88, 31
9514, 54, 75, 21
9515, 47, 70, 23
9516, 55, 74, 19
9517, 59, 84, 25
9518, 67, 103, 36
9519, 69, 110, 41
9520, 76, 127, 51
9521, 73, 113, 40
9522, 70, 110, 40
9523, 72, 107, 35
9524, 68, 118, 50
9525, 90, 157, 67
9526, 107, 226, 119
9527, 146, 355, 209
9528, 243, 808, 565
9529, 581, 1642, 1061
9530, 1063, 1333, 270
9531, 270, 333, 63
9532, 66, 87, 21
9533, 25, 26, 1
9534, 7, 7, 0
9535, 15, 15, 0
9536, 34, 39, 5
9537, 35, 39, 4
9538, 36, 41, 5
9539, 47, 63, 16
9540, 46, 56, 10
9541, 39, 49, 10
9542, 39, 49, 10
9543, 41, 52, 11
9544, 53, 69, 16
9545, 50, 72, 22
9546, 71, 104, 33
9547, 69, 106, 37
9548, 75, 122, 47
9549, 89, 153, 64
9550, 92, 163, 71
9551, 111, 234, 123
9552, 150, 397, 247
9553, 273, 887, 614
9554, 631, 1662, 1031
9555, 1032, 1242, 210
9556, 210, 283, 73
9557, 76, 109, 33
9558, 36, 40, 4
9559, 11, 11, 0
9560, 14, 15, 1
9561, 35, 39, 4
9562, 42, 59, 17
9563, 58, 81, 23
9564, 66, 92, 26
9565, 65, 92, 27
9566, 59, 86, 27
9567, 62, 83, 21
9568, 55, 75, 20
9569, 44, 55, 11
9570, 49, 58, 9
9571, 50, 69, 19
9572, 45, 54, 9
9573, 46, 66, 20
9574, 53, 79, 26
9575, 61, 83, 22
9576, 51, 68, 17
9577, 49, 70, 21
9578, 56, 86, 30
9579, 67, 103, 36
9580, 66, 103, 37
9581, 56, 85, 29
9582, 62, 91, 29
9583, 69, 110, 41
9584, 68, 116, 48
9585, 73, 114, 41
9586, 76, 128, 52
9587, 79, 140, 61
9588, 97, 183, 86
9589, 114, 237, 123
9590, 161, 419, 258
9591, 280, 944, 664
9592, 684, 1676, 992
9593, 996, 1160, 164
9594, 165, 227, 62
9595, 64, 95, 31
9596, 36, 43, 7
9597, 16, 16, 0
9598, 19, 21, 2
9599, 37, 43, 6
9600, 24, 25, 1
9601, 38, 45, 7
9602, 45, 59, 14
9603, 44, 52, 8
9604, 44, 60, 16
9605, 58, 90, 32
9606, 52, 69, 17
9607, 45, 55, 10
9608, 47, 59, 12
9609, 45, 54, 9
9610, 40, 47, 7
9611, 31, 35, 4
9612, 29, 34, 5
9613, 33, 37, 4
9614, 30, 33, 3
9615, 35, 42, 7
9616, 43, 61, 18
9617, 58, 75, 17
9618, 57, 83, 26
9619, 60, 91, 31
9620, 76, 127, 51
9621, 90, 165, 75
9622, 104, 204, 100
9623, 134, 316, 182
9624, 217, 660, 443
9625, 464, 1486, 1022
9626, 1025, 1487, 462
9627, 462, 546, 84
9628, 85, 145, 60
9629, 63, 87, 24
9630, 33, 36, 3
9631, 18, 18, 0
9632, 30, 31, 1
9633, 43, 58, 15
9634, 59, 91, 32
9635, 64, 105, 41
9636, 85, 149, 64
9637, 94, 190, 96
9638, 128, 297, 169
9639, 196, 551, 355
9640, 379, 1274, 895
9641, 904, 1604, 700
9642, 700, 794, 94
9643, 96, 155, 59
9644, 59, 92, 33
9645, 35, 41, 6
9646, 18, 18, 0
9647, 32, 39, 7
9648, 45, 52, 7
9649, 43, 52, 9
9650, 32, 36, 4
9651, 34, 41, 7
9652, 47, 60, 13
9653, 43, 49, 6
9654, 51, 66, 15
9655, 45, 59, 14
9656, 46, 62, 16
9657, 56, 84, 28
9658, 60, 90, 30
9659, 72, 111, 39
9660, 74, 116, 42
9661, 84, 137, 53
9662, 80, 141, 61
9663, 100, 199, 99
9664, 133, 323, 190
9665, 212, 640, 428
9666, 452, 1471, 1019
9667, 1029, 1519, 490
9668, 492, 566, 74
9669, 75, 118, 43
9670, 49, 68, 19
9671, 24, 25, 1
9672, 13, 13, 0
9673, 29, 31, 2
9674, 35, 38, 3
9675, 41, 53, 12
9676, 38, 50, 12
9677, 59, 94, 35
9678, 73, 116, 43
9679, 58, 79, 21
9680, 53, 77, 24
9681, 62, 86, 24
9682, 61, 97, 36
9683, 64, 99, 35
9684, 57, 70, 13
9685, 48, 63, 15
9686, 46, 56, 10
9687, 37, 39, 2
9688, 38, 44, 6
9689, 41, 51, 10
9690, 37, 49, 12
9691, 50, 66, 16
9692, 50, 76, 26
9693, 55, 78, 23
9694, 51, 68, 17
9695, 56, 78, 22
9696, 53, 69, 16
9697, 42, 53, 11
9698, 49, 52, 3
9699, 33, 40, 7
9700, 36, 40, 4
9701, 40, 53, 13
9702, 43, 55, 12
9703, 44, 64, 20
9704, 53, 69, 16
9705, 45, 59, 14
9706, 44, 54, 10
9707, 39, 48, 9
9708, 46, 59, 13
9709, 44, 58, 14
9710, 55, 71, 16
9711, 49, 62, 13
9712, 58, 86, 28
9713, 68, 107, 39
9714, 73, 110, 37
9715, 78, 133, 55
9716, 83, 140, 57
9717, 93, 181, 88
9718, 125, 284, 159
9719, 185, 527, 342
9720, 372, 1271, 899
9721, 908, 1628, 720
9722, 720, 810, 90
9723, 91, 143, 52
9724, 52, 66, 14
9725, 16, 16, 0
9726, 9, 9, 0
9727, 27, 29, 2
9728, 41, 45, 4
9729, 46, 61, 15
9730, 46, 58, 12
9731, 55, 72, 17
9732, 61, 89, 28
9733, 70, 99, 29
9734, 68, 107, 39
9735, 75, 113, 38
9736, 76, 118, 42
9737, 73, 124, 51
9738, 82, 149, 67
9739, 94, 169, 75
9740, 106, 212, 106
9741, 136, 315, 179
9742, 207, 639, 432
9743, 455, 1461, 1006
9744, 1015, 1495, 480
9745, 482, 571, 89
9746, 89, 146, 57
9747, 60, 80, 20
9748, 24, 27, 3
9749, 9, 9, 0
9750, 25, 27, 2
9751, 45, 64, 19
9752, 47, 58, 11
9753, 45, 56, 11
9754, 44, 54, 10
9755, 48, 56, 8
9756, 49, 62, 13
9757, 54, 74, 20
9758, 55, 74, 19
9759, 50, 66, 16
9760, 49, 66, 17
9761, 53, 75, 22
9762, 57, 82, 25
9763, 60, 94, 34
9764, 68, 113, 45
9765, 84, 159, 75
9766, 113, 251, 138
9767, 170, 479, 309
9768, 329, 1134, 805
9769, 820, 1694, 874
9770, 877, 983, 106
9771, 106, 149, 43
9772, 44, 59, 15
9773, 19, 19, 0
9774, 12, 12, 0
9775, 17, 18, 1
9776, 39, 51, 12
9777, 48, 59, 11
9778, 36, 44, 8
9779, 43, 58, 15
9780, 53, 82, 29
9781, 64, 96, 32
9782, 78, 136, 58
9783, 96, 176, 80
9784, 104, 200, 96
9785, 132, 326, 194
9786, 221, 680, 459
9787, 482, 1501, 1019
9788, 1027, 1462, 435
9789, 436, 525, 89
9790, 91, 157, 66
9791, 71, 95, 24
9792, 27, 31, 4
9793, 17, 18, 1
9794, 21, 22, 1
9795, 35, 43, 8
9796, 32, 37, 5
9797, 32, 37, 5
9798, 42, 50, 8
9799, 47, 68, 21
9800, 56, 82, 26
9801, 56, 77, 21
9802, 54, 75, 21
9803, 54, 74, 20
9804, 52, 75, 23
9805, 59, 81, 22
9806, 56, 84, 28
9807, 64, 107, 43
9808, 79, 132, 53
9809, 79, 132, 53
9810, 82, 133, 51
9811, 87, 148, 61
9812, 91, 159, 68
9813, 99, 190, 91
9814, 116, 236, 120
9815, 147, 367, 220
9816, 244, 766, 522
9817, 542, 1570, 1028
9818, 1037, 1348, 311
9819, 311, 399, 88
9820, 89, 153, 64
9821, 64, 93, 29
9822, 30, 35, 5
9823, 20, 20, 0
9824, 32, 36, 4
9825, 36, 40, 4
9826, 27, 31, 4
9827, 49, 62, 13
9828, 48, 61, 13
9829, 45, 55, 10
9830, 44, 57, 13
9831, 49, 63, 14
9832, 57, 83, 26
9833, 49, 68, 19
9834, 53, 66, 13
9835, 49, 65, 16
9836, 41, 53, 12
9837, 41, 47, 6
9838, 34, 40, 6
9839, 42, 49, 7
9840, 38, 47, 9
9841, 45, 56, 11
9842, 31, 37, 6
9843, 47, 61, 14
9844, 46, 66, 20
9845, 47, 56, 9
9846, 36, 41, 5
9847, 39, 50, 11
9848, 47, 63, 16
9849, 48, 63, 15
9850, 44, 55, 11
9851, 50, 65, 15
9852, 48, 68, 20
9853, 53, 76, 23
9854, 62, 96, 34
9855, 63, 83, 20
9856, 50, 70, 20
9857, 59, 86, 27
9858, 65, 101, 36
9859, 74, 119, 45
9860, 78, 132, 54
9861, 81, 140, 59
9862, 86, 148, 62
9863, 96, 185, 89
9864, 114, 247, 133
9865, 159, 417, 258
9866, 281, 914, 633
9867, 656, 1661, 1005
9868, 1009, 1193, 184
9869, 185, 254, 69
9870, 72, 116, 44
9871, 47, 61, 14
9872, 23, 24, 1
9873, 22, 23, 1
9874, 41, 47, 6
9875, 33, 39, 6
9876, 42, 52, 10
9877, 43, 55, 12
9878, 51, 73, 22
9879, 53, 69, 16
9880, 49, 68, 19
9881, 51, 72, 21
9882, 62, 85, 23
9883, 60, 80, 20
9884, 66, 105, 39
9885, 74, 116, 42
9886, 71, 105, 34
9887, 61, 81, 20
9888, 48, 63, 15
9889, 37, 46, 9
9890, 34, 40, 6
9891, 38, 44, 6
9892, 48, 62, 14
9893, 46, 56, 10
9894, 47, 63, 16
9895, 54, 73, 19
9896, 51, 76, 25
9897, 47, 63, 16
9898, 56, 88, 32
9899, 77, 128, 51
9900, 81, 141, 60
9901, 89, 166, 77
9902, 108, 225, 117
9903, 145, 348, 203
9904, 229, 706, 477
9905, 499, 1516, 1017
9906, 1025, 1425, 400
9907, 402, 484, 82
9908, 84, 144, 60
9909, 62, 90, 28
9910, 37, 41, 4
9911, 11, 11, 0
9912, 32, 37, 5
9913, 32, 41, 9
9914, 44, 55, 11
9915, 40, 46, 6
9916, 50, 67, 17
9917, 47, 60, 13
9918, 44, 56, 12
9919, 46, 60, 14
9920, 44, 57, 13
9921, 47, 61, 14
9922, 47, 63, 16
9923, 50, 65, 15
9924, 45, 54, 9
9925, 47, 53, 6
9926, 37, 41, 4
9927, 34, 45, 11
9928, 37, 43, 6
9929, 35, 38, 3
9930, 41, 55, 14
9931, 55, 78, 23
9932, 49, 68, 19
9933, 48, 61, 13
9934, 54, 74, 20
9935, 48, 61, 13
9936, 45, 50, 5
9937, 39, 43, 4
9938, 35, 45, 10
9939, 43, 53, 10
9940, 37, 43, 6
9941, 40, 52, 12
9942, 43, 54, 11
9943, 48, 69, 21
9944, 55, 73, 18
9945, 43, 57, 14
9946, 45, 59, 14
9947, 49, 68, 19
9948, 59, 80, 21
9949, 48, 66, 18
9950, 44, 58, 14
9951, 42, 56, 14
9952, 61, 89, 28
9953, 64, 97, 33
9954, 67, 102, 35
9955, 69, 106, 37
9956, 62, 89, 27
9957, 61, 85, 24
9958, 60, 91, 31
9959, 57, 83, 26
9960, 71, 111, 40
9961, 73, 110, 37
9962, 69, 111, 42
9963, 70, 103, 33
9964, 63, 91, 28
9965, 64, 95, 31
9966, 61, 91, 30
9967, 65, 106, 41
9968, 64, 99, 35
9969, 64, 89, 25
9970, 67, 109, 42
9971, 72, 113, 41
9972, 63, 88, 25
9973, 54, 69, 15
9974, 35, 36, 1
9975, 30, 34, 4
9976, 38, 43, 5
9977, 43, 58, 15
9978, 42, 54, 12
9979, 58, 81, 23
9980, 56, 86, 30
9981, 69, 110, 41
9982, 74, 115, 41
9983, 78, 133, 55
9984, 85, 160, 75
9985, 100, 197, 97
9986, 125, 282, 157
9987, 192, 571, 379
9988, 393, 1330, 937
9989, 945, 1589, 644
9990, 646, 738, 92
9991, 93, 151, 58
9992, 60, 80, 20
9993, 25, 26, 1
9994, 12, 12, 0
9995, 24, 25, 1
9996, 34, 42, 8
9997, 33, 35, 2
9998, 50, 72, 22
9999, 55, 81, 26
