time_steps,spikes_input,spikes_total,spikes_neighbors
0, 54, 56, 2
1, 57, 68, 11
2, 58, 78, 20
3, 78, 106, 28
4, 70, 116, 46
5, 89, 143, 54
6, 101, 178, 77
7, 114, 214, 100
8, 145, 300, 155
9, 195, 436, 241
10, 275, 576, 301
11, 336, 665, 329
12, 351, 675, 324
13, 345, 638, 293
14, 311, 483, 172
15, 186, 274, 88
16, 103, 162, 59
17, 89, 165, 76
18, 114, 209, 95
19, 127, 220, 93
20, 120, 229, 109
21, 133, 262, 129
22, 165, 324, 159
23, 197, 364, 167
24, 198, 371, 173
25, 203, 397, 194
26, 219, 426, 207
27, 233, 481, 248
28, 268, 526, 258
29, 285, 573, 288
30, 314, 620, 306
31, 325, 612, 287
32, 303, 582, 279
33, 297, 577, 280
34, 291, 553, 262
35, 271, 531, 260
36, 276, 570, 294
37, 316, 633, 317
38, 336, 646, 310
39, 319, 614, 295
40, 310, 614, 304
41, 316, 605, 289
42, 301, 555, 254
43, 263, 515, 252
44, 263, 521, 258
45, 268, 532, 264
46, 282, 558, 276
47, 288, 574, 286
48, 307, 627, 320
49, 341, 693, 352
50, 368, 685, 317
51, 326, 573, 247
52, 259, 497, 238
53, 257, 517, 260
54, 273, 517, 244
55, 259, 523, 264
56, 279, 573, 294
57, 313, 635, 322
58, 338, 681, 343
59, 351, 624, 273
60, 291, 546, 255
61, 268, 520, 252
62, 264, 528, 264
63, 276, 553, 277
64, 291, 586, 295
65, 316, 632, 316
66, 329, 674, 345
67, 352, 641, 289
68, 299, 542, 243
69, 256, 495, 239
70, 261, 523, 262
71, 270, 526, 256
72, 271, 547, 276
73, 294, 594, 300
74, 308, 631, 323
75, 339, 631, 292
76, 305, 544, 239
77, 254, 501, 247
78, 258, 498, 240
79, 255, 504, 249
80, 265, 517, 252
81, 263, 535, 272
82, 284, 593, 309
83, 328, 652, 324
84, 334, 630, 296
85, 307, 547, 240
86, 258, 490, 232
87, 247, 486, 239
88, 254, 475, 221
89, 241, 473, 232
90, 248, 494, 246
91, 269, 533, 264
92, 287, 571, 284
93, 301, 559, 258
94, 279, 531, 252
95, 266, 485, 219
96, 240, 482, 242
97, 264, 486, 222
98, 246, 458, 212
99, 223, 443, 220
100, 241, 485, 244
101, 256, 530, 274
102, 291, 593, 302
103, 321, 614, 293
104, 311, 540, 229
105, 250, 458, 208
106, 223, 422, 199
107, 210, 434, 224
108, 244, 475, 231
109, 255, 498, 243
110, 263, 533, 270
111, 289, 576, 287
112, 309, 568, 259
113, 277, 500, 223
114, 240, 443, 203
115, 215, 434, 219
116, 236, 454, 218
117, 239, 461, 222
118, 238, 481, 243
119, 263, 540, 277
120, 295, 569, 274
121, 290, 577, 287
122, 303, 561, 258
123, 275, 518, 243
124, 262, 513, 251
125, 270, 530, 260
126, 269, 535, 266
127, 279, 579, 300
128, 318, 629, 311
129, 326, 634, 308
130, 320, 640, 320
131, 333, 631, 298
132, 310, 593, 283
133, 298, 581, 283
134, 298, 593, 295
135, 311, 627, 316
136, 337, 656, 319
137, 330, 648, 318
138, 334, 661, 327
139, 339, 630, 291
140, 300, 570, 270
141, 282, 548, 266
142, 288, 579, 291
143, 306, 608, 302
144, 329, 651, 322
145, 335, 640, 305
146, 320, 609, 289
147, 309, 590, 281
148, 295, 564, 269
149, 285, 533, 248
150, 267, 529, 262
151, 275, 561, 286
152, 304, 571, 267
153, 285, 555, 270
154, 284, 546, 262
155, 277, 512, 235
156, 255, 483, 228
157, 244, 482, 238
158, 261, 522, 261
159, 279, 535, 256
160, 278, 548, 270
161, 295, 554, 259
162, 274, 519, 245
163, 261, 468, 207
164, 228, 434, 206
165, 229, 433, 204
166, 223, 430, 207
167, 223, 440, 217
168, 245, 489, 244
169, 262, 487, 225
170, 242, 489, 247
171, 270, 531, 261
172, 285, 518, 233
173, 251, 458, 207
174, 231, 440, 209
175, 221, 427, 206
176, 223, 447, 224
177, 248, 480, 232
178, 242, 484, 242
179, 258, 515, 257
180, 274, 544, 270
181, 285, 578, 293
182, 305, 595, 290
183, 308, 565, 257
184, 275, 526, 251
185, 275, 519, 244
186, 262, 499, 237
187, 257, 515, 258
188, 276, 551, 275
189, 291, 561, 270
190, 289, 585, 296
191, 307, 592, 285
192, 297, 534, 237
193, 258, 488, 230
194, 247, 474, 227
195, 244, 494, 250
196, 260, 517, 257
197, 274, 523, 249
198, 267, 535, 268
199, 292, 598, 306
200, 326, 624, 298
201, 316, 597, 281
202, 298, 560, 262
203, 275, 525, 250
204, 262, 534, 272
205, 289, 577, 288
206, 305, 605, 300
207, 318, 629, 311
208, 329, 629, 300
209, 315, 574, 259
210, 272, 516, 244
211, 256, 488, 232
212, 253, 494, 241
213, 255, 504, 249
214, 271, 532, 261
215, 276, 548, 272
216, 289, 557, 268
217, 289, 560, 271
218, 296, 581, 285
219, 301, 555, 254
220, 265, 495, 230
221, 254, 501, 247
222, 273, 534, 261
223, 280, 548, 268
224, 283, 553, 270
225, 288, 576, 288
226, 308, 619, 311
227, 326, 622, 296
228, 311, 580, 269
229, 286, 538, 252
230, 267, 526, 259
231, 275, 538, 263
232, 276, 522, 246
233, 261, 532, 271
234, 296, 582, 286
235, 304, 602, 298
236, 316, 593, 277
237, 290, 525, 235
238, 254, 491, 237
239, 252, 491, 239
240, 251, 501, 250
241, 267, 527, 260
242, 277, 548, 271
243, 291, 580, 289
244, 304, 574, 270
245, 289, 511, 222
246, 240, 463, 223
247, 247, 494, 247
248, 271, 532, 261
249, 276, 526, 250
250, 270, 540, 270
251, 288, 574, 286
252, 305, 627, 322
253, 341, 640, 299
254, 318, 562, 244
255, 257, 479, 222
256, 234, 468, 234
257, 248, 473, 225
258, 240, 474, 234
259, 258, 512, 254
260, 272, 537, 265
261, 286, 547, 261
262, 286, 560, 274
263, 298, 513, 215
264, 226, 414, 188
265, 203, 423, 220
266, 236, 447, 211
267, 227, 442, 215
268, 235, 472, 237
269, 261, 530, 269
270, 290, 588, 298
271, 320, 618, 298
272, 311, 608, 297
273, 307, 608, 301
274, 308, 575, 267
275, 282, 537, 255
276, 270, 530, 260
277, 279, 551, 272
278, 289, 577, 288
279, 302, 587, 285
280, 306, 594, 288
281, 311, 595, 284
282, 298, 549, 251
283, 263, 508, 245
284, 259, 522, 263
285, 278, 533, 255
286, 274, 543, 269
287, 283, 552, 269
288, 279, 560, 281
289, 296, 584, 288
290, 304, 551, 247
291, 261, 473, 212
292, 232, 442, 210
293, 233, 465, 232
294, 248, 492, 244
295, 265, 514, 249
296, 263, 527, 264
297, 280, 562, 282
298, 308, 600, 292
299, 307, 581, 274
300, 291, 545, 254
301, 272, 521, 249
302, 269, 515, 246
303, 265, 524, 259
304, 278, 548, 270
305, 293, 587, 294
306, 316, 625, 309
307, 324, 638, 314
308, 326, 600, 274
309, 285, 550, 265
310, 275, 528, 253
311, 264, 517, 253
312, 268, 522, 254
313, 281, 558, 277
314, 293, 586, 293
315, 309, 613, 304
316, 318, 637, 319
317, 331, 636, 305
318, 319, 592, 273
319, 294, 560, 266
320, 279, 545, 266
321, 283, 558, 275
322, 284, 577, 293
323, 306, 620, 314
324, 329, 643, 314
325, 327, 656, 329
326, 337, 625, 288
327, 306, 603, 297
328, 313, 599, 286
329, 297, 580, 283
330, 294, 586, 292
331, 305, 612, 307
332, 319, 625, 306
333, 321, 608, 287
334, 300, 594, 294
335, 303, 580, 277
336, 286, 543, 257
337, 275, 537, 262
338, 277, 547, 270
339, 285, 548, 263
340, 280, 529, 249
341, 262, 500, 238
342, 259, 495, 236
343, 249, 459, 210
344, 221, 426, 205
345, 229, 448, 219
346, 236, 458, 222
347, 248, 476, 228
348, 248, 477, 229
349, 245, 479, 234
350, 260, 460, 200
351, 229, 408, 179
352, 194, 361, 167
353, 187, 329, 142
354, 174, 327, 153
355, 180, 346, 166
356, 189, 354, 165
357, 194, 384, 190
358, 218, 441, 223
359, 250, 501, 251
360, 269, 549, 280
361, 312, 606, 294
362, 309, 617, 308
363, 322, 610, 288
364, 303, 524, 221
365, 239, 421, 182
366, 204, 382, 178
367, 200, 389, 189
368, 204, 427, 223
369, 256, 507, 251
370, 271, 498, 227
371, 245, 494, 249
372, 271, 523, 252
373, 276, 511, 235
374, 254, 459, 205
375, 223, 400, 177
376, 195, 366, 171
377, 197, 378, 181
378, 205, 405, 200
379, 225, 471, 246
380, 268, 531, 263
381, 277, 551, 274
382, 292, 555, 263
383, 277, 512, 235
384, 250, 479, 229
385, 246, 443, 197
386, 213, 398, 185
387, 205, 397, 192
388, 209, 416, 207
389, 236, 473, 237
390, 255, 508, 253
391, 282, 556, 274
392, 290, 534, 244
393, 259, 510, 251
394, 268, 492, 224
395, 246, 434, 188
396, 207, 378, 171
397, 195, 362, 167
398, 196, 376, 180
399, 201, 393, 192
400, 215, 432, 217
401, 247, 478, 231
402, 259, 499, 240
403, 263, 503, 240
404, 261, 472, 211
405, 226, 423, 197
406, 207, 389, 182
407, 201, 373, 172
408, 196, 357, 161
409, 193, 353, 160
410, 190, 393, 203
411, 233, 485, 252
412, 276, 523, 247
413, 270, 533, 263
414, 282, 537, 255
415, 280, 557, 277
416, 290, 539, 249
417, 261, 493, 232
418, 244, 447, 203
419, 220, 428, 208
420, 226, 447, 221
421, 241, 489, 248
422, 265, 537, 272
423, 296, 577, 281
424, 296, 579, 283
425, 300, 537, 237
426, 253, 473, 220
427, 236, 444, 208
428, 232, 418, 186
429, 205, 406, 201
430, 213, 408, 195
431, 225, 425, 200
432, 220, 417, 197
433, 217, 426, 209
434, 238, 478, 240
435, 264, 525, 261
436, 282, 538, 256
437, 280, 492, 212
438, 232, 407, 175
439, 195, 364, 169
440, 190, 369, 179
441, 196, 392, 196
442, 207, 441, 234
443, 265, 549, 284
444, 316, 615, 299
445, 324, 623, 299
446, 312, 569, 257
447, 272, 502, 230
448, 249, 470, 221
449, 233, 447, 214
450, 239, 469, 230
451, 248, 488, 240
452, 260, 524, 264
453, 288, 587, 299
454, 314, 593, 279
455, 303, 575, 272
456, 286, 549, 263
457, 272, 526, 254
458, 269, 532, 263
459, 282, 545, 263
460, 275, 557, 282
461, 298, 572, 274
462, 293, 562, 269
463, 283, 593, 310
464, 322, 632, 310
465, 325, 630, 305
466, 319, 620, 301
467, 311, 590, 279
468, 291, 581, 290
469, 301, 592, 291
470, 301, 589, 288
471, 304, 613, 309
472, 320, 618, 298
473, 312, 600, 288
474, 297, 558, 261
475, 270, 521, 251
476, 270, 536, 266
477, 279, 520, 241
478, 256, 498, 242
479, 261, 510, 249
480, 265, 526, 261
481, 278, 527, 249
482, 265, 488, 223
483, 241, 428, 187
484, 203, 368, 165
485, 185, 333, 148
486, 168, 313, 145
487, 176, 322, 146
488, 175, 321, 146
489, 171, 323, 152
490, 184, 368, 184
491, 214, 428, 214
492, 237, 476, 239
493, 257, 511, 254
494, 280, 542, 262
495, 278, 535, 257
496, 281, 490, 209
497, 223, 400, 177
498, 198, 389, 191
499, 217, 391, 174
500, 195, 372, 177
501, 193, 383, 190
502, 216, 445, 229
503, 255, 495, 240
504, 262, 528, 266
505, 289, 566, 277
506, 301, 534, 233
507, 249, 460, 211
508, 232, 436, 204
509, 224, 414, 190
510, 207, 395, 188
511, 203, 389, 186
512, 212, 420, 208
513, 228, 473, 245
514, 267, 538, 271
515, 296, 582, 286
516, 316, 606, 290
517, 307, 544, 237
518, 254, 489, 235
519, 248, 457, 209
520, 229, 434, 205
521, 221, 445, 224
522, 255, 514, 259
523, 276, 560, 284
524, 305, 602, 297
525, 312, 629, 317
526, 333, 652, 319
527, 338, 626, 288
528, 304, 561, 257
529, 273, 519, 246
530, 263, 520, 257
531, 273, 545, 272
532, 287, 563, 276
533, 289, 585, 296
534, 310, 608, 298
535, 309, 547, 238
536, 254, 477, 223
537, 247, 453, 206
538, 222, 420, 198
539, 221, 436, 215
540, 245, 485, 240
541, 260, 503, 243
542, 261, 510, 249
543, 262, 515, 253
544, 277, 527, 250
545, 267, 482, 215
546, 237, 411, 174
547, 192, 364, 172
548, 187, 363, 176
549, 201, 391, 190
550, 211, 418, 207
551, 237, 463, 226
552, 243, 498, 255
553, 277, 540, 263
554, 298, 541, 243
555, 264, 481, 217
556, 233, 450, 217
557, 236, 441, 205
558, 224, 424, 200
559, 216, 412, 196
560, 207, 418, 211
561, 233, 467, 234
562, 258, 509, 251
563, 269, 528, 259
564, 281, 536, 255
565, 269, 496, 227
566, 247, 466, 219
567, 239, 450, 211
568, 223, 395, 172
569, 193, 361, 168
570, 185, 352, 167
571, 187, 367, 180
572, 204, 415, 211
573, 243, 469, 226
574, 255, 491, 236
575, 254, 481, 227
576, 249, 467, 218
577, 233, 435, 202
578, 227, 422, 195
579, 220, 409, 189
580, 218, 422, 204
581, 225, 429, 204
582, 222, 424, 202
583, 224, 460, 236
584, 269, 550, 281
585, 298, 583, 285
586, 305, 573, 268
587, 282, 548, 266
588, 284, 557, 273
589, 288, 574, 286
590, 303, 606, 303
591, 319, 646, 327
592, 342, 688, 346
593, 356, 658, 302
594, 315, 591, 276
595, 287, 536, 249
596, 264, 509, 245
597, 258, 510, 252
598, 264, 524, 260
599, 272, 528, 256
600, 271, 529, 258
601, 273, 531, 258
602, 273, 501, 228
603, 243, 456, 213
604, 232, 418, 186
605, 200, 372, 172
606, 192, 366, 174
607, 200, 367, 167
608, 195, 342, 147
609, 170, 306, 136
610, 157, 301, 144
611, 165, 321, 156
612, 177, 348, 171
613, 199, 382, 183
614, 216, 414, 198
615, 227, 443, 216
616, 246, 473, 227
617, 251, 489, 238
618, 258, 497, 239
619, 261, 507, 246
620, 261, 501, 240
621, 260, 518, 258
622, 279, 536, 257
623, 277, 527, 250
624, 265, 510, 245
625, 257, 479, 222
626, 237, 481, 244
627, 261, 506, 245
628, 266, 519, 253
629, 275, 499, 224
630, 249, 485, 236
631, 256, 496, 240
632, 261, 509, 248
633, 265, 532, 267
634, 284, 557, 273
635, 291, 556, 265
636, 281, 520, 239
637, 258, 482, 224
638, 248, 461, 213
639, 241, 461, 220
640, 245, 506, 261
641, 289, 554, 265
642, 284, 520, 236
643, 262, 505, 243
644, 273, 531, 258
645, 273, 514, 241
646, 262, 479, 217
647, 232, 425, 193
648, 216, 419, 203
649, 213, 436, 223
650, 242, 500, 258
651, 282, 549, 267
652, 292, 544, 252
653, 271, 533, 262
654, 283, 549, 266
655, 285, 492, 207
656, 231, 391, 160
657, 177, 325, 148
658, 167, 336, 169
659, 184, 364, 180
660, 207, 399, 192
661, 222, 417, 195
662, 226, 433, 207
663, 232, 462, 230
664, 253, 507, 254
665, 279, 589, 310
666, 331, 603, 272
667, 292, 503, 211
668, 228, 420, 192
669, 211, 400, 189
670, 211, 412, 201
671, 217, 432, 215
672, 243, 489, 246
673, 273, 552, 279
674, 306, 610, 304
675, 327, 622, 295
676, 307, 547, 240
677, 258, 452, 194
678, 209, 369, 160
679, 177, 334, 157
680, 176, 331, 155
681, 182, 361, 179
682, 212, 392, 180
683, 212, 413, 201
684, 233, 444, 211
685, 233, 441, 208
686, 228, 467, 239
687, 263, 482, 219
688, 239, 463, 224
689, 249, 464, 215
690, 230, 425, 195
691, 213, 408, 195
692, 208, 382, 174
693, 197, 384, 187
694, 211, 405, 194
695, 222, 425, 203
696, 239, 482, 243
697, 271, 534, 263
698, 291, 562, 271
699, 293, 558, 265
700, 289, 533, 244
701, 258, 493, 235
702, 252, 489, 237
703, 252, 491, 239
704, 259, 504, 245
705, 263, 521, 258
706, 277, 535, 258
707, 283, 554, 271
708, 291, 565, 274
709, 290, 555, 265
710, 279, 520, 241
711, 256, 482, 226
712, 247, 501, 254
713, 274, 516, 242
714, 258, 494, 236
715, 254, 515, 261
716, 280, 541, 261
717, 278, 563, 285
718, 299, 588, 289
719, 308, 585, 277
720, 294, 549, 255
721, 269, 508, 239
722, 249, 499, 250
723, 257, 514, 257
724, 272, 544, 272
725, 292, 565, 273
726, 284, 567, 283
727, 296, 620, 324
728, 340, 630, 290
729, 297, 544, 247
730, 262, 501, 239
731, 255, 500, 245
732, 264, 495, 231
733, 242, 472, 230
734, 241, 476, 235
735, 257, 528, 271
736, 285, 578, 293
737, 312, 556, 244
738, 267, 465, 198
739, 217, 404, 187
740, 207, 399, 192
741, 210, 405, 195
742, 214, 424, 210
743, 225, 461, 236
744, 257, 494, 237
745, 277, 543, 266
746, 281, 517, 236
747, 254, 471, 217
748, 236, 437, 201
749, 222, 425, 203
750, 224, 389, 165
751, 191, 366, 175
752, 191, 366, 175
753, 204, 390, 186
754, 210, 392, 182
755, 213, 423, 210
756, 228, 456, 228
757, 247, 466, 219
758, 247, 475, 228
759, 251, 492, 241
760, 267, 492, 225
761, 240, 446, 206
762, 227, 422, 195
763, 210, 399, 189
764, 214, 438, 224
765, 254, 494, 240
766, 266, 529, 263
767, 284, 552, 268
768, 285, 555, 270
769, 291, 551, 260
770, 281, 541, 260
771, 280, 547, 267
772, 283, 548, 265
773, 280, 542, 262
774, 272, 528, 256
775, 273, 520, 247
776, 272, 533, 261
777, 273, 530, 257
778, 278, 550, 272
779, 286, 549, 263
780, 280, 569, 289
781, 308, 587, 279
782, 294, 550, 256
783, 275, 534, 259
784, 270, 534, 264
785, 277, 549, 272
786, 285, 579, 294
787, 307, 579, 272
788, 285, 549, 264
789, 279, 531, 252
790, 269, 521, 252
791, 269, 513, 244
792, 259, 508, 249
793, 266, 509, 243
794, 267, 521, 254
795, 269, 525, 256
796, 266, 532, 266
797, 279, 520, 241
798, 269, 501, 232
799, 250, 475, 225
800, 239, 457, 218
801, 232, 473, 241
802, 257, 519, 262
803, 278, 541, 263
804, 282, 563, 281
805, 293, 567, 274
806, 297, 559, 262
807, 287, 553, 266
808, 287, 529, 242
809, 257, 487, 230
810, 248, 498, 250
811, 264, 524, 260
812, 274, 544, 270
813, 293, 587, 294
814, 309, 599, 290
815, 310, 598, 288
816, 302, 534, 232
817, 245, 467, 222
818, 235, 477, 242
819, 270, 529, 259
820, 274, 535, 261
821, 287, 581, 294
822, 309, 609, 300
823, 310, 611, 301
824, 315, 629, 314
825, 332, 581, 249
826, 263, 499, 236
827, 251, 498, 247
828, 257, 497, 240
829, 252, 516, 264
830, 281, 588, 307
831, 327, 638, 311
832, 327, 622, 295
833, 313, 603, 290
834, 300, 534, 234
835, 250, 490, 240
836, 254, 512, 258
837, 271, 522, 251
838, 268, 541, 273
839, 294, 568, 274
840, 288, 567, 279
841, 294, 567, 273
842, 287, 534, 247
843, 269, 493, 224
844, 242, 456, 214
845, 237, 461, 224
846, 246, 459, 213
847, 239, 476, 237
848, 258, 531, 273
849, 287, 556, 269
850, 290, 571, 281
851, 294, 544, 250
852, 261, 492, 231
853, 245, 447, 202
854, 217, 412, 195
855, 213, 408, 195
856, 226, 442, 216
857, 246, 472, 226
858, 237, 442, 205
859, 228, 449, 221
860, 247, 507, 260
861, 279, 518, 239
862, 258, 485, 227
863, 257, 479, 222
864, 242, 455, 213
865, 234, 455, 221
866, 238, 451, 213
867, 229, 434, 205
868, 227, 446, 219
869, 236, 474, 238
870, 274, 565, 291
871, 305, 585, 280
872, 302, 578, 276
873, 290, 568, 278
874, 290, 579, 289
875, 306, 579, 273
876, 288, 527, 239
877, 251, 481, 230
878, 248, 498, 250
879, 266, 545, 279
880, 302, 560, 258
881, 281, 549, 268
882, 283, 546, 263
883, 282, 527, 245
884, 263, 492, 229
885, 240, 480, 240
886, 257, 492, 235
887, 259, 494, 235
888, 252, 499, 247
889, 265, 549, 284
890, 298, 562, 264
891, 286, 565, 279
892, 301, 572, 271
893, 295, 542, 247
894, 266, 484, 218
895, 240, 471, 231
896, 246, 490, 244
897, 265, 510, 245
898, 262, 506, 244
899, 255, 531, 276
900, 293, 570, 277
901, 297, 586, 289
902, 308, 580, 272
903, 294, 535, 241
904, 257, 473, 216
905, 234, 471, 237
906, 259, 495, 236
907, 250, 528, 278
908, 309, 606, 297
909, 308, 567, 259
910, 280, 535, 255
911, 277, 525, 248
912, 270, 503, 233
913, 251, 471, 220
914, 239, 465, 226
915, 242, 485, 243
916, 261, 529, 268
917, 283, 531, 248
918, 270, 540, 270
919, 293, 573, 280
920, 293, 540, 247
921, 275, 502, 227
922, 243, 449, 206
923, 218, 433, 215
924, 234, 476, 242
925, 269, 521, 252
926, 274, 544, 270
927, 292, 602, 310
928, 329, 642, 313
929, 329, 588, 259
930, 274, 507, 233
931, 245, 466, 221
932, 239, 462, 223
933, 238, 491, 253
934, 275, 556, 281
935, 293, 590, 297
936, 315, 649, 334
937, 353, 647, 294
938, 310, 543, 233
939, 252, 487, 235
940, 248, 465, 217
941, 230, 431, 201
942, 225, 465, 240
943, 263, 533, 270
944, 291, 589, 298
945, 316, 611, 295
946, 312, 590, 278
947, 295, 542, 247
948, 257, 495, 238
949, 253, 503, 250
950, 264, 513, 249
951, 265, 531, 266
952, 284, 585, 301
953, 321, 638, 317
954, 334, 655, 321
955, 333, 596, 263
956, 278, 528, 250
957, 258, 475, 217
958, 234, 467, 233
959, 251, 486, 235
960, 248, 493, 245
961, 267, 554, 287
962, 302, 609, 307
963, 324, 646, 322
964, 344, 618, 274
965, 288, 525, 237
966, 255, 486, 231
967, 247, 473, 226
968, 237, 456, 219
969, 243, 493, 250
970, 263, 540, 277
971, 291, 600, 309
972, 328, 619, 291
973, 310, 595, 285
974, 305, 556, 251
975, 267, 499, 232
976, 240, 468, 228
977, 245, 468, 223
978, 241, 489, 248
979, 275, 568, 293
980, 318, 641, 323
981, 343, 703, 360
982, 366, 641, 275
983, 290, 550, 260
984, 274, 506, 232
985, 243, 472, 229
986, 243, 488, 245
987, 257, 495, 238
988, 251, 509, 258
989, 272, 549, 277
990, 293, 564, 271
991, 291, 544, 253
992, 268, 499, 231
993, 243, 451, 208
994, 231, 433, 202
995, 225, 437, 212
996, 235, 455, 220
997, 238, 485, 247
998, 266, 569, 303
999, 322, 617, 295
1000, 318, 612, 294
1001, 306, 547, 241
1002, 253, 479, 226
1003, 239, 463, 224
1004, 238, 447, 209
1005, 228, 444, 216
1006, 243, 469, 226
1007, 254, 501, 247
1008, 270, 517, 247
1009, 265, 487, 222
1010, 235, 464, 229
1011, 243, 467, 224
1012, 248, 506, 258
1013, 276, 507, 231
1014, 243, 437, 194
1015, 219, 434, 215
1016, 236, 447, 211
1017, 226, 472, 246
1018, 263, 508, 245
1019, 265, 506, 241
1020, 260, 529, 269
1021, 295, 583, 288
1022, 303, 547, 244
1023, 263, 490, 227
1024, 250, 481, 231
1025, 250, 493, 243
1026, 258, 521, 263
1027, 283, 565, 282
1028, 298, 594, 296
1029, 321, 624, 303
1030, 319, 605, 286
1031, 297, 525, 228
1032, 254, 487, 233
1033, 241, 459, 218
1034, 234, 487, 253
1035, 273, 558, 285
1036, 301, 605, 304
1037, 324, 675, 351
1038, 363, 685, 322
1039, 336, 635, 299
1040, 313, 572, 259
1041, 269, 519, 250
1042, 261, 505, 244
1043, 251, 509, 258
1044, 271, 548, 277
1045, 293, 596, 303
1046, 319, 643, 324
1047, 336, 611, 275
1048, 287, 521, 234
1049, 248, 469, 221
1050, 240, 451, 211
1051, 224, 448, 224
1052, 242, 490, 248
1053, 265, 520, 255
1054, 281, 554, 273
1055, 297, 593, 296
1056, 311, 601, 290
1057, 306, 544, 238
1058, 254, 469, 215
1059, 234, 442, 208
1060, 224, 407, 183
1061, 214, 418, 204
1062, 231, 444, 213
1063, 239, 482, 243
1064, 270, 502, 232
1065, 252, 470, 218
1066, 244, 473, 229
1067, 250, 455, 205
1068, 224, 438, 214
1069, 231, 445, 214
1070, 235, 434, 199
1071, 223, 413, 190
1072, 213, 415, 202
1073, 220, 436, 216
1074, 237, 484, 247
1075, 268, 543, 275
1076, 297, 580, 283
1077, 304, 602, 298
1078, 322, 609, 287
1079, 295, 499, 204
1080, 222, 408, 186
1081, 208, 402, 194
1082, 211, 425, 214
1083, 237, 446, 209
1084, 229, 469, 240
1085, 262, 527, 265
1086, 285, 581, 296
1087, 319, 626, 307
1088, 325, 592, 267
1089, 284, 517, 233
1090, 249, 472, 223
1091, 238, 476, 238
1092, 251, 495, 244
1093, 268, 555, 287
1094, 313, 615, 302
1095, 321, 643, 322
1096, 338, 645, 307
1097, 324, 594, 270
1098, 281, 515, 234
1099, 241, 447, 206
1100, 216, 423, 207
1101, 226, 449, 223
1102, 244, 494, 250
1103, 266, 544, 278
1104, 294, 600, 306
1105, 323, 603, 280
1106, 296, 557, 261
1107, 275, 492, 217
1108, 231, 439, 208
1109, 221, 433, 212
1110, 231, 463, 232
1111, 262, 543, 281
1112, 299, 615, 316
1113, 335, 649, 314
1114, 330, 629, 299
1115, 316, 613, 297
1116, 308, 560, 252
1117, 261, 466, 205
1118, 221, 426, 205
1119, 224, 450, 226
1120, 245, 499, 254
1121, 273, 543, 270
1122, 292, 563, 271
1123, 290, 575, 285
1124, 306, 591, 285
1125, 306, 573, 267
1126, 278, 482, 204
1127, 219, 425, 206
1128, 224, 461, 237
1129, 258, 517, 259
1130, 278, 555, 277
1131, 302, 604, 302
1132, 325, 628, 303
1133, 324, 636, 312
1134, 323, 554, 231
1135, 248, 458, 210
1136, 224, 438, 214
1137, 227, 454, 227
1138, 244, 486, 242
1139, 261, 519, 258
1140, 276, 571, 295
1141, 313, 631, 318
1142, 331, 595, 264
1143, 276, 492, 216
1144, 230, 410, 180
1145, 202, 380, 178
1146, 194, 373, 179
1147, 205, 415, 210
1148, 236, 469, 233
1149, 257, 512, 255
1150, 277, 580, 303
1151, 324, 598, 274
1152, 294, 544, 250
1153, 272, 502, 230
1154, 252, 458, 206
1155, 225, 418, 193
1156, 208, 415, 207
1157, 231, 456, 225
1158, 246, 484, 238
1159, 257, 515, 258
1160, 277, 555, 278
1161, 289, 548, 259
1162, 285, 531, 246
1163, 265, 507, 242
1164, 252, 448, 196
1165, 209, 389, 180
1166, 210, 417, 207
1167, 225, 442, 217
1168, 241, 484, 243
1169, 260, 531, 271
1170, 289, 560, 271
1171, 295, 591, 296
1172, 312, 609, 297
1173, 312, 581, 269
1174, 281, 510, 229
1175, 242, 472, 230
1176, 247, 486, 239
1177, 257, 511, 254
1178, 276, 541, 265
1179, 281, 553, 272
1180, 287, 560, 273
1181, 289, 564, 275
1182, 293, 552, 259
1183, 281, 527, 246
1184, 262, 482, 220
1185, 240, 458, 218
1186, 232, 465, 233
1187, 251, 508, 257
1188, 276, 567, 291
1189, 315, 607, 292
1190, 309, 598, 289
1191, 301, 569, 268
1192, 281, 515, 234
1193, 250, 460, 210
1194, 228, 442, 214
1195, 231, 474, 243
1196, 264, 535, 271
1197, 292, 569, 277
1198, 301, 583, 282
1199, 302, 574, 272
1200, 281, 541, 260
1201, 285, 527, 242
1202, 256, 474, 218
1203, 232, 450, 218
1204, 232, 465, 233
1205, 251, 506, 255
1206, 271, 543, 272
1207, 290, 575, 285
1208, 304, 600, 296
1209, 316, 583, 267
1210, 279, 532, 253
1211, 263, 514, 251
1212, 260, 507, 247
1213, 268, 522, 254
1214, 276, 535, 259
1215, 278, 559, 281
1216, 293, 575, 282
1217, 298, 587, 289
1218, 309, 586, 277
1219, 296, 549, 253
1220, 266, 502, 236
1221, 250, 486, 236
1222, 257, 503, 246
1223, 262, 503, 241
1224, 268, 519, 251
1225, 274, 508, 234
1226, 249, 498, 249
1227, 271, 516, 245
1228, 264, 511, 247
1229, 270, 490, 220
1230, 232, 438, 206
1231, 229, 452, 223
1232, 239, 447, 208
1233, 230, 455, 225
1234, 244, 495, 251
1235, 274, 550, 276
1236, 292, 530, 238
1237, 265, 485, 220
1238, 235, 460, 225
1239, 249, 479, 230
1240, 248, 481, 233
1241, 254, 483, 229
1242, 244, 459, 215
1243, 234, 477, 243
1244, 264, 534, 270
1245, 289, 565, 276
1246, 291, 556, 265
1247, 281, 557, 276
1248, 291, 541, 250
1249, 263, 488, 225
1250, 243, 451, 208
1251, 219, 422, 203
1252, 217, 427, 210
1253, 234, 474, 240
1254, 261, 506, 245
1255, 267, 505, 238
1256, 254, 506, 252
1257, 270, 517, 247
1258, 266, 508, 242
1259, 271, 509, 238
1260, 255, 512, 257
1261, 275, 514, 239
1262, 254, 483, 229
1263, 256, 499, 243
1264, 265, 512, 247
1265, 264, 520, 256
1266, 273, 519, 246
1267, 264, 495, 231
1268, 250, 493, 243
1269, 270, 538, 268
1270, 283, 537, 254
1271, 281, 546, 265
1272, 284, 566, 282
1273, 307, 621, 314
1274, 327, 626, 299
1275, 312, 588, 276
1276, 289, 545, 256
1277, 276, 525, 249
1278, 267, 503, 236
1279, 248, 489, 241
1280, 259, 525, 266
1281, 284, 584, 300
1282, 312, 623, 311
1283, 328, 645, 317
1284, 329, 626, 297
1285, 315, 612, 297
1286, 311, 593, 282
1287, 294, 555, 261
1288, 275, 541, 266
1289, 281, 561, 280
1290, 291, 606, 315
1291, 326, 654, 328
1292, 339, 642, 303
1293, 318, 617, 299
1294, 312, 607, 295
1295, 301, 572, 271
1296, 287, 547, 260
1297, 275, 557, 282
1298, 298, 607, 309
1299, 320, 638, 318
1300, 330, 631, 301
1301, 309, 585, 276
1302, 287, 551, 264
1303, 280, 537, 257
1304, 272, 500, 228
1305, 241, 476, 235
1306, 249, 508, 259
1307, 282, 538, 256
1308, 274, 525, 251
1309, 278, 568, 290
1310, 317, 633, 316
1311, 334, 597, 263
1312, 280, 502, 222
1313, 237, 467, 230
1314, 242, 477, 235
1315, 262, 505, 243
1316, 261, 494, 233
1317, 256, 490, 234
1318, 249, 477, 228
1319, 254, 494, 240
1320, 261, 524, 263
1321, 290, 559, 269
1322, 284, 528, 244
1323, 268, 523, 255
1324, 273, 489, 216
1325, 237, 415, 178
1326, 205, 383, 178
1327, 198, 385, 187
1328, 207, 404, 197
1329, 220, 432, 212
1330, 243, 485, 242
1331, 264, 519, 255
1332, 284, 538, 254
1333, 277, 517, 240
1334, 258, 481, 223
1335, 244, 476, 232
1336, 243, 476, 233
1337, 255, 500, 245
1338, 259, 536, 277
1339, 290, 607, 317
1340, 333, 650, 317
1341, 336, 638, 302
1342, 318, 587, 269
1343, 291, 540, 249
1344, 266, 481, 215
1345, 232, 462, 230
1346, 253, 506, 253
1347, 271, 524, 253
1348, 268, 523, 255
1349, 280, 554, 274
1350, 295, 560, 265
1351, 283, 527, 244
1352, 262, 474, 212
1353, 236, 463, 227
1354, 244, 462, 218
1355, 235, 460, 225
1356, 248, 500, 252
1357, 273, 541, 268
1358, 286, 582, 296
1359, 318, 604, 286
1360, 303, 559, 256
1361, 271, 501, 230
1362, 241, 467, 226
1363, 244, 451, 207
1364, 229, 439, 210
1365, 230, 464, 234
1366, 251, 495, 244
1367, 270, 535, 265
1368, 288, 576, 288
1369, 297, 575, 278
1370, 296, 565, 269
1371, 281, 514, 233
1372, 251, 491, 240
1373, 262, 509, 247
1374, 258, 500, 242
1375, 262, 539, 277
1376, 296, 600, 304
1377, 324, 627, 303
1378, 319, 636, 317
1379, 330, 601, 271
1380, 286, 525, 239
1381, 250, 482, 232
1382, 251, 481, 230
1383, 251, 484, 233
1384, 245, 509, 264
1385, 288, 557, 269
1386, 286, 545, 259
1387, 280, 547, 267
1388, 280, 507, 227
1389, 244, 463, 219
1390, 237, 448, 211
1391, 228, 445, 217
1392, 248, 484, 236
1393, 259, 525, 266
1394, 286, 579, 293
1395, 305, 627, 322
1396, 343, 631, 288
1397, 301, 560, 259
1398, 282, 556, 274
1399, 289, 567, 278
1400, 291, 574, 283
1401, 290, 566, 276
1402, 293, 604, 311
1403, 325, 642, 317
1404, 326, 632, 306
1405, 318, 597, 279
1406, 291, 564, 273
1407, 294, 561, 267
1408, 280, 530, 250
1409, 275, 538, 263
1410, 284, 556, 272
1411, 286, 559, 273
1412, 294, 594, 300
1413, 312, 617, 305
1414, 325, 616, 291
1415, 301, 559, 258
1416, 280, 544, 264
1417, 278, 537, 259
1418, 267, 534, 267
1419, 279, 567, 288
1420, 303, 592, 289
1421, 302, 603, 301
1422, 310, 586, 276
1423, 294, 576, 282
1424, 292, 513, 221
1425, 236, 459, 223
1426, 237, 458, 221
1427, 234, 460, 226
1428, 245, 460, 215
1429, 239, 462, 223
1430, 244, 487, 243
1431, 264, 539, 275
1432, 296, 539, 243
1433, 270, 475, 205
1434, 221, 404, 183
1435, 200, 367, 167
1436, 194, 368, 174
1437, 193, 376, 183
1438, 208, 374, 166
1439, 200, 387, 187
1440, 210, 406, 196
1441, 222, 451, 229
1442, 252, 495, 243
1443, 263, 533, 270
1444, 281, 515, 234
1445, 255, 462, 207
1446, 225, 415, 190
1447, 213, 409, 196
1448, 213, 386, 173
1449, 196, 369, 173
1450, 197, 363, 166
1451, 186, 367, 181
1452, 207, 433, 226
1453, 258, 497, 239
1454, 264, 522, 258
1455, 280, 545, 265
1456, 280, 547, 267
1457, 283, 527, 244
1458, 259, 482, 223
1459, 242, 466, 224
1460, 245, 460, 215
1461, 225, 427, 202
1462, 220, 450, 230
1463, 254, 528, 274
1464, 291, 582, 291
1465, 316, 626, 310
1466, 332, 638, 306
1467, 321, 576, 255
1468, 267, 515, 248
1469, 262, 497, 235
1470, 248, 472, 224
1471, 237, 484, 247
1472, 274, 534, 260
1473, 281, 543, 262
1474, 277, 544, 267
1475, 279, 567, 288
1476, 305, 585, 280
1477, 301, 563, 262
1478, 274, 516, 242
1479, 254, 487, 233
1480, 245, 484, 239
1481, 255, 502, 247
1482, 268, 516, 248
1483, 271, 540, 269
1484, 277, 530, 253
1485, 269, 500, 231
1486, 251, 492, 241
1487, 257, 474, 217
1488, 239, 450, 211
1489, 234, 437, 203
1490, 223, 440, 217
1491, 236, 470, 234
1492, 250, 505, 255
1493, 271, 534, 263
1494, 286, 581, 295
1495, 311, 610, 299
1496, 316, 595, 279
1497, 294, 538, 244
1498, 254, 487, 233
1499, 252, 498, 246
1500, 269, 539, 270
1501, 289, 565, 276
1502, 296, 587, 291
1503, 308, 627, 319
1504, 333, 641, 308
1505, 323, 600, 277
1506, 292, 548, 256
1507, 270, 519, 249
1508, 267, 538, 271
1509, 284, 572, 288
1510, 302, 598, 296
1511, 317, 635, 318
1512, 332, 644, 312
1513, 324, 596, 272
1514, 290, 545, 255
1515, 265, 529, 264
1516, 278, 539, 261
1517, 269, 517, 248
1518, 268, 543, 275
1519, 286, 584, 298
1520, 314, 628, 314
1521, 326, 651, 325
1522, 339, 651, 312
1523, 325, 607, 282
1524, 298, 583, 285
1525, 295, 554, 259
1526, 273, 534, 261
1527, 270, 546, 276
1528, 290, 583, 293
1529, 315, 611, 296
1530, 311, 585, 274
1531, 293, 533, 240
1532, 254, 480, 226
1533, 244, 479, 235
1534, 246, 482, 236
1535, 249, 490, 241
1536, 262, 523, 261
1537, 278, 531, 253
1538, 271, 535, 264
1539, 290, 556, 266
1540, 284, 527, 243
1541, 257, 488, 231
1542, 249, 483, 234
1543, 251, 506, 255
1544, 269, 520, 251
1545, 277, 546, 269
1546, 282, 577, 295
1547, 307, 614, 307
1548, 321, 594, 273
1549, 281, 527, 246
1550, 263, 500, 237
1551, 251, 484, 233
1552, 253, 493, 240
1553, 256, 489, 233
1554, 253, 505, 252
1555, 272, 541, 269
1556, 284, 570, 286
1557, 302, 554, 252
1558, 272, 495, 223
1559, 242, 437, 195
1560, 211, 402, 191
1561, 211, 410, 199
1562, 217, 414, 197
1563, 219, 427, 208
1564, 235, 462, 227
1565, 252, 511, 259
1566, 281, 565, 284
1567, 305, 599, 294
1568, 318, 598, 280
1569, 297, 548, 251
1570, 264, 506, 242
1571, 254, 486, 232
1572, 250, 468, 218
1573, 235, 462, 227
1574, 243, 500, 257
1575, 277, 550, 273
1576, 291, 578, 287
1577, 309, 570, 261
1578, 280, 520, 240
1579, 257, 474, 217
1580, 232, 466, 234
1581, 257, 486, 229
1582, 263, 508, 245
1583, 270, 538, 268
1584, 284, 561, 277
1585, 295, 591, 296
1586, 315, 649, 334
1587, 340, 671, 331
1588, 345, 646, 301
1589, 316, 603, 287
1590, 296, 560, 264
1591, 275, 544, 269
1592, 279, 548, 269
1593, 283, 571, 288
1594, 295, 580, 285
1595, 299, 548, 249
1596, 270, 505, 235
1597, 251, 475, 224
1598, 237, 436, 199
1599, 213, 424, 211
1600, 232, 452, 220
1601, 246, 500, 254
1602, 269, 521, 252
1603, 270, 529, 259
1604, 272, 507, 235
1605, 253, 464, 211
1606, 228, 431, 203
1607, 221, 408, 187
1608, 207, 402, 195
1609, 215, 407, 192
1610, 212, 419, 207
1611, 227, 453, 226
1612, 250, 509, 259
1613, 282, 537, 255
1614, 281, 545, 264
1615, 280, 538, 258
1616, 276, 504, 228
1617, 248, 478, 230
1618, 246, 490, 244
1619, 260, 525, 265
1620, 278, 556, 278
1621, 295, 558, 263
1622, 285, 528, 243
1623, 257, 490, 233
1624, 249, 494, 245
1625, 263, 538, 275
1626, 288, 560, 272
1627, 290, 570, 280
1628, 300, 588, 288
1629, 300, 566, 266
1630, 287, 565, 278
1631, 294, 537, 243
1632, 255, 498, 243
1633, 260, 519, 259
1634, 283, 552, 269
1635, 286, 540, 254
1636, 278, 547, 269
1637, 283, 552, 269
1638, 293, 556, 263
1639, 278, 561, 283
1640, 297, 589, 292
1641, 307, 602, 295
1642, 307, 589, 282
1643, 301, 572, 271
1644, 285, 546, 261
1645, 276, 544, 268
1646, 289, 562, 273
1647, 289, 553, 264
1648, 276, 532, 256
1649, 269, 520, 251
1650, 263, 497, 234
1651, 253, 490, 237
1652, 253, 460, 207
1653, 226, 431, 205
1654, 241, 458, 217
1655, 243, 443, 200
1656, 218, 421, 203
1657, 230, 463, 233
1658, 260, 509, 249
1659, 265, 526, 261
1660, 281, 548, 267
1661, 287, 540, 253
1662, 263, 492, 229
1663, 247, 468, 221
1664, 247, 484, 237
1665, 253, 501, 248
1666, 264, 503, 239
1667, 258, 517, 259
1668, 278, 539, 261
1669, 274, 515, 241
1670, 263, 491, 228
1671, 244, 473, 229
1672, 240, 461, 221
1673, 244, 450, 206
1674, 231, 447, 216
1675, 234, 420, 186
1676, 205, 407, 202
1677, 225, 441, 216
1678, 241, 487, 246
1679, 271, 527, 256
1680, 279, 513, 234
1681, 255, 454, 199
1682, 221, 400, 179
1683, 198, 380, 182
1684, 201, 385, 184
1685, 214, 429, 215
1686, 236, 455, 219
1687, 248, 465, 217
1688, 245, 466, 221
1689, 240, 456, 216
1690, 236, 466, 230
1691, 249, 487, 238
1692, 260, 477, 217
1693, 238, 448, 210
1694, 233, 438, 205
1695, 222, 410, 188
1696, 203, 374, 171
1697, 200, 381, 181
1698, 207, 398, 191
1699, 217, 426, 209
1700, 229, 458, 229
1701, 249, 495, 246
1702, 271, 519, 248
1703, 267, 510, 243
1704, 259, 489, 230
1705, 247, 471, 224
1706, 235, 461, 226
1707, 248, 498, 250
1708, 266, 499, 233
1709, 255, 481, 226
1710, 246, 465, 219
1711, 237, 475, 238
1712, 247, 480, 233
1713, 259, 505, 246
1714, 262, 506, 244
1715, 257, 517, 260
1716, 276, 508, 232
1717, 253, 460, 207
1718, 222, 435, 213
1719, 245, 494, 249
1720, 270, 522, 252
1721, 266, 530, 264
1722, 289, 577, 288
1723, 311, 603, 292
1724, 308, 595, 287
1725, 300, 568, 268
1726, 281, 526, 245
1727, 259, 483, 224
1728, 243, 474, 231
1729, 249, 492, 243
1730, 260, 516, 256
1731, 273, 522, 249
1732, 268, 540, 272
1733, 296, 572, 276
1734, 297, 551, 254
1735, 270, 520, 250
1736, 267, 516, 249
1737, 259, 509, 250
1738, 263, 522, 259
1739, 277, 561, 284
1740, 306, 618, 312
1741, 331, 657, 326
1742, 347, 679, 332
1743, 343, 637, 294
1744, 315, 599, 284
1745, 294, 563, 269
1746, 282, 554, 272
1747, 283, 564, 281
1748, 297, 607, 310
1749, 320, 653, 333
1750, 341, 666, 325
1751, 340, 633, 293
1752, 306, 577, 271
1753, 281, 547, 266
1754, 277, 553, 276
1755, 293, 581, 288
1756, 304, 596, 292
1757, 307, 605, 298
1758, 314, 601, 287
1759, 295, 563, 268
1760, 282, 530, 248
1761, 264, 508, 244
1762, 271, 537, 266
1763, 285, 560, 275
1764, 293, 581, 288
1765, 303, 610, 307
1766, 322, 613, 291
1767, 305, 590, 285
1768, 308, 596, 288
1769, 302, 583, 281
1770, 294, 554, 260
1771, 272, 552, 280
1772, 300, 586, 286
1773, 305, 597, 292
1774, 303, 593, 290
1775, 299, 589, 290
1776, 301, 574, 273
1777, 288, 547, 259
1778, 269, 513, 244
1779, 258, 515, 257
1780, 272, 553, 281
1781, 290, 567, 277
1782, 293, 596, 303
1783, 310, 592, 282
1784, 302, 578, 276
1785, 292, 537, 245
1786, 264, 487, 223
1787, 235, 457, 222
1788, 241, 485, 244
1789, 260, 520, 260
1790, 280, 564, 284
1791, 300, 592, 292
1792, 305, 571, 266
1793, 280, 537, 257
1794, 268, 519, 251
1795, 259, 517, 258
1796, 274, 545, 271
1797, 292, 549, 257
1798, 271, 525, 254
1799, 276, 541, 265
1800, 280, 534, 254
1801, 272, 533, 261
1802, 281, 543, 262
1803, 278, 547, 269
1804, 276, 537, 261
1805, 276, 538, 262
1806, 282, 545, 263
1807, 278, 544, 266
1808, 287, 558, 271
1809, 288, 561, 273
1810, 302, 588, 286
1811, 299, 566, 267
1812, 289, 557, 268
1813, 287, 547, 260
1814, 274, 509, 235
1815, 250, 492, 242
1816, 260, 522, 262
1817, 276, 554, 278
1818, 290, 566, 276
1819, 292, 572, 280
1820, 296, 559, 263
1821, 281, 537, 256
1822, 272, 539, 267
1823, 279, 538, 259
1824, 283, 550, 267
1825, 281, 551, 270
1826, 284, 563, 279
1827, 294, 571, 277
1828, 294, 573, 279
1829, 291, 557, 266
1830, 281, 544, 263
1831, 276, 554, 278
1832, 296, 561, 265
1833, 278, 547, 269
1834, 283, 545, 262
1835, 276, 514, 238
1836, 254, 493, 239
1837, 252, 480, 228
1838, 250, 466, 216
1839, 240, 448, 208
1840, 227, 436, 209
1841, 224, 416, 192
1842, 222, 429, 207
1843, 237, 469, 232
1844, 250, 508, 258
1845, 275, 559, 284
1846, 307, 575, 268
1847, 284, 516, 232
1848, 258, 478, 220
1849, 227, 438, 211
1850, 227, 462, 235
1851, 258, 535, 277
1852, 293, 611, 318
1853, 344, 666, 322
1854, 347, 660, 313
1855, 324, 610, 286
1856, 296, 577, 281
1857, 296, 575, 279
1858, 293, 563, 270
1859, 277, 570, 293
1860, 311, 609, 298
1861, 307, 570, 263
1862, 276, 532, 256
1863, 268, 508, 240
1864, 259, 504, 245
1865, 252, 480, 228
1866, 243, 473, 230
1867, 244, 483, 239
1868, 266, 528, 262
1869, 291, 565, 274
1870, 294, 574, 280
1871, 293, 549, 256
1872, 274, 523, 249
1873, 262, 503, 241
1874, 259, 501, 242
1875, 257, 524, 267
1876, 285, 549, 264
1877, 287, 557, 270
1878, 289, 564, 275
1879, 291, 538, 247
1880, 271, 541, 270
1881, 290, 541, 251
1882, 270, 509, 239
1883, 255, 499, 244
1884, 258, 494, 236
1885, 248, 489, 241
1886, 259, 510, 251
1887, 272, 548, 276
1888, 294, 590, 296
1889, 313, 610, 297
1890, 320, 601, 281
1891, 301, 575, 274
1892, 295, 588, 293
1893, 305, 585, 280
1894, 291, 585, 294
1895, 302, 612, 310
1896, 325, 629, 304
1897, 317, 611, 294
1898, 303, 582, 279
1899, 292, 554, 262
1900, 279, 554, 275
1901, 287, 556, 269
1902, 277, 542, 265
1903, 275, 563, 288
1904, 298, 588, 290
1905, 305, 600, 295
1906, 308, 590, 282
1907, 295, 558, 263
1908, 281, 536, 255
1909, 273, 560, 287
1910, 308, 574, 266
1911, 280, 536, 256
1912, 270, 522, 252
1913, 269, 544, 275
1914, 290, 550, 260
1915, 277, 539, 262
1916, 280, 548, 268
1917, 291, 555, 264
1918, 284, 533, 249
1919, 271, 516, 245
1920, 258, 522, 264
1921, 281, 542, 261
1922, 279, 550, 271
1923, 293, 579, 286
1924, 302, 590, 288
1925, 304, 567, 263
1926, 272, 537, 265
1927, 282, 561, 279
1928, 290, 548, 258
1929, 277, 536, 259
1930, 277, 530, 253
1931, 272, 524, 252
1932, 264, 515, 251
1933, 271, 532, 261
1934, 282, 530, 248
1935, 272, 515, 243
1936, 262, 502, 240
1937, 255, 467, 212
1938, 229, 465, 236
1939, 251, 494, 243
1940, 266, 527, 261
1941, 276, 536, 260
1942, 273, 551, 278
1943, 302, 571, 269
1944, 286, 525, 239
1945, 256, 478, 222
1946, 242, 463, 221
1947, 234, 473, 239
1948, 255, 521, 266
1949, 291, 570, 279
1950, 294, 575, 281
1951, 293, 581, 288
1952, 307, 616, 309
1953, 326, 617, 291
1954, 305, 593, 288
1955, 304, 616, 312
1956, 324, 623, 299
1957, 315, 607, 292
1958, 310, 605, 295
1959, 303, 599, 296
1960, 314, 596, 282
1961, 292, 541, 249
1962, 263, 527, 264
1963, 287, 546, 259
1964, 273, 526, 253
1965, 272, 522, 250
1966, 267, 514, 247
1967, 268, 524, 256
1968, 274, 532, 258
1969, 275, 541, 266
1970, 284, 542, 258
1971, 277, 518, 241
1972, 256, 495, 239
1973, 261, 494, 233
1974, 257, 483, 226
1975, 248, 467, 219
1976, 233, 455, 222
1977, 246, 483, 237
1978, 260, 489, 229
1979, 257, 518, 261
1980, 280, 510, 230
1981, 251, 454, 203
1982, 216, 422, 206
1983, 224, 420, 196
1984, 219, 419, 200
1985, 220, 415, 195
1986, 218, 419, 201
1987, 235, 462, 227
1988, 248, 485, 237
1989, 256, 498, 242
1990, 266, 527, 261
1991, 282, 554, 272
1992, 295, 569, 274
1993, 290, 537, 247
1994, 269, 499, 230
1995, 245, 459, 214
1996, 232, 472, 240
1997, 255, 504, 249
1998, 267, 525, 258
1999, 281, 562, 281
2000, 302, 584, 282
2001, 298, 585, 287
2002, 302, 558, 256
2003, 277, 521, 244
2004, 261, 505, 244
2005, 262, 517, 255
2006, 274, 525, 251
2007, 275, 540, 265
2008, 275, 540, 265
2009, 285, 548, 263
2010, 275, 518, 243
2011, 258, 489, 231
2012, 250, 481, 231
2013, 242, 484, 242
2014, 258, 501, 243
2015, 261, 509, 248
2016, 264, 479, 215
2017, 232, 426, 194
2018, 216, 421, 205
2019, 226, 439, 213
2020, 237, 462, 225
2021, 248, 472, 224
2022, 248, 460, 212
2023, 238, 456, 218
2024, 245, 476, 231
2025, 251, 500, 249
2026, 275, 527, 252
2027, 271, 525, 254
2028, 269, 498, 229
2029, 253, 485, 232
2030, 249, 482, 233
2031, 254, 453, 199
2032, 218, 400, 182
2033, 208, 412, 204
2034, 220, 425, 205
2035, 233, 443, 210
2036, 236, 453, 217
2037, 235, 466, 231
2038, 253, 465, 212
2039, 229, 422, 193
2040, 216, 412, 196
2041, 214, 408, 194
2042, 216, 405, 189
2043, 206, 401, 195
2044, 227, 432, 205
2045, 229, 452, 223
2046, 247, 479, 232
2047, 256, 493, 237
2048, 265, 500, 235
2049, 259, 494, 235
2050, 256, 499, 243
2051, 266, 488, 222
2052, 243, 447, 204
2053, 217, 415, 198
2054, 214, 422, 208
2055, 228, 425, 197
2056, 222, 422, 200
2057, 222, 431, 209
2058, 238, 463, 225
2059, 259, 491, 232
2060, 259, 497, 238
2061, 264, 484, 220
2062, 238, 438, 200
2063, 221, 400, 179
2064, 196, 379, 183
2065, 206, 407, 201
2066, 223, 437, 214
2067, 247, 486, 239
2068, 256, 483, 227
2069, 255, 507, 252
2070, 274, 558, 284
2071, 302, 589, 287
2072, 305, 600, 295
2073, 307, 572, 265
2074, 282, 513, 231
2075, 252, 478, 226
2076, 240, 463, 223
2077, 238, 470, 232
2078, 257, 517, 260
2079, 279, 561, 282
2080, 298, 581, 283
2081, 299, 593, 294
2082, 319, 583, 264
2083, 277, 520, 243
2084, 264, 526, 262
2085, 285, 556, 271
2086, 294, 568, 274
2087, 285, 560, 275
2088, 288, 575, 287
2089, 299, 590, 291
2090, 304, 611, 307
2091, 326, 640, 314
2092, 332, 621, 289
2093, 298, 577, 279
2094, 294, 564, 270
2095, 283, 540, 257
2096, 274, 536, 262
2097, 279, 540, 261
2098, 274, 522, 248
2099, 270, 534, 264
2100, 278, 505, 227
2101, 237, 459, 222
2102, 240, 486, 246
2103, 262, 509, 247
2104, 265, 512, 247
2105, 266, 510, 244
2106, 263, 501, 238
2107, 252, 473, 221
2108, 243, 476, 233
2109, 254, 507, 253
2110, 280, 534, 254
2111, 271, 518, 247
2112, 265, 525, 260
2113, 276, 540, 264
2114, 285, 536, 251
2115, 266, 502, 236
2116, 251, 512, 261
2117, 280, 554, 274
2118, 290, 571, 281
2119, 295, 599, 304
2120, 318, 633, 315
2121, 326, 605, 279
2122, 299, 583, 284
2123, 305, 577, 272
2124, 282, 540, 258
2125, 267, 513, 246
2126, 258, 503, 245
2127, 253, 517, 264
2128, 285, 548, 263
2129, 283, 539, 256
2130, 272, 533, 261
2131, 283, 528, 245
2132, 261, 507, 246
2133, 261, 491, 230
2134, 247, 477, 230
2135, 254, 476, 222
2136, 238, 458, 220
2137, 236, 437, 201
2138, 222, 429, 207
2139, 218, 424, 206
2140, 222, 464, 242
2141, 265, 522, 257
2142, 275, 501, 226
2143, 242, 473, 231
2144, 249, 487, 238
2145, 264, 505, 241
2146, 252, 487, 235
2147, 261, 532, 271
2148, 291, 567, 276
2149, 294, 573, 279
2150, 292, 593, 301
2151, 318, 587, 269
2152, 279, 535, 256
2153, 269, 507, 238
2154, 252, 476, 224
2155, 240, 491, 251
2156, 268, 540, 272
2157, 288, 571, 283
2158, 303, 576, 273
2159, 288, 559, 271
2160, 286, 546, 260
2161, 275, 534, 259
2162, 278, 499, 221
2163, 235, 444, 209
2164, 225, 449, 224
2165, 238, 468, 230
2166, 253, 496, 243
2167, 258, 503, 245
2168, 266, 532, 266
2169, 282, 540, 258
2170, 274, 563, 289
2171, 308, 593, 285
2172, 307, 565, 258
2173, 271, 518, 247
2174, 257, 501, 244
2175, 260, 527, 267
2176, 280, 563, 283
2177, 297, 577, 280
2178, 300, 590, 290
2179, 299, 606, 307
2180, 324, 605, 281
2181, 289, 551, 262
2182, 277, 541, 264
2183, 283, 568, 285
2184, 301, 597, 296
2185, 310, 599, 289
2186, 300, 602, 302
2187, 318, 638, 320
2188, 334, 629, 295
2189, 307, 570, 263
2190, 280, 542, 262
2191, 277, 544, 267
2192, 287, 577, 290
2193, 300, 563, 263
2194, 278, 566, 288
2195, 306, 606, 300
2196, 316, 604, 288
2197, 302, 541, 239
2198, 255, 482, 227
2199, 246, 476, 230
2200, 251, 497, 246
2201, 263, 507, 244
2202, 268, 499, 231
2203, 246, 484, 238
2204, 253, 517, 264
2205, 278, 565, 287
2206, 303, 555, 252
2207, 259, 503, 244
2208, 262, 506, 244
2209, 258, 516, 258
2210, 273, 540, 267
2211, 286, 552, 266
2212, 280, 558, 278
2213, 295, 585, 290
2214, 307, 594, 287
2215, 299, 579, 280
2216, 292, 559, 267
2217, 285, 547, 262
2218, 279, 531, 252
2219, 265, 522, 257
2220, 269, 526, 257
2221, 274, 539, 265
2222, 280, 558, 278
2223, 300, 572, 272
2224, 283, 548, 265
2225, 282, 524, 242
2226, 259, 486, 227
2227, 235, 444, 209
2228, 227, 428, 201
2229, 224, 426, 202
2230, 225, 418, 193
2231, 214, 425, 211
2232, 237, 456, 219
2233, 244, 479, 235
2234, 257, 495, 238
2235, 255, 459, 204
2236, 217, 420, 203
2237, 229, 430, 201
2238, 225, 398, 173
2239, 193, 344, 151
2240, 179, 334, 155
2241, 191, 368, 177
2242, 200, 410, 210
2243, 241, 491, 250
2244, 275, 552, 277
2245, 297, 529, 232
2246, 250, 480, 230
2247, 249, 483, 234
2248, 247, 459, 212
2249, 231, 435, 204
2250, 221, 409, 188
2251, 210, 389, 179
2252, 191, 364, 173
2253, 199, 392, 193
2254, 215, 437, 222
2255, 242, 483, 241
2256, 262, 521, 259
2257, 285, 577, 292
2258, 307, 570, 263
2259, 279, 535, 256
2260, 273, 515, 242
2261, 260, 486, 226
2262, 244, 479, 235
2263, 256, 501, 245
2264, 259, 502, 243
2265, 261, 514, 253
2266, 268, 532, 264
2267, 281, 546, 265
2268, 284, 552, 268
2269, 278, 524, 246
2270, 265, 507, 242
2271, 263, 500, 237
2272, 253, 493, 240
2273, 258, 516, 258
2274, 275, 528, 253
2275, 270, 535, 265
2276, 286, 569, 283
2277, 297, 551, 254
2278, 272, 533, 261
2279, 286, 541, 255
2280, 272, 505, 233
2281, 255, 497, 242
2282, 269, 519, 250
2283, 270, 506, 236
2284, 254, 510, 256
2285, 272, 539, 267
2286, 288, 588, 300
2287, 314, 546, 232
2288, 250, 456, 206
2289, 223, 407, 184
2290, 205, 418, 213
2291, 235, 452, 217
2292, 238, 445, 207
2293, 224, 440, 216
2294, 240, 482, 242
2295, 263, 542, 279
2296, 306, 611, 305
2297, 322, 586, 264
2298, 278, 489, 211
2299, 224, 443, 219
2300, 232, 446, 214
2301, 228, 446, 218
2302, 240, 460, 220
2303, 242, 468, 226
2304, 251, 497, 246
2305, 273, 545, 272
2306, 283, 542, 259
2307, 279, 506, 227
2308, 242, 456, 214
2309, 234, 444, 210
2310, 229, 446, 217
2311, 227, 435, 208
2312, 228, 455, 227
2313, 245, 481, 236
2314, 261, 512, 251
2315, 279, 572, 293
2316, 312, 597, 285
2317, 297, 562, 265
2318, 279, 530, 251
2319, 271, 516, 245
2320, 266, 500, 234
2321, 250, 484, 234
2322, 248, 495, 247
2323, 269, 541, 272
2324, 288, 585, 297
2325, 319, 636, 317
2326, 331, 632, 301
2327, 318, 595, 277
2328, 287, 521, 234
2329, 247, 487, 240
2330, 254, 490, 236
2331, 253, 513, 260
2332, 273, 539, 266
2333, 286, 573, 287
2334, 306, 572, 266
2335, 292, 556, 264
2336, 279, 512, 233
2337, 252, 467, 215
2338, 235, 446, 211
2339, 231, 438, 207
2340, 230, 446, 216
2341, 234, 460, 226
2342, 244, 490, 246
2343, 270, 520, 250
2344, 261, 506, 245
2345, 268, 495, 227
2346, 239, 436, 197
2347, 220, 415, 195
2348, 221, 404, 183
2349, 199, 398, 199
2350, 229, 448, 219
2351, 236, 463, 227
2352, 253, 517, 264
2353, 284, 583, 299
2354, 317, 616, 299
2355, 320, 621, 301
2356, 314, 576, 262
2357, 273, 490, 217
2358, 230, 447, 217
2359, 236, 446, 210
2360, 225, 431, 206
2361, 215, 433, 218
2362, 233, 483, 250
2363, 274, 531, 257
2364, 274, 521, 247
2365, 263, 512, 249
2366, 265, 483, 218
2367, 234, 450, 216
2368, 241, 456, 215
2369, 235, 443, 208
2370, 222, 450, 228
2371, 248, 488, 240
2372, 263, 520, 257
2373, 280, 539, 259
2374, 285, 567, 282
2375, 298, 608, 310
2376, 324, 619, 295
2377, 317, 590, 273
2378, 290, 564, 274
2379, 289, 559, 270
2380, 288, 566, 278
2381, 289, 569, 280
2382, 294, 580, 286
2383, 302, 610, 308
2384, 319, 639, 320
2385, 331, 588, 257
2386, 277, 534, 257
2387, 271, 524, 253
2388, 270, 517, 247
2389, 267, 499, 232
2390, 251, 493, 242
2391, 256, 509, 253
2392, 275, 561, 286
2393, 300, 581, 281
2394, 295, 557, 262
2395, 282, 541, 259
2396, 273, 518, 245
2397, 261, 516, 255
2398, 271, 529, 258
2399, 277, 543, 266
2400, 280, 561, 281
2401, 294, 593, 299
2402, 321, 635, 314
2403, 329, 609, 280
2404, 296, 564, 268
2405, 280, 534, 254
2406, 263, 520, 257
2407, 274, 535, 261
2408, 289, 571, 282
2409, 293, 566, 273
2410, 298, 600, 302
2411, 321, 637, 316
2412, 331, 629, 298
2413, 309, 576, 267
2414, 273, 537, 264
2415, 279, 556, 277
2416, 289, 574, 285
2417, 296, 578, 282
2418, 300, 605, 305
2419, 323, 620, 297
2420, 306, 593, 287
2421, 295, 560, 265
2422, 281, 533, 252
2423, 266, 498, 232
2424, 252, 483, 231
2425, 247, 488, 241
2426, 263, 526, 263
2427, 279, 559, 280
2428, 300, 575, 275
2429, 291, 552, 261
2430, 277, 530, 253
2431, 269, 513, 244
2432, 260, 510, 250
2433, 271, 523, 252
2434, 269, 524, 255
2435, 275, 552, 277
2436, 298, 595, 297
2437, 314, 617, 303
2438, 316, 626, 310
2439, 327, 644, 317
2440, 328, 599, 271
2441, 285, 542, 257
2442, 264, 526, 262
2443, 273, 551, 278
2444, 294, 595, 301
2445, 324, 620, 296
2446, 310, 600, 290
2447, 303, 603, 300
2448, 318, 596, 278
2449, 293, 518, 225
2450, 238, 469, 231
2451, 250, 503, 253
2452, 274, 550, 276
2453, 294, 565, 271
2454, 287, 555, 268
2455, 283, 565, 282
2456, 292, 576, 284
2457, 303, 576, 273
2458, 286, 518, 232
2459, 253, 487, 234
2460, 246, 490, 244
2461, 261, 531, 270
2462, 284, 578, 294
2463, 318, 634, 316
2464, 334, 627, 293
2465, 303, 577, 274
2466, 293, 558, 265
2467, 279, 527, 248
2468, 265, 511, 246
2469, 265, 529, 264
2470, 284, 565, 281
2471, 296, 584, 288
2472, 304, 577, 273
2473, 283, 546, 263
2474, 285, 558, 273
2475, 296, 538, 242
2476, 257, 478, 221
2477, 241, 474, 233
2478, 255, 477, 222
2479, 235, 446, 211
2480, 233, 438, 205
2481, 228, 437, 209
2482, 223, 415, 192
2483, 222, 430, 208
2484, 231, 462, 231
2485, 250, 482, 232
2486, 256, 497, 241
2487, 252, 511, 259
2488, 284, 548, 264
2489, 278, 543, 265
2490, 289, 535, 246
2491, 260, 470, 210
2492, 237, 481, 244
2493, 266, 516, 250
2494, 265, 509, 244
2495, 263, 525, 262
2496, 285, 580, 295
2497, 313, 577, 264
2498, 288, 555, 267
2499, 285, 538, 253
2500, 263, 499, 236
2501, 246, 488, 242
2502, 256, 526, 270
2503, 289, 560, 271
2504, 290, 589, 299
2505, 312, 595, 283
2506, 299, 582, 283
2507, 293, 571, 278
2508, 287, 560, 273
2509, 290, 570, 280
2510, 289, 559, 270
2511, 280, 555, 275
2512, 287, 559, 272
2513, 290, 555, 265
2514, 283, 517, 234
2515, 246, 470, 224
2516, 244, 458, 214
2517, 232, 418, 186
2518, 209, 384, 175
2519, 196, 378, 182
2520, 215, 405, 190
2521, 212, 396, 184
2522, 206, 404, 198
2523, 227, 445, 218
2524, 251, 470, 219
2525, 242, 459, 217
2526, 234, 435, 201
2527, 225, 401, 176
2528, 197, 354, 157
2529, 183, 341, 158
2530, 189, 349, 160
2531, 193, 378, 185
2532, 200, 410, 210
2533, 248, 490, 242
2534, 268, 527, 259
2535, 289, 555, 266
2536, 290, 551, 261
2537, 278, 538, 260
2538, 276, 518, 242
2539, 255, 514, 259
2540, 278, 534, 256
2541, 273, 515, 242
2542, 258, 513, 255
2543, 269, 555, 286
2544, 296, 586, 290
2545, 308, 619, 311
2546, 323, 598, 275
2547, 291, 562, 271
2548, 281, 527, 246
2549, 262, 503, 241
2550, 260, 509, 249
2551, 271, 541, 270
2552, 292, 568, 276
2553, 292, 557, 265
2554, 288, 547, 259
2555, 280, 539, 259
2556, 274, 519, 245
2557, 261, 464, 203
2558, 224, 429, 205
2559, 221, 434, 213
2560, 229, 464, 235
2561, 261, 514, 253
2562, 275, 558, 283
2563, 310, 568, 258
2564, 280, 550, 270
2565, 291, 519, 228
2566, 248, 454, 206
2567, 227, 421, 194
2568, 215, 406, 191
2569, 209, 415, 206
2570, 228, 458, 230
2571, 248, 503, 255
2572, 274, 567, 293
2573, 314, 615, 301
2574, 320, 607, 287
2575, 298, 577, 279
2576, 297, 558, 261
2577, 280, 510, 230
2578, 240, 457, 217
2579, 232, 467, 235
2580, 247, 501, 254
2581, 276, 548, 272
2582, 285, 559, 274
2583, 287, 550, 263
2584, 277, 508, 231
2585, 244, 460, 216
2586, 237, 436, 199
2587, 211, 401, 190
2588, 220, 422, 202
2589, 221, 432, 211
2590, 234, 452, 218
2591, 250, 493, 243
2592, 273, 526, 253
2593, 281, 554, 273
2594, 285, 545, 260
2595, 279, 515, 236
2596, 255, 465, 210
2597, 230, 440, 210
2598, 232, 436, 204
2599, 225, 439, 214
2600, 238, 474, 236
2601, 267, 506, 239
2602, 259, 498, 239
2603, 258, 511, 253
2604, 275, 512, 237
2605, 256, 478, 222
2606, 239, 419, 180
2607, 204, 379, 175
2608, 201, 376, 175
2609, 202, 398, 196
2610, 228, 431, 203
2611, 223, 428, 205
2612, 228, 439, 211
2613, 237, 473, 236
2614, 253, 493, 240
2615, 257, 484, 227
2616, 257, 497, 240
2617, 259, 473, 214
2618, 230, 413, 183
2619, 204, 375, 171
2620, 197, 357, 160
2621, 181, 344, 163
2622, 188, 341, 153
2623, 189, 374, 185
2624, 217, 441, 224
2625, 257, 488, 231
2626, 255, 505, 250
2627, 272, 575, 303
2628, 317, 633, 316
2629, 329, 642, 313
2630, 325, 629, 304
2631, 316, 573, 257
2632, 269, 505, 236
2633, 254, 490, 236
2634, 251, 480, 229
2635, 241, 479, 238
2636, 256, 522, 266
2637, 282, 579, 297
2638, 311, 636, 325
2639, 341, 650, 309
2640, 331, 621, 290
2641, 303, 579, 276
2642, 289, 528, 239
2643, 254, 488, 234
2644, 255, 497, 242
2645, 253, 504, 251
2646, 268, 523, 255
2647, 272, 525, 253
2648, 270, 498, 228
2649, 249, 462, 213
2650, 236, 459, 223
2651, 243, 479, 236
2652, 261, 464, 203
2653, 226, 414, 188
2654, 212, 406, 194
2655, 214, 439, 225
2656, 252, 476, 224
2657, 246, 449, 203
2658, 219, 422, 203
2659, 230, 465, 235
2660, 256, 478, 222
2661, 241, 468, 227
2662, 253, 488, 235
2663, 253, 501, 248
2664, 269, 540, 271
2665, 283, 516, 233
2666, 248, 497, 249
2667, 264, 515, 251
2668, 273, 528, 255
2669, 275, 507, 232
2670, 250, 473, 223
2671, 242, 462, 220
2672, 231, 450, 219
2673, 237, 443, 206
2674, 222, 422, 200
2675, 221, 442, 221
2676, 245, 488, 243
2677, 266, 502, 236
2678, 250, 477, 227
2679, 247, 454, 207
2680, 231, 421, 190
2681, 224, 439, 215
2682, 238, 438, 200
2683, 223, 440, 217
2684, 238, 452, 214
2685, 232, 445, 213
2686, 236, 468, 232
2687, 255, 524, 269
2688, 286, 585, 299
2689, 316, 612, 296
2690, 315, 592, 277
2691, 292, 544, 252
2692, 265, 506, 241
2693, 261, 504, 243
2694, 254, 486, 232
2695, 246, 494, 248
2696, 266, 552, 286
2697, 311, 623, 312
2698, 323, 626, 303
2699, 316, 620, 304
2700, 320, 591, 271
2701, 284, 541, 257
2702, 271, 529, 258
2703, 275, 569, 294
2704, 312, 608, 296
2705, 313, 623, 310
2706, 319, 620, 301
2707, 314, 617, 303
2708, 313, 589, 276
2709, 288, 544, 256
2710, 271, 539, 268
2711, 282, 554, 272
2712, 292, 581, 289
2713, 305, 620, 315
2714, 329, 624, 295
2715, 307, 600, 293
2716, 309, 606, 297
2717, 308, 572, 264
2718, 279, 544, 265
2719, 286, 581, 295
2720, 311, 623, 312
2721, 327, 648, 321
2722, 337, 663, 326
2723, 341, 643, 302
2724, 314, 619, 305
2725, 315, 590, 275
2726, 290, 569, 279
2727, 296, 600, 304
2728, 321, 630, 309
2729, 321, 644, 323
2730, 332, 638, 306
2731, 318, 619, 301
2732, 312, 607, 295
2733, 305, 566, 261
2734, 273, 542, 269
2735, 285, 583, 298
2736, 310, 623, 313
2737, 330, 636, 306
2738, 323, 622, 299
2739, 313, 610, 297
2740, 314, 587, 273
2741, 283, 530, 247
2742, 259, 522, 263
2743, 275, 558, 283
2744, 302, 641, 339
2745, 354, 709, 355
2746, 366, 691, 325
2747, 336, 627, 291
2748, 303, 580, 277
2749, 282, 533, 251
2750, 262, 522, 260
2751, 280, 553, 273
2752, 282, 581, 299
2753, 317, 621, 304
2754, 316, 608, 292
2755, 303, 551, 248
2756, 264, 497, 233
2757, 252, 475, 223
2758, 242, 482, 240
2759, 266, 489, 223
2760, 243, 467, 224
2761, 243, 497, 254
2762, 278, 543, 265
2763, 279, 503, 224
2764, 246, 454, 208
2765, 231, 411, 180
2766, 199, 359, 160
2767, 183, 329, 146
2768, 170, 332, 162
2769, 184, 385, 201
2770, 235, 453, 218
2771, 243, 455, 212
2772, 242, 451, 209
2773, 239, 432, 193
2774, 205, 391, 186
2775, 206, 380, 174
2776, 204, 389, 185
2777, 214, 418, 204
2778, 230, 435, 205
2779, 226, 437, 211
2780, 239, 451, 212
2781, 242, 475, 233
2782, 264, 501, 237
2783, 261, 450, 189
2784, 214, 397, 183
2785, 208, 414, 206
2786, 231, 430, 199
2787, 229, 424, 195
2788, 218, 418, 200
2789, 220, 427, 207
2790, 230, 457, 227
2791, 253, 489, 236
2792, 250, 483, 233
2793, 248, 491, 243
2794, 263, 522, 259
2795, 279, 562, 283
2796, 308, 578, 270
2797, 282, 511, 229
2798, 253, 462, 209
2799, 225, 424, 199
2800, 219, 421, 202
2801, 228, 450, 222
2802, 245, 461, 216
2803, 233, 477, 244
2804, 269, 546, 277
2805, 302, 558, 256
2806, 281, 536, 255
2807, 274, 515, 241
2808, 251, 490, 239
2809, 256, 511, 255
2810, 275, 514, 239
2811, 258, 503, 245
2812, 274, 529, 255
2813, 270, 532, 262
2814, 281, 571, 290
2815, 307, 603, 296
2816, 309, 595, 286
2817, 304, 613, 309
2818, 321, 599, 278
2819, 289, 559, 270
2820, 284, 554, 270
2821, 281, 557, 276
2822, 289, 571, 282
2823, 293, 600, 307
2824, 323, 637, 314
2825, 328, 646, 318
2826, 329, 634, 305
2827, 314, 587, 273
2828, 281, 540, 259
2829, 279, 546, 267
2830, 277, 543, 266
2831, 285, 560, 275
2832, 292, 582, 290
2833, 305, 586, 281
2834, 296, 563, 267
2835, 279, 542, 263
2836, 274, 513, 239
2837, 256, 509, 253
2838, 272, 531, 259
2839, 278, 561, 283
2840, 292, 550, 258
2841, 290, 590, 300
2842, 315, 581, 266
2843, 285, 552, 267
2844, 288, 571, 283
2845, 297, 541, 244
2846, 265, 514, 249
2847, 261, 528, 267
2848, 283, 579, 296
2849, 315, 649, 334
2850, 343, 637, 294
2851, 307, 587, 280
2852, 292, 569, 277
2853, 285, 561, 276
2854, 290, 524, 234
2855, 251, 489, 238
2856, 259, 522, 263
2857, 284, 568, 284
2858, 301, 581, 280
2859, 293, 540, 247
2860, 270, 520, 250
2861, 266, 494, 228
2862, 246, 472, 226
2863, 244, 449, 205
2864, 222, 449, 227
2865, 239, 478, 239
2866, 253, 532, 279
2867, 296, 582, 286
2868, 302, 591, 289
2869, 310, 562, 252
2870, 266, 498, 232
2871, 244, 465, 221
2872, 238, 464, 226
2873, 238, 460, 222
2874, 245, 488, 243
2875, 260, 531, 271
2876, 287, 566, 279
2877, 299, 587, 288
2878, 303, 587, 284
2879, 297, 550, 253
2880, 264, 511, 247
2881, 263, 514, 251
2882, 264, 513, 249
2883, 263, 527, 264
2884, 282, 562, 280
2885, 299, 609, 310
2886, 326, 651, 325
2887, 344, 616, 272
2888, 287, 526, 239
2889, 257, 484, 227
2890, 240, 479, 239
2891, 254, 517, 263
2892, 285, 550, 265
2893, 281, 554, 273
2894, 288, 569, 281
2895, 295, 555, 260
2896, 287, 495, 208
2897, 227, 404, 177
2898, 194, 373, 179
2899, 193, 369, 176
2900, 200, 402, 202
2901, 222, 447, 225
2902, 246, 511, 265
2903, 285, 555, 270
2904, 293, 560, 267
2905, 286, 550, 264
2906, 282, 551, 269
2907, 290, 543, 253
2908, 268, 506, 238
2909, 254, 475, 221
2910, 233, 458, 225
2911, 253, 521, 268
2912, 287, 538, 251
2913, 268, 527, 259
2914, 274, 542, 268
2915, 291, 567, 276
2916, 290, 530, 240
2917, 255, 470, 215
2918, 230, 439, 209
2919, 224, 444, 220
2920, 241, 493, 252
2921, 267, 506, 239
2922, 259, 519, 260
2923, 276, 551, 275
2924, 296, 568, 272
2925, 287, 551, 264
2926, 277, 473, 196
2927, 212, 400, 188
2928, 209, 402, 193
2929, 210, 415, 205
2930, 220, 456, 236
2931, 262, 502, 240
2932, 278, 535, 257
2933, 279, 532, 253
2934, 270, 548, 278
2935, 302, 555, 253
2936, 273, 498, 225
2937, 246, 468, 222
2938, 240, 465, 225
2939, 246, 492, 246
2940, 258, 506, 248
2941, 272, 522, 250
2942, 269, 504, 235
2943, 253, 493, 240
2944, 257, 507, 250
2945, 269, 483, 214
2946, 225, 419, 194
2947, 215, 408, 193
2948, 208, 397, 189
2949, 211, 411, 200
2950, 218, 406, 188
2951, 210, 423, 213
2952, 234, 429, 195
2953, 216, 424, 208
2954, 229, 473, 244
2955, 271, 527, 256
2956, 269, 529, 260
2957, 276, 560, 284
2958, 310, 619, 309
2959, 322, 621, 299
2960, 314, 577, 263
2961, 277, 516, 239
2962, 255, 476, 221
2963, 235, 454, 219
2964, 244, 486, 242
2965, 262, 502, 240
2966, 265, 522, 257
2967, 271, 532, 261
2968, 275, 528, 253
2969, 273, 531, 258
2970, 279, 547, 268
2971, 289, 540, 251
2972, 269, 488, 219
2973, 235, 455, 220
2974, 235, 430, 195
2975, 214, 399, 185
2976, 203, 367, 164
2977, 190, 358, 168
2978, 196, 350, 154
2979, 179, 347, 168
2980, 196, 390, 194
2981, 218, 442, 224
2982, 257, 532, 275
2983, 296, 589, 293
2984, 318, 635, 317
2985, 325, 566, 241
2986, 254, 484, 230
2987, 249, 478, 229
2988, 248, 451, 203
2989, 214, 405, 191
2990, 204, 421, 217
2991, 241, 471, 230
2992, 254, 512, 258
2993, 283, 547, 264
2994, 290, 545, 255
2995, 273, 528, 255
2996, 277, 529, 252
2997, 270, 528, 258
2998, 283, 542, 259
2999, 273, 544, 271
3000, 284, 580, 296
3001, 311, 628, 317
3002, 332, 631, 299
3003, 312, 578, 266
3004, 281, 562, 281
3005, 296, 567, 271
3006, 279, 523, 244
3007, 260, 526, 266
3008, 283, 581, 298
3009, 312, 630, 318
3010, 328, 656, 328
3011, 334, 639, 305
3012, 328, 625, 297
3013, 309, 579, 270
3014, 280, 528, 248
3015, 258, 512, 254
3016, 273, 548, 275
3017, 290, 560, 270
3018, 281, 529, 248
3019, 266, 492, 226
3020, 244, 452, 208
3021, 228, 446, 218
3022, 234, 448, 214
3023, 234, 446, 212
3024, 238, 467, 229
3025, 247, 476, 229
3026, 258, 522, 264
3027, 285, 581, 296
3028, 318, 631, 313
3029, 326, 633, 307
3030, 327, 593, 266
3031, 286, 514, 228
3032, 245, 454, 209
3033, 228, 429, 201
3034, 220, 435, 215
3035, 235, 468, 233
3036, 256, 540, 284
3037, 308, 602, 294
3038, 315, 567, 252
3039, 266, 496, 230
3040, 252, 475, 223
3041, 238, 461, 223
3042, 244, 484, 240
3043, 262, 494, 232
3044, 249, 490, 241
3045, 260, 527, 267
3046, 280, 556, 276
3047, 294, 542, 248
3048, 260, 482, 222
3049, 247, 455, 208
3050, 227, 417, 190
3051, 206, 395, 189
3052, 214, 404, 190
3053, 224, 403, 179
3054, 198, 364, 166
3055, 189, 394, 205
3056, 218, 450, 232
3057, 260, 499, 239
3058, 264, 476, 212
3059, 234, 414, 180
3060, 200, 347, 147
3061, 170, 320, 150
3062, 179, 341, 162
3063, 186, 369, 183
3064, 222, 422, 200
3065, 218, 438, 220
3066, 242, 470, 228
3067, 244, 489, 245
3068, 265, 528, 263
3069, 279, 540, 261
3070, 277, 547, 270
3071, 289, 567, 278
3072, 292, 538, 246
3073, 264, 486, 222
3074, 238, 448, 210
3075, 234, 439, 205
3076, 213, 424, 211
3077, 239, 479, 240
3078, 265, 513, 248
3079, 273, 540, 267
3080, 283, 514, 231
3081, 259, 461, 202
3082, 218, 400, 182
3083, 200, 363, 163
3084, 182, 333, 151
3085, 176, 333, 157
3086, 182, 364, 182
3087, 214, 437, 223
3088, 247, 518, 271
3089, 285, 556, 271
3090, 289, 581, 292
3091, 325, 604, 279
3092, 299, 536, 237
3093, 250, 480, 230
3094, 249, 454, 205
3095, 222, 400, 178
3096, 199, 384, 185
3097, 205, 405, 200
3098, 217, 426, 209
3099, 237, 469, 232
3100, 253, 494, 241
3101, 274, 495, 221
3102, 239, 437, 198
3103, 210, 399, 189
3104, 213, 400, 187
3105, 211, 375, 164
3106, 189, 338, 149
3107, 175, 347, 172
3108, 202, 399, 197
3109, 223, 438, 215
3110, 247, 506, 259
3111, 278, 539, 261
3112, 278, 539, 261
3113, 276, 550, 274
3114, 294, 568, 274
3115, 294, 525, 231
3116, 245, 449, 204
3117, 223, 421, 198
3118, 215, 423, 208
3119, 231, 468, 237
3120, 251, 500, 249
3121, 270, 545, 275
3122, 304, 614, 310
3123, 331, 637, 306
3124, 322, 621, 299
3125, 322, 596, 274
3126, 283, 527, 244
3127, 256, 515, 259
3128, 275, 557, 282
3129, 297, 597, 300
3130, 318, 648, 330
3131, 341, 678, 337
3132, 351, 677, 326
3133, 337, 618, 281
3134, 291, 556, 265
3135, 279, 552, 273
3136, 284, 561, 277
3137, 298, 618, 320
3138, 335, 655, 320
3139, 336, 675, 339
3140, 347, 669, 322
3141, 328, 606, 278
3142, 290, 557, 267
3143, 276, 533, 257
3144, 269, 531, 262
3145, 283, 581, 298
3146, 313, 621, 308
3147, 322, 631, 309
3148, 322, 608, 286
3149, 305, 561, 256
3150, 268, 500, 232
3151, 247, 468, 221
3152, 232, 459, 227
3153, 245, 496, 251
3154, 278, 556, 278
3155, 306, 604, 298
3156, 317, 579, 262
3157, 280, 547, 267
3158, 279, 501, 222
3159, 240, 439, 199
3160, 220, 435, 215
3161, 235, 456, 221
3162, 242, 483, 241
3163, 262, 527, 265
3164, 282, 571, 289
3165, 307, 612, 305
3166, 334, 660, 326
3167, 343, 653, 310
3168, 325, 606, 281
3169, 291, 540, 249
3170, 263, 509, 246
3171, 260, 512, 252
3172, 275, 539, 264
3173, 279, 544, 265
3174, 281, 560, 279
3175, 297, 551, 254
3176, 265, 511, 246
3177, 264, 491, 227
3178, 241, 445, 204
3179, 222, 430, 208
3180, 229, 443, 214
3181, 233, 477, 244
3182, 265, 533, 268
3183, 286, 537, 251
3184, 272, 513, 241
3185, 265, 475, 210
3186, 233, 411, 178
3187, 196, 346, 150
3188, 178, 327, 149
3189, 171, 305, 134
3190, 163, 329, 166
3191, 178, 357, 179
3192, 212, 411, 199
3193, 226, 443, 217
3194, 243, 473, 230
3195, 265, 534, 269
3196, 298, 598, 300
3197, 319, 620, 301
3198, 314, 588, 274
3199, 288, 536, 248
3200, 262, 509, 247
3201, 266, 520, 254
3202, 272, 535, 263
3203, 278, 537, 259
3204, 276, 551, 275
3205, 300, 578, 278
3206, 293, 524, 231
3207, 247, 432, 185
3208, 205, 402, 197
3209, 217, 408, 191
3210, 210, 389, 179
3211, 202, 411, 209
3212, 237, 459, 222
3213, 246, 461, 215
3214, 239, 485, 246
3215, 264, 507, 243
3216, 267, 540, 273
3217, 295, 528, 233
3218, 255, 465, 210
3219, 233, 421, 188
3220, 209, 439, 230
3221, 252, 474, 222
3222, 248, 469, 221
3223, 244, 493, 249
3224, 268, 535, 267
3225, 285, 599, 314
3226, 337, 615, 278
3227, 300, 557, 257
3228, 275, 537, 262
3229, 279, 539, 260
3230, 271, 527, 256
3231, 269, 552, 283
3232, 296, 604, 308
3233, 321, 662, 341
3234, 358, 670, 312
3235, 332, 617, 285
3236, 300, 567, 267
3237, 285, 547, 262
3238, 272, 523, 251
3239, 269, 522, 253
3240, 269, 550, 281
3241, 292, 576, 284
3242, 291, 560, 269
3243, 288, 534, 246
3244, 262, 475, 213
3245, 235, 461, 226
3246, 249, 506, 257
3247, 269, 504, 235
3248, 259, 515, 256
3249, 276, 513, 237
3250, 257, 520, 263
3251, 278, 553, 275
3252, 293, 572, 279
3253, 286, 528, 242
3254, 264, 509, 245
3255, 265, 523, 258
3256, 274, 542, 268
3257, 290, 566, 276
3258, 297, 571, 274
3259, 288, 576, 288
3260, 295, 573, 278
3261, 290, 586, 296
3262, 311, 601, 290
3263, 307, 589, 282
3264, 296, 565, 269
3265, 281, 547, 266
3266, 285, 554, 269
3267, 293, 559, 266
3268, 289, 590, 301
3269, 316, 608, 292
3270, 309, 590, 281
3271, 296, 570, 274
3272, 291, 560, 269
3273, 283, 547, 264
3274, 278, 538, 260
3275, 274, 526, 252
3276, 268, 515, 247
3277, 266, 509, 243
3278, 259, 516, 257
3279, 278, 517, 239
3280, 261, 479, 218
3281, 240, 469, 229
3282, 252, 475, 223
3283, 240, 461, 221
3284, 241, 474, 233
3285, 250, 478, 228
3286, 251, 519, 268
3287, 291, 583, 292
3288, 316, 600, 284
3289, 298, 570, 272
3290, 288, 560, 272
3291, 282, 538, 256
3292, 271, 534, 263
3293, 280, 527, 247
3294, 256, 494, 238
3295, 257, 535, 278
3296, 308, 600, 292
3297, 311, 588, 277
3298, 288, 551, 263
3299, 282, 545, 263
3300, 279, 528, 249
3301, 258, 504, 246
3302, 265, 506, 241
3303, 259, 489, 230
3304, 240, 476, 236
3305, 259, 557, 298
3306, 321, 590, 269
3307, 289, 547, 258
3308, 270, 504, 234
3309, 251, 468, 217
3310, 235, 439, 204
3311, 226, 452, 226
3312, 249, 498, 249
3313, 269, 509, 240
3314, 266, 544, 278
3315, 297, 590, 293
3316, 313, 623, 310
3317, 326, 598, 272
3318, 284, 532, 248
3319, 258, 494, 236
3320, 258, 501, 243
3321, 258, 480, 222
3322, 236, 461, 225
3323, 246, 489, 243
3324, 267, 492, 225
3325, 246, 486, 240
3326, 254, 511, 257
3327, 284, 520, 236
3328, 256, 483, 227
3329, 242, 464, 222
3330, 236, 452, 216
3331, 235, 470, 235
3332, 253, 507, 254
3333, 275, 570, 295
3334, 309, 627, 318
3335, 334, 655, 321
3336, 330, 627, 297
3337, 317, 604, 287
3338, 297, 574, 277
3339, 287, 527, 240
3340, 256, 513, 257
3341, 278, 567, 289
3342, 300, 585, 285
3343, 306, 587, 281
3344, 299, 588, 289
3345, 299, 560, 261
3346, 283, 542, 259
3347, 274, 488, 214
3348, 237, 450, 213
3349, 228, 457, 229
3350, 257, 534, 277
3351, 295, 572, 277
3352, 302, 562, 260
3353, 278, 526, 248
3354, 270, 527, 257
3355, 268, 507, 239
3356, 253, 518, 265
3357, 282, 539, 257
3358, 268, 527, 259
3359, 276, 558, 282
3360, 300, 577, 277
3361, 294, 559, 265
3362, 285, 553, 268
3363, 283, 546, 263
3364, 283, 537, 254
3365, 263, 521, 258
3366, 276, 573, 297
3367, 310, 590, 280
3368, 296, 565, 269
3369, 281, 527, 246
3370, 259, 485, 226
3371, 241, 490, 249
3372, 269, 546, 277
3373, 289, 568, 279
3374, 299, 593, 294
3375, 305, 629, 324
3376, 339, 648, 309
3377, 320, 576, 256
3378, 270, 529, 259
3379, 278, 529, 251
3380, 263, 517, 254
3381, 270, 531, 261
3382, 268, 544, 276
3383, 297, 609, 312
3384, 334, 654, 320
3385, 336, 636, 300
3386, 317, 596, 279
3387, 292, 558, 266
3388, 272, 514, 242
3389, 263, 527, 264
3390, 281, 553, 272
3391, 290, 575, 285
3392, 303, 596, 293
3393, 315, 586, 271
3394, 286, 558, 272
3395, 277, 519, 242
3396, 258, 478, 220
3397, 234, 462, 228
3398, 247, 489, 242
3399, 259, 528, 269
3400, 297, 589, 292
3401, 301, 591, 290
3402, 308, 595, 287
3403, 302, 554, 252
3404, 264, 486, 222
3405, 242, 461, 219
3406, 241, 458, 217
3407, 235, 472, 237
3408, 258, 530, 272
3409, 295, 562, 267
3410, 279, 556, 277
3411, 295, 581, 286
3412, 303, 577, 274
3413, 294, 559, 265
3414, 281, 492, 211
3415, 228, 447, 219
3416, 243, 492, 249
3417, 273, 525, 252
3418, 270, 524, 254
3419, 272, 566, 294
3420, 307, 594, 287
3421, 306, 584, 278
3422, 296, 564, 268
3423, 280, 523, 243
3424, 259, 515, 256
3425, 284, 561, 277
3426, 294, 548, 254
3427, 272, 539, 267
3428, 288, 587, 299
3429, 314, 607, 293
3430, 314, 569, 255
3431, 269, 483, 214
3432, 227, 401, 174
3433, 195, 369, 174
3434, 196, 397, 201
3435, 231, 454, 223
3436, 255, 477, 222
3437, 247, 486, 239
3438, 265, 517, 252
3439, 266, 473, 207
3440, 227, 455, 228
3441, 243, 454, 211
3442, 233, 413, 180
3443, 194, 369, 175
3444, 200, 393, 193
3445, 218, 442, 224
3446, 242, 522, 280
3447, 301, 594, 293
3448, 314, 604, 290
3449, 308, 582, 274
3450, 291, 528, 237
3451, 255, 452, 197
3452, 213, 410, 197
3453, 214, 400, 186
3454, 207, 420, 213
3455, 233, 470, 237
3456, 247, 511, 264
3457, 288, 601, 313
3458, 327, 625, 298
3459, 308, 566, 258
3460, 269, 471, 202
3461, 218, 414, 196
3462, 219, 412, 193
3463, 213, 388, 175
3464, 202, 377, 175
3465, 199, 387, 188
3466, 211, 432, 221
3467, 249, 496, 247
3468, 267, 549, 282
3469, 302, 581, 279
3470, 296, 570, 274
3471, 288, 566, 278
3472, 293, 534, 241
3473, 258, 485, 227
3474, 243, 463, 220
3475, 236, 473, 237
3476, 255, 501, 246
3477, 269, 523, 254
3478, 275, 535, 260
3479, 284, 527, 243
3480, 258, 491, 233
3481, 254, 448, 194
3482, 213, 390, 177
3483, 191, 351, 160
3484, 180, 333, 153
3485, 177, 356, 179
3486, 200, 391, 191
3487, 223, 447, 224
3488, 252, 488, 236
3489, 258, 499, 241
3490, 260, 511, 251
3491, 282, 526, 244
3492, 259, 496, 237
3493, 255, 472, 217
3494, 236, 427, 191
3495, 220, 399, 179
3496, 209, 400, 191
3497, 210, 417, 207
3498, 230, 465, 235
3499, 256, 500, 244
3500, 267, 510, 243
3501, 261, 492, 231
3502, 257, 467, 210
3503, 234, 450, 216
3504, 228, 418, 190
3505, 213, 397, 184
3506, 211, 415, 204
3507, 230, 436, 206
3508, 229, 447, 218
3509, 241, 479, 238
3510, 255, 512, 257
3511, 281, 561, 280
3512, 306, 610, 304
3513, 320, 598, 278
3514, 300, 536, 236
3515, 253, 475, 222
3516, 244, 486, 242
3517, 264, 519, 255
3518, 275, 526, 251
3519, 268, 542, 274
3520, 295, 590, 295
3521, 317, 615, 298
3522, 310, 586, 276
3523, 292, 534, 242
3524, 256, 485, 229
3525, 244, 487, 243
3526, 268, 533, 265
3527, 284, 546, 262
3528, 275, 536, 261
3529, 277, 574, 297
3530, 317, 629, 312
3531, 330, 632, 302
3532, 316, 577, 261
3533, 282, 527, 245
3534, 256, 497, 241
3535, 260, 511, 251
3536, 265, 514, 249
3537, 267, 532, 265
3538, 278, 557, 279
3539, 300, 570, 270
3540, 291, 524, 233
3541, 249, 451, 202
3542, 221, 422, 201
3543, 222, 454, 232
3544, 259, 497, 238
3545, 258, 523, 265
3546, 290, 561, 271
3547, 293, 587, 294
3548, 313, 587, 274
3549, 293, 549, 256
3550, 270, 524, 254
3551, 269, 533, 264
3552, 279, 537, 258
3553, 271, 525, 254
3554, 270, 556, 286
3555, 300, 589, 289
3556, 302, 576, 274
3557, 289, 555, 266
3558, 282, 546, 264
3559, 288, 578, 290
3560, 306, 592, 286
3561, 303, 577, 274
3562, 291, 579, 288
3563, 307, 592, 285
3564, 297, 560, 263
3565, 283, 549, 266
3566, 285, 518, 233
3567, 250, 502, 252
3568, 267, 528, 261
3569, 276, 522, 246
3570, 257, 498, 241
3571, 261, 527, 266
3572, 282, 555, 273
3573, 295, 560, 265
3574, 289, 532, 243
3575, 260, 484, 224
3576, 232, 462, 230
3577, 252, 508, 256
3578, 265, 523, 258
3579, 277, 525, 248
3580, 268, 530, 262
3581, 277, 548, 271
3582, 291, 548, 257
3583, 279, 522, 243
3584, 262, 485, 223
3585, 242, 469, 227
3586, 249, 482, 233
3587, 250, 509, 259
3588, 279, 532, 253
3589, 275, 544, 269
3590, 285, 561, 276
3591, 294, 567, 273
3592, 287, 561, 274
3593, 290, 535, 245
3594, 269, 507, 238
3595, 254, 496, 242
3596, 255, 503, 248
3597, 265, 541, 276
3598, 295, 557, 262
3599, 277, 558, 281
3600, 303, 582, 279
3601, 297, 538, 241
3602, 259, 473, 214
3603, 234, 446, 212
3604, 236, 486, 250
3605, 280, 561, 281
3606, 295, 540, 245
3607, 257, 517, 260
3608, 277, 543, 266
3609, 286, 557, 271
3610, 289, 544, 255
3611, 265, 489, 224
3612, 246, 470, 224
3613, 244, 478, 234
3614, 252, 513, 261
3615, 281, 576, 295
3616, 317, 603, 286
3617, 302, 598, 296
3618, 309, 629, 320
3619, 333, 615, 282
3620, 295, 543, 248
3621, 262, 510, 248
3622, 260, 520, 260
3623, 273, 568, 295
3624, 303, 602, 299
3625, 320, 617, 297
3626, 307, 609, 302
3627, 313, 612, 299
3628, 312, 559, 247
3629, 257, 485, 228
3630, 244, 484, 240
3631, 252, 509, 257
3632, 271, 529, 258
3633, 273, 536, 263
3634, 275, 538, 263
3635, 283, 572, 289
3636, 306, 578, 272
3637, 286, 542, 256
3638, 272, 500, 228
3639, 242, 476, 234
3640, 248, 500, 252
3641, 273, 553, 280
3642, 295, 592, 297
3643, 318, 615, 297
3644, 314, 614, 300
3645, 314, 584, 270
3646, 278, 533, 255
3647, 271, 541, 270
3648, 283, 544, 261
3649, 279, 554, 275
3650, 297, 598, 301
3651, 317, 622, 305
3652, 321, 638, 317
3653, 327, 614, 287
3654, 303, 560, 257
3655, 264, 517, 253
3656, 270, 523, 253
3657, 265, 521, 256
3658, 273, 554, 281
3659, 296, 568, 272
3660, 291, 565, 274
3661, 297, 591, 294
3662, 308, 597, 289
3663, 299, 578, 279
3664, 299, 581, 282
3665, 300, 583, 283
3666, 296, 580, 284
3667, 293, 577, 284
3668, 305, 585, 280
3669, 297, 593, 296
3670, 305, 599, 294
3671, 309, 569, 260
3672, 283, 551, 268
3673, 282, 525, 243
3674, 257, 503, 246
3675, 264, 515, 251
3676, 275, 515, 240
3677, 254, 494, 240
3678, 259, 498, 239
3679, 260, 489, 229
3680, 250, 466, 216
3681, 236, 474, 238
3682, 255, 498, 243
3683, 256, 485, 229
3684, 239, 484, 245
3685, 262, 526, 264
3686, 284, 541, 257
3687, 278, 540, 262
3688, 280, 539, 259
3689, 276, 530, 254
3690, 269, 528, 259
3691, 280, 542, 262
3692, 283, 525, 242
3693, 259, 507, 248
3694, 263, 499, 236
3695, 250, 471, 221
3696, 242, 469, 227
3697, 246, 485, 239
3698, 264, 504, 240
3699, 251, 474, 223
3700, 236, 469, 233
3701, 248, 484, 236
3702, 256, 494, 238
3703, 262, 506, 244
3704, 276, 514, 238
3705, 255, 481, 226
3706, 242, 468, 226
3707, 248, 487, 239
3708, 255, 512, 257
3709, 276, 531, 255
3710, 270, 517, 247
3711, 268, 532, 264
3712, 280, 546, 266
3713, 281, 559, 278
3714, 299, 586, 287
3715, 303, 574, 271
3716, 288, 574, 286
3717, 306, 583, 277
3718, 293, 566, 273
3719, 290, 555, 265
3720, 282, 564, 282
3721, 300, 582, 282
3722, 300, 588, 288
3723, 302, 579, 277
3724, 291, 564, 273
3725, 291, 549, 258
3726, 267, 510, 243
3727, 263, 512, 249
3728, 263, 514, 251
3729, 267, 527, 260
3730, 274, 522, 248
3731, 274, 513, 239
3732, 259, 496, 237
3733, 258, 493, 235
3734, 255, 498, 243
3735, 267, 492, 225
3736, 236, 456, 220
3737, 241, 490, 249
3738, 273, 536, 263
3739, 287, 559, 272
3740, 292, 569, 277
3741, 298, 587, 289
3742, 305, 610, 305
3743, 313, 610, 297
3744, 318, 602, 284
3745, 303, 569, 266
3746, 279, 536, 257
3747, 271, 544, 273
3748, 292, 569, 277
3749, 289, 568, 279
3750, 294, 564, 270
3751, 289, 548, 259
3752, 277, 521, 244
3753, 262, 516, 254
3754, 274, 536, 262
3755, 282, 542, 260
3756, 276, 566, 290
3757, 301, 591, 290
3758, 310, 609, 299
3759, 316, 605, 289
3760, 301, 556, 255
3761, 268, 516, 248
3762, 264, 505, 241
3763, 255, 484, 229
3764, 244, 500, 256
3765, 278, 558, 280
3766, 301, 589, 288
3767, 305, 571, 266
3768, 285, 516, 231
3769, 248, 467, 219
3770, 234, 440, 206
3771, 227, 458, 231
3772, 258, 510, 252
3773, 271, 535, 264
3774, 280, 566, 286
3775, 301, 596, 295
3776, 306, 604, 298
3777, 315, 607, 292
3778, 306, 568, 262
3779, 277, 537, 260
3780, 266, 524, 258
3781, 277, 547, 270
3782, 284, 564, 280
3783, 298, 590, 292
3784, 308, 582, 274
3785, 295, 581, 286
3786, 300, 553, 253
3787, 262, 489, 227
3788, 241, 462, 221
3789, 233, 464, 231
3790, 251, 510, 259
3791, 277, 563, 286
3792, 296, 596, 300
3793, 316, 640, 324
3794, 335, 637, 302
3795, 314, 616, 302
3796, 315, 600, 285
3797, 297, 557, 260
3798, 277, 534, 257
3799, 273, 532, 259
3800, 274, 544, 270
3801, 283, 551, 268
3802, 285, 558, 273
3803, 288, 531, 243
3804, 262, 456, 194
3805, 210, 395, 185
3806, 198, 384, 186
3807, 207, 412, 205
3808, 232, 458, 226
3809, 243, 483, 240
3810, 271, 542, 271
3811, 290, 553, 263
3812, 283, 519, 236
3813, 260, 472, 212
3814, 230, 436, 206
3815, 226, 414, 188
3816, 213, 397, 184
3817, 210, 394, 184
3818, 207, 412, 205
3819, 229, 448, 219
3820, 246, 491, 245
3821, 265, 536, 271
3822, 296, 554, 258
3823, 281, 495, 214
3824, 240, 438, 198
3825, 211, 394, 183
3826, 199, 396, 197
3827, 217, 420, 203
3828, 230, 456, 226
3829, 249, 486, 237
3830, 261, 537, 276
3831, 298, 583, 285
3832, 301, 577, 276
3833, 299, 550, 251
3834, 262, 501, 239
3835, 252, 489, 237
3836, 256, 504, 248
3837, 261, 484, 223
3838, 242, 472, 230
3839, 250, 494, 244
3840, 267, 541, 274
3841, 290, 571, 281
3842, 303, 522, 219
3843, 233, 432, 199
3844, 218, 419, 201
3845, 227, 441, 214
3846, 242, 469, 227
3847, 251, 470, 219
3848, 238, 478, 240
3849, 260, 528, 268
3850, 290, 595, 305
3851, 326, 652, 326
3852, 335, 626, 291
3853, 306, 581, 275
3854, 292, 569, 277
3855, 290, 566, 276
3856, 286, 541, 255
3857, 262, 530, 268
3858, 284, 591, 307
3859, 321, 627, 306
3860, 325, 605, 280
3861, 294, 552, 258
3862, 271, 535, 264
3863, 275, 541, 266
3864, 280, 551, 271
3865, 282, 559, 277
3866, 294, 596, 302
3867, 320, 642, 322
3868, 339, 668, 329
3869, 339, 650, 311
3870, 323, 602, 279
3871, 293, 565, 272
3872, 280, 528, 248
3873, 259, 508, 249
3874, 267, 528, 261
3875, 283, 558, 275
3876, 289, 562, 273
3877, 282, 520, 238
3878, 254, 476, 222
3879, 245, 476, 231
3880, 251, 479, 228
3881, 250, 478, 228
3882, 248, 463, 215
3883, 230, 456, 226
3884, 240, 473, 233
3885, 262, 538, 276
3886, 307, 604, 297
3887, 327, 594, 267
3888, 284, 496, 212
3889, 232, 453, 221
3890, 237, 463, 226
3891, 245, 447, 202
3892, 220, 429, 209
3893, 232, 450, 218
3894, 243, 493, 250
3895, 270, 542, 272
3896, 297, 573, 276
3897, 297, 583, 286
3898, 305, 555, 250
3899, 264, 499, 235
3900, 262, 493, 231
3901, 251, 476, 225
3902, 241, 454, 213
3903, 231, 466, 235
3904, 259, 496, 237
3905, 260, 523, 263
3906, 288, 577, 289
3907, 305, 589, 284
3908, 303, 601, 298
3909, 314, 626, 312
3910, 331, 631, 300
3911, 312, 597, 285
3912, 295, 579, 284
3913, 296, 582, 286
3914, 301, 598, 297
3915, 314, 622, 308
3916, 319, 602, 283
3917, 295, 581, 286
3918, 301, 567, 266
3919, 278, 527, 249
3920, 261, 520, 259
3921, 285, 578, 293
3922, 312, 603, 291
3923, 305, 599, 294
3924, 307, 576, 269
3925, 286, 541, 255
3926, 278, 500, 222
3927, 237, 450, 213
3928, 235, 445, 210
3929, 228, 464, 236
3930, 255, 512, 257
3931, 280, 528, 248
3932, 261, 510, 249
3933, 268, 522, 254
3934, 275, 529, 254
3935, 278, 534, 256
3936, 269, 534, 265
3937, 274, 538, 264
3938, 280, 571, 291
3939, 305, 611, 306
3940, 326, 626, 300
3941, 312, 601, 289
3942, 295, 547, 252
3943, 264, 521, 257
3944, 273, 528, 255
3945, 267, 518, 251
3946, 267, 530, 263
3947, 276, 536, 260
3948, 278, 562, 284
3949, 305, 587, 282
3950, 297, 521, 224
3951, 237, 441, 204
3952, 228, 418, 190
3953, 208, 401, 193
3954, 215, 417, 202
3955, 219, 399, 180
3956, 202, 389, 187
3957, 211, 433, 222
3958, 240, 473, 233
3959, 258, 480, 222
3960, 248, 462, 214
3961, 238, 467, 229
3962, 246, 469, 223
3963, 243, 457, 214
3964, 235, 450, 215
3965, 235, 444, 209
3966, 237, 435, 198
3967, 217, 435, 218
3968, 243, 490, 247
3969, 269, 559, 290
3970, 311, 625, 314
3971, 329, 613, 284
3972, 301, 595, 294
3973, 310, 574, 264
3974, 283, 540, 257
3975, 275, 483, 208
3976, 223, 426, 203
3977, 221, 452, 231
3978, 250, 489, 239
3979, 262, 516, 254
3980, 281, 552, 271
3981, 292, 571, 279
3982, 302, 572, 270
3983, 289, 536, 247
3984, 271, 489, 218
3985, 237, 447, 210
3986, 223, 435, 212
3987, 231, 468, 237
3988, 258, 494, 236
3989, 257, 526, 269
3990, 284, 555, 271
3991, 289, 554, 265
3992, 282, 518, 236
3993, 255, 461, 206
3994, 223, 433, 210
3995, 224, 431, 207
3996, 230, 459, 229
3997, 250, 514, 264
3998, 286, 585, 299
3999, 320, 614, 294
4000, 315, 617, 302
4001, 313, 593, 280
4002, 296, 590, 294
4003, 316, 615, 299
4004, 312, 587, 275
4005, 293, 586, 293
4006, 310, 627, 317
4007, 328, 640, 312
4008, 324, 631, 307
4009, 326, 600, 274
4010, 294, 553, 259
4011, 273, 503, 230
4012, 251, 480, 229
4013, 241, 471, 230
4014, 245, 485, 240
4015, 257, 499, 242
4016, 259, 525, 266
4017, 288, 565, 277
4018, 297, 556, 259
4019, 270, 493, 223
4020, 237, 451, 214
4021, 239, 452, 213
4022, 228, 445, 217
4023, 241, 491, 250
4024, 269, 545, 276
4025, 302, 616, 314
4026, 330, 650, 320
4027, 333, 617, 284
4028, 305, 597, 292
4029, 309, 576, 267
4030, 277, 541, 264
4031, 273, 538, 265
4032, 276, 559, 283
4033, 303, 597, 294
4034, 311, 609, 298
4035, 311, 608, 297
4036, 310, 581, 271
4037, 282, 538, 256
4038, 267, 514, 247
4039, 264, 512, 248
4040, 264, 526, 262
4041, 275, 549, 274
4042, 290, 565, 275
4043, 300, 585, 285
4044, 301, 562, 261
4045, 280, 531, 251
4046, 266, 501, 235
4047, 256, 474, 218
4048, 231, 451, 220
4049, 237, 463, 226
4050, 249, 511, 262
4051, 280, 551, 271
4052, 290, 563, 273
4053, 295, 586, 291
4054, 308, 600, 292
4055, 309, 577, 268
4056, 283, 524, 241
4057, 255, 498, 243
4058, 260, 492, 232
4059, 251, 508, 257
4060, 276, 524, 248
4061, 262, 525, 263
4062, 279, 559, 280
4063, 295, 548, 253
4064, 273, 527, 254
4065, 270, 522, 252
4066, 272, 527, 255
4067, 268, 531, 263
4068, 278, 562, 284
4069, 300, 577, 277
4070, 295, 583, 288
4071, 300, 568, 268
4072, 278, 502, 224
4073, 249, 466, 217
4074, 241, 428, 187
4075, 203, 374, 171
4076, 188, 365, 177
4077, 199, 399, 200
4078, 226, 448, 222
4079, 241, 471, 230
4080, 257, 516, 259
4081, 285, 561, 276
4082, 304, 603, 299
4083, 325, 584, 259
4084, 269, 481, 212
4085, 234, 437, 203
4086, 221, 429, 208
4087, 222, 447, 225
4088, 241, 504, 263
4089, 288, 585, 297
4090, 309, 579, 270
4091, 293, 565, 272
4092, 286, 548, 262
4093, 276, 498, 222
4094, 235, 451, 216
4095, 238, 453, 215
4096, 232, 461, 229
4097, 253, 506, 253
4098, 274, 559, 285
4099, 298, 583, 285
4100, 305, 599, 294
4101, 313, 599, 286
4102, 300, 548, 248
4103, 268, 499, 231
4104, 242, 468, 226
4105, 247, 485, 238
4106, 253, 496, 243
4107, 267, 541, 274
4108, 289, 562, 273
4109, 295, 548, 253
4110, 271, 538, 267
4111, 284, 504, 220
4112, 244, 444, 200
4113, 217, 411, 194
4114, 204, 393, 189
4115, 212, 432, 220
4116, 236, 467, 231
4117, 250, 520, 270
4118, 297, 594, 297
4119, 314, 594, 280
4120, 295, 536, 241
4121, 264, 504, 240
4122, 255, 469, 214
4123, 230, 441, 211
4124, 234, 455, 221
4125, 242, 480, 238
4126, 252, 501, 249
4127, 269, 543, 274
4128, 292, 546, 254
4129, 268, 524, 256
4130, 270, 491, 221
4131, 236, 445, 209
4132, 223, 415, 192
4133, 219, 430, 211
4134, 227, 442, 215
4135, 240, 476, 236
4136, 260, 521, 261
4137, 285, 595, 310
4138, 325, 629, 304
4139, 318, 643, 325
4140, 337, 633, 296
4141, 302, 554, 252
4142, 262, 505, 243
4143, 262, 507, 245
4144, 258, 519, 261
4145, 282, 560, 278
4146, 299, 584, 285
4147, 307, 586, 279
4148, 291, 548, 257
4149, 274, 492, 218
4150, 227, 428, 201
4151, 226, 434, 208
4152, 226, 431, 205
4153, 220, 432, 212
4154, 227, 462, 235
4155, 260, 553, 293
4156, 315, 632, 317
4157, 333, 651, 318
4158, 330, 604, 274
4159, 282, 520, 238
4160, 246, 460, 214
4161, 234, 445, 211
4162, 233, 440, 207
4163, 224, 429, 205
4164, 228, 470, 242
4165, 266, 525, 259
4166, 279, 517, 238
4167, 256, 454, 198
4168, 219, 388, 169
4169, 188, 363, 175
4170, 196, 351, 155
4171, 177, 321, 144
4172, 177, 348, 171
4173, 200, 389, 189
4174, 223, 448, 225
4175, 254, 514, 260
4176, 279, 544, 265
4177, 287, 519, 232
4178, 243, 451, 208
4179, 230, 450, 220
4180, 238, 469, 231
4181, 260, 510, 250
4182, 267, 482, 215
4183, 236, 457, 221
4184, 240, 475, 235
4185, 253, 525, 272
4186, 294, 540, 246
4187, 256, 512, 256
4188, 284, 573, 289
4189, 309, 615, 306
4190, 321, 625, 304
4191, 324, 573, 249
4192, 269, 532, 263
4193, 275, 530, 255
4194, 273, 539, 266
4195, 279, 534, 255
4196, 264, 542, 278
4197, 300, 589, 289
4198, 307, 588, 281
4199, 297, 563, 266
4200, 281, 550, 269
4201, 284, 544, 260
4202, 273, 516, 243
4203, 270, 528, 258
4204, 274, 530, 256
4205, 277, 554, 277
4206, 290, 524, 234
4207, 258, 516, 258
4208, 270, 534, 264
4209, 281, 543, 262
4210, 287, 566, 279
4211, 299, 585, 286
4212, 299, 606, 307
4213, 317, 623, 306
4214, 325, 608, 283
4215, 295, 522, 227
4216, 236, 471, 235
4217, 249, 496, 247
4218, 266, 524, 258
4219, 278, 552, 274
4220, 300, 581, 281
4221, 300, 618, 318
4222, 336, 634, 298
4223, 310, 558, 248
4224, 263, 504, 241
4225, 261, 505, 244
4226, 252, 502, 250
4227, 265, 524, 259
4228, 278, 572, 294
4229, 311, 610, 299
4230, 315, 617, 302
4231, 318, 581, 263
4232, 277, 510, 233
4233, 251, 482, 231
4234, 248, 478, 230
4235, 249, 506, 257
4236, 273, 535, 262
4237, 288, 549, 261
4238, 273, 531, 258
4239, 276, 540, 264
4240, 285, 560, 275
4241, 290, 575, 285
4242, 310, 583, 273
4243, 285, 541, 256
4244, 270, 541, 271
4245, 291, 550, 259
4246, 280, 567, 287
4247, 307, 608, 301
4248, 310, 608, 298
4249, 308, 577, 269
4250, 283, 541, 258
4251, 275, 515, 240
4252, 257, 493, 236
4253, 253, 513, 260
4254, 279, 547, 268
4255, 282, 555, 273
4256, 295, 599, 304
4257, 315, 600, 285
4258, 299, 591, 292
4259, 304, 576, 272
4260, 281, 556, 275
4261, 290, 578, 288
4262, 303, 586, 283
4263, 292, 592, 300
4264, 314, 616, 302
4265, 316, 613, 297
4266, 305, 575, 270
4267, 288, 541, 253
4268, 265, 502, 237
4269, 252, 485, 233
4270, 254, 481, 227
4271, 240, 465, 225
4272, 246, 508, 262
4273, 276, 519, 243
4274, 259, 517, 258
4275, 277, 580, 303
4276, 316, 610, 294
4277, 309, 556, 247
4278, 261, 508, 247
4279, 264, 488, 224
4280, 249, 497, 248
4281, 263, 491, 228
4282, 242, 474, 232
4283, 255, 491, 236
4284, 260, 508, 248
4285, 266, 496, 230
4286, 249, 495, 246
4287, 261, 487, 226
4288, 251, 468, 217
4289, 245, 490, 245
4290, 262, 515, 253
4291, 273, 496, 223
4292, 241, 475, 234
4293, 253, 508, 255
4294, 268, 545, 277
4295, 301, 624, 323
4296, 336, 607, 271
4297, 289, 529, 240
4298, 248, 456, 208
4299, 219, 420, 201
4300, 234, 467, 233
4301, 248, 459, 211
4302, 229, 453, 224
4303, 245, 509, 264
4304, 281, 571, 290
4305, 313, 625, 312
4306, 323, 565, 242
4307, 259, 459, 200
4308, 218, 412, 194
4309, 217, 416, 199
4310, 219, 406, 187
4311, 212, 399, 187
4312, 219, 416, 197
4313, 228, 469, 241
4314, 257, 523, 266
4315, 290, 590, 300
4316, 323, 591, 268
4317, 281, 506, 225
4318, 243, 457, 214
4319, 235, 445, 210
4320, 234, 432, 198
4321, 218, 415, 197
4322, 214, 433, 219
4323, 240, 492, 252
4324, 268, 541, 273
4325, 299, 572, 273
4326, 287, 536, 249
4327, 271, 500, 229
4328, 255, 505, 250
4329, 265, 499, 234
4330, 253, 454, 201
4331, 219, 437, 218
4332, 242, 477, 235
4333, 252, 513, 261
4334, 284, 562, 278
4335, 295, 561, 266
4336, 280, 527, 247
4337, 258, 506, 248
4338, 267, 500, 233
4339, 251, 487, 236
4340, 250, 494, 244
4341, 268, 519, 251
4342, 268, 523, 255
4343, 276, 530, 254
4344, 267, 523, 256
4345, 273, 541, 268
4346, 287, 530, 243
4347, 258, 484, 226
4348, 243, 467, 224
4349, 235, 481, 246
4350, 264, 500, 236
4351, 257, 516, 259
4352, 279, 561, 282
4353, 296, 595, 299
4354, 321, 617, 296
4355, 309, 583, 274
4356, 287, 547, 260
4357, 276, 510, 234
4358, 256, 505, 249
4359, 267, 517, 250
4360, 272, 530, 258
4361, 279, 560, 281
4362, 297, 587, 290
4363, 310, 608, 298
4364, 317, 592, 275
4365, 287, 542, 255
4366, 269, 505, 236
4367, 257, 506, 249
4368, 267, 533, 266
4369, 284, 563, 279
4370, 300, 583, 283
4371, 296, 565, 269
4372, 281, 537, 256
4373, 274, 529, 255
4374, 268, 507, 239
4375, 264, 529, 265
4376, 276, 545, 269
4377, 287, 576, 289
4378, 303, 586, 283
4379, 298, 557, 259
4380, 275, 536, 261
4381, 277, 545, 268
4382, 285, 523, 238
4383, 258, 498, 240
4384, 255, 473, 218
4385, 230, 447, 217
4386, 245, 476, 231
4387, 253, 515, 262
4388, 276, 519, 243
4389, 254, 468, 214
4390, 231, 457, 226
4391, 247, 498, 251
4392, 266, 470, 204
4393, 218, 398, 180
4394, 199, 373, 174
4395, 188, 368, 180
4396, 192, 390, 198
4397, 225, 467, 242
4398, 265, 530, 265
4399, 289, 559, 270
4400, 287, 566, 279
4401, 298, 577, 279
4402, 302, 561, 259
4403, 274, 481, 207
4404, 227, 414, 187
4405, 202, 389, 187
4406, 204, 423, 219
4407, 248, 502, 254
4408, 271, 548, 277
4409, 299, 616, 317
4410, 339, 658, 319
4411, 339, 610, 271
4412, 288, 516, 228
4413, 245, 452, 207
4414, 223, 432, 209
4415, 226, 449, 223
4416, 244, 481, 237
4417, 257, 531, 274
4418, 303, 623, 320
4419, 332, 644, 312
4420, 333, 605, 272
4421, 290, 520, 230
4422, 248, 455, 207
4423, 224, 418, 194
4424, 212, 410, 198
4425, 217, 436, 219
4426, 245, 500, 255
4427, 280, 577, 297
4428, 321, 661, 340
4429, 354, 650, 296
4430, 311, 549, 238
4431, 254, 457, 203
4432, 215, 401, 186
4433, 198, 394, 196
4434, 216, 421, 205
4435, 235, 466, 231
4436, 260, 510, 250
4437, 270, 548, 278
4438, 298, 581, 283
4439, 305, 582, 277
4440, 292, 552, 260
4441, 272, 523, 251
4442, 272, 516, 244
4443, 261, 507, 246
4444, 265, 539, 274
4445, 291, 584, 293
4446, 310, 624, 314
4447, 329, 633, 304
4448, 322, 605, 283
4449, 302, 557, 255
4450, 268, 511, 243
4451, 256, 503, 247
4452, 263, 523, 260
4453, 281, 558, 277
4454, 296, 611, 315
4455, 333, 683, 350
4456, 366, 689, 323
4457, 336, 615, 279
4458, 293, 543, 250
4459, 268, 518, 250
4460, 265, 499, 234
4461, 253, 494, 241
4462, 262, 537, 275
4463, 296, 583, 287
4464, 303, 588, 285
4465, 303, 545, 242
4466, 262, 461, 199
4467, 220, 420, 200
4468, 218, 433, 215
4469, 234, 454, 220
4470, 239, 456, 217
4471, 231, 464, 233
4472, 256, 527, 271
4473, 296, 609, 313
4474, 329, 592, 263
4475, 281, 490, 209
4476, 225, 414, 189
4477, 211, 388, 177
4478, 198, 382, 184
4479, 209, 393, 184
4480, 203, 376, 173
4481, 200, 402, 202
4482, 224, 469, 245
4483, 267, 533, 266
4484, 289, 544, 255
4485, 278, 527, 249
4486, 262, 527, 265
4487, 286, 586, 300
4488, 319, 610, 291
4489, 310, 596, 286
4490, 307, 611, 304
4491, 318, 618, 300
4492, 318, 593, 275
4493, 287, 531, 244
4494, 264, 527, 263
4495, 282, 559, 277
4496, 293, 539, 246
4497, 269, 512, 243
4498, 268, 514, 246
4499, 260, 490, 230
4500, 246, 480, 234
4501, 250, 478, 228
4502, 252, 492, 240
4503, 260, 527, 267
4504, 290, 581, 291
4505, 314, 616, 302
4506, 316, 606, 290
4507, 300, 525, 225
4508, 236, 444, 208
4509, 231, 438, 207
4510, 222, 433, 211
4511, 232, 465, 233
4512, 258, 481, 223
4513, 244, 485, 241
4514, 258, 527, 269
4515, 287, 591, 304
4516, 321, 594, 273
4517, 290, 527, 237
4518, 258, 469, 211
4519, 229, 453, 224
4520, 241, 465, 224
4521, 243, 484, 241
4522, 256, 509, 253
4523, 280, 558, 278
4524, 296, 597, 301
4525, 314, 592, 278
4526, 289, 492, 203
4527, 226, 417, 191
4528, 211, 409, 198
4529, 223, 435, 212
4530, 241, 478, 237
4531, 257, 512, 255
4532, 281, 551, 270
4533, 294, 579, 285
4534, 310, 583, 273
4535, 286, 563, 277
4536, 297, 567, 270
4537, 280, 531, 251
4538, 262, 533, 271
4539, 288, 564, 276
4540, 291, 565, 274
4541, 298, 573, 275
4542, 295, 578, 283
4543, 300, 575, 275
4544, 292, 579, 287
4545, 296, 559, 263
4546, 276, 525, 249
4547, 266, 525, 259
4548, 272, 503, 231
4549, 249, 482, 233
4550, 252, 494, 242
4551, 261, 533, 272
4552, 283, 575, 292
4553, 313, 612, 299
4554, 324, 580, 256
4555, 272, 518, 246
4556, 262, 498, 236
4557, 253, 506, 253
4558, 271, 520, 249
4559, 279, 581, 302
4560, 321, 653, 332
4561, 346, 671, 325
4562, 334, 594, 260
4563, 279, 529, 250
4564, 266, 510, 244
4565, 253, 489, 236
4566, 250, 481, 231
4567, 252, 504, 252
4568, 266, 527, 261
4569, 276, 583, 307
4570, 320, 619, 299
4571, 326, 620, 294
4572, 308, 535, 227
4573, 239, 443, 204
4574, 217, 421, 204
4575, 224, 454, 230
4576, 251, 479, 228
4577, 248, 495, 247
4578, 271, 550, 279
4579, 295, 598, 303
4580, 324, 624, 300
4581, 316, 573, 257
4582, 269, 513, 244
4583, 261, 513, 252
4584, 263, 499, 236
4585, 255, 496, 241
4586, 265, 533, 268
4587, 283, 562, 279
4588, 295, 587, 292
4589, 302, 589, 287
4590, 312, 616, 304
4591, 314, 585, 271
4592, 284, 551, 267
4593, 281, 522, 241
4594, 256, 501, 245
4595, 261, 532, 271
4596, 285, 568, 283
4597, 297, 570, 273
4598, 295, 556, 261
4599, 285, 552, 267
4600, 289, 518, 229
4601, 243, 457, 214
4602, 232, 462, 230
4603, 243, 479, 236
4604, 254, 519, 265
4605, 294, 590, 296
4606, 315, 622, 307
4607, 324, 633, 309
4608, 335, 618, 283
4609, 299, 548, 249
4610, 264, 497, 233
4611, 252, 484, 232
4612, 243, 473, 230
4613, 245, 490, 245
4614, 267, 510, 243
4615, 261, 525, 264
4616, 286, 526, 240
4617, 258, 492, 234
4618, 252, 497, 245
4619, 262, 502, 240
4620, 259, 492, 233
4621, 260, 486, 226
4622, 241, 479, 238
4623, 261, 493, 232
4624, 250, 458, 208
4625, 229, 443, 214
4626, 240, 434, 194
4627, 215, 409, 194
4628, 213, 402, 189
4629, 208, 403, 195
4630, 212, 418, 206
4631, 231, 450, 219
4632, 240, 472, 232
4633, 258, 492, 234
4634, 263, 515, 252
4635, 273, 547, 274
4636, 296, 572, 276
4637, 294, 567, 273
4638, 288, 545, 257
4639, 277, 522, 245
4640, 269, 517, 248
4641, 262, 490, 228
4642, 244, 480, 236
4643, 259, 520, 261
4644, 284, 542, 258
4645, 278, 534, 256
4646, 276, 525, 249
4647, 264, 510, 246
4648, 266, 517, 251
4649, 274, 510, 236
4650, 255, 487, 232
4651, 247, 499, 252
4652, 269, 540, 271
4653, 281, 543, 262
4654, 283, 527, 244
4655, 259, 464, 205
4656, 222, 444, 222
4657, 247, 483, 236
4658, 251, 474, 223
4659, 240, 472, 232
4660, 252, 493, 241
4661, 256, 512, 256
4662, 283, 539, 256
4663, 281, 522, 241
4664, 255, 498, 243
4665, 261, 501, 240
4666, 264, 489, 225
4667, 245, 469, 224
4668, 238, 465, 227
4669, 243, 505, 262
4670, 280, 550, 270
4671, 286, 556, 270
4672, 291, 583, 292
4673, 312, 606, 294
4674, 310, 607, 297
4675, 315, 563, 248
4676, 267, 516, 249
4677, 272, 525, 253
4678, 268, 515, 247
4679, 259, 512, 253
4680, 268, 537, 269
4681, 290, 578, 288
4682, 305, 580, 275
4683, 287, 541, 254
4684, 267, 491, 224
4685, 237, 474, 237
4686, 248, 486, 238
4687, 259, 514, 255
4688, 279, 541, 262
4689, 274, 549, 275
4690, 286, 555, 269
4691, 287, 541, 254
4692, 274, 508, 234
4693, 250, 467, 217
4694, 234, 455, 221
4695, 242, 474, 232
4696, 251, 483, 232
4697, 253, 503, 250
4698, 272, 549, 277
4699, 297, 575, 278
4700, 301, 533, 232
4701, 248, 478, 230
4702, 251, 454, 203
4703, 229, 427, 198
4704, 208, 393, 185
4705, 214, 425, 211
4706, 236, 459, 223
4707, 232, 483, 251
4708, 270, 549, 279
4709, 302, 577, 275
4710, 286, 529, 243
4711, 265, 496, 231
4712, 249, 463, 214
4713, 235, 440, 205
4714, 219, 413, 194
4715, 215, 413, 198
4716, 223, 446, 223
4717, 241, 476, 235
4718, 253, 499, 246
4719, 262, 529, 267
4720, 284, 562, 278
4721, 292, 548, 256
4722, 270, 511, 241
4723, 268, 519, 251
4724, 272, 502, 230
4725, 250, 493, 243
4726, 264, 507, 243
4727, 261, 522, 261
4728, 282, 563, 281
4729, 292, 567, 275
4730, 299, 606, 307
4731, 319, 622, 303
4732, 319, 607, 288
4733, 297, 540, 243
4734, 258, 493, 235
4735, 252, 502, 250
4736, 264, 499, 235
4737, 256, 502, 246
4738, 269, 537, 268
4739, 285, 576, 291
4740, 315, 615, 300
4741, 317, 570, 253
4742, 265, 500, 235
4743, 248, 495, 247
4744, 266, 520, 254
4745, 265, 527, 262
4746, 280, 582, 302
4747, 327, 622, 295
4748, 312, 613, 301
4749, 314, 579, 265
4750, 275, 513, 238
4751, 255, 492, 237
4752, 250, 480, 230
4753, 253, 483, 230
4754, 248, 485, 237
4755, 262, 526, 264
4756, 274, 546, 272
4757, 296, 500, 204
4758, 231, 410, 179
4759, 200, 371, 171
4760, 182, 353, 171
4761, 178, 364, 186
4762, 204, 417, 213
4763, 245, 500, 255
4764, 272, 560, 288
4765, 305, 617, 312
4766, 332, 633, 301
4767, 321, 585, 264
4768, 278, 510, 232
4769, 247, 486, 239
4770, 255, 501, 246
4771, 262, 522, 260
4772, 273, 554, 281
4773, 293, 578, 285
4774, 295, 583, 288
4775, 310, 580, 270
4776, 291, 531, 240
4777, 259, 494, 235
4778, 248, 464, 216
4779, 229, 436, 207
4780, 227, 454, 227
4781, 253, 509, 256
4782, 283, 562, 279
4783, 303, 598, 295
4784, 314, 607, 293
4785, 300, 528, 228
4786, 255, 495, 240
4787, 263, 502, 239
4788, 255, 497, 242
4789, 259, 517, 258
4790, 276, 547, 271
4791, 284, 557, 273
4792, 291, 580, 289
4793, 299, 547, 248
4794, 263, 506, 243
4795, 259, 514, 255
4796, 271, 532, 261
4797, 274, 541, 267
4798, 281, 549, 268
4799, 281, 528, 247
4800, 266, 526, 260
4801, 278, 514, 236
4802, 258, 493, 235
4803, 256, 524, 268
4804, 280, 523, 243
4805, 264, 519, 255
4806, 278, 554, 276
4807, 292, 551, 259
4808, 271, 500, 229
4809, 247, 469, 222
4810, 233, 457, 224
4811, 245, 497, 252
4812, 274, 531, 257
4813, 272, 520, 248
4814, 278, 506, 228
4815, 243, 464, 221
4816, 248, 461, 213
4817, 236, 465, 229
4818, 253, 483, 230
4819, 249, 485, 236
4820, 259, 531, 272
4821, 296, 552, 256
4822, 273, 533, 260
4823, 273, 531, 258
4824, 277, 548, 271
4825, 287, 566, 279
4826, 300, 571, 271
4827, 289, 543, 254
4828, 272, 509, 237
4829, 255, 505, 250
4830, 267, 515, 248
4831, 266, 531, 265
4832, 282, 561, 279
4833, 296, 589, 293
4834, 306, 602, 296
4835, 311, 581, 270
4836, 281, 540, 259
4837, 274, 528, 254
4838, 268, 528, 260
4839, 277, 521, 244
4840, 258, 507, 249
4841, 265, 507, 242
4842, 257, 496, 239
4843, 253, 460, 207
4844, 234, 460, 226
4845, 242, 468, 226
4846, 239, 463, 224
4847, 254, 510, 256
4848, 271, 539, 268
4849, 286, 546, 260
4850, 286, 534, 248
4851, 264, 496, 232
4852, 246, 441, 195
4853, 210, 426, 216
4854, 238, 446, 208
4855, 223, 432, 209
4856, 226, 446, 220
4857, 244, 484, 240
4858, 261, 526, 265
4859, 283, 567, 284
4860, 305, 585, 280
4861, 299, 553, 254
4862, 270, 527, 257
4863, 272, 471, 199
4864, 220, 401, 181
4865, 199, 406, 207
4866, 227, 462, 235
4867, 257, 530, 273
4868, 288, 580, 292
4869, 311, 626, 315
4870, 339, 644, 305
4871, 320, 563, 243
4872, 265, 475, 210
4873, 223, 416, 193
4874, 209, 422, 213
4875, 234, 490, 256
4876, 270, 555, 285
4877, 301, 624, 323
4878, 336, 673, 337
4879, 357, 664, 307
4880, 314, 590, 276
4881, 284, 523, 239
4882, 253, 484, 231
4883, 241, 476, 235
4884, 248, 523, 275
4885, 293, 587, 294
4886, 309, 611, 302
4887, 318, 595, 277
4888, 289, 540, 251
4889, 268, 478, 210
4890, 230, 416, 186
4891, 203, 377, 174
4892, 187, 368, 181
4893, 202, 412, 210
4894, 234, 493, 259
4895, 280, 572, 292
4896, 311, 618, 307
4897, 326, 648, 322
4898, 338, 626, 288
4899, 303, 522, 219
4900, 234, 422, 188
4901, 199, 391, 192
4902, 228, 459, 231
4903, 244, 487, 243
4904, 260, 543, 283
4905, 307, 608, 301
4906, 317, 615, 298
4907, 309, 587, 278
4908, 301, 559, 258
4909, 264, 462, 198
4910, 213, 424, 211
4911, 229, 458, 229
4912, 245, 507, 262
4913, 280, 582, 302
4914, 319, 616, 297
4915, 317, 608, 291
4916, 301, 576, 275
4917, 292, 532, 240
4918, 251, 453, 202
4919, 217, 422, 205
4920, 218, 424, 206
4921, 225, 451, 226
4922, 254, 514, 260
4923, 274, 535, 261
4924, 292, 582, 290
4925, 309, 600, 291
4926, 303, 529, 226
4927, 240, 430, 190
4928, 204, 386, 182
4929, 204, 384, 180
4930, 194, 397, 203
4931, 220, 445, 225
4932, 241, 490, 249
4933, 288, 559, 271
4934, 288, 530, 242
4935, 255, 499, 244
4936, 263, 474, 211
4937, 232, 467, 235
4938, 257, 487, 230
4939, 247, 497, 250
4940, 264, 529, 265
4941, 287, 567, 280
4942, 297, 578, 281
4943, 295, 554, 259
4944, 274, 522, 248
4945, 268, 500, 232
4946, 249, 466, 217
4947, 233, 480, 247
4948, 269, 515, 246
4949, 262, 516, 254
4950, 271, 543, 272
4951, 287, 554, 267
4952, 286, 544, 258
4953, 270, 513, 243
4954, 262, 508, 246
4955, 269, 508, 239
4956, 254, 483, 229
4957, 243, 493, 250
4958, 265, 539, 274
4959, 296, 574, 278
4960, 289, 563, 274
4961, 296, 578, 282
4962, 301, 569, 268
4963, 278, 531, 253
4964, 266, 531, 265
4965, 281, 554, 273
4966, 284, 511, 227
4967, 243, 480, 237
4968, 244, 475, 231
4969, 249, 481, 232
4970, 254, 496, 242
4971, 260, 519, 259
4972, 272, 538, 266
4973, 279, 530, 251
4974, 269, 526, 257
4975, 270, 515, 245
4976, 262, 494, 232
4977, 248, 474, 226
4978, 239, 470, 231
4979, 249, 477, 228
4980, 242, 479, 237
4981, 254, 510, 256
4982, 277, 530, 253
4983, 283, 531, 248
4984, 266, 483, 217
4985, 234, 431, 197
4986, 212, 398, 186
4987, 203, 406, 203
4988, 224, 443, 219
4989, 241, 472, 231
4990, 254, 489, 235
4991, 262, 510, 248
4992, 262, 503, 241
4993, 268, 540, 272
4994, 287, 543, 256
4995, 272, 525, 253
4996, 269, 509, 240
4997, 255, 504, 249
4998, 267, 508, 241
4999, 256, 506, 250
5000, 270, 528, 258
5001, 275, 537, 262
5002, 279, 544, 265
5003, 287, 577, 290
5004, 312, 578, 266
5005, 279, 498, 219
5006, 232, 439, 207
5007, 229, 445, 216
5008, 231, 458, 227
5009, 238, 476, 238
5010, 257, 501, 244
5011, 258, 516, 258
5012, 285, 575, 290
5013, 304, 601, 297
5014, 314, 592, 278
5015, 296, 549, 253
5016, 265, 514, 249
5017, 265, 510, 245
5018, 256, 522, 266
5019, 273, 537, 264
5020, 285, 557, 272
5021, 285, 557, 272
5022, 291, 555, 264
5023, 278, 504, 226
5024, 234, 461, 227
5025, 248, 473, 225
5026, 240, 455, 215
5027, 231, 456, 225
5028, 242, 465, 223
5029, 236, 469, 233
5030, 252, 475, 223
5031, 234, 455, 221
5032, 239, 448, 209
5033, 237, 434, 197
5034, 216, 411, 195
5035, 220, 423, 203
5036, 224, 433, 209
5037, 232, 456, 224
5038, 246, 467, 221
5039, 242, 488, 246
5040, 272, 533, 261
5041, 284, 551, 267
5042, 297, 577, 280
5043, 297, 572, 275
5044, 293, 554, 261
5045, 276, 541, 265
5046, 281, 533, 252
5047, 268, 514, 246
5048, 259, 516, 257
5049, 269, 522, 253
5050, 276, 522, 246
5051, 261, 468, 207
5052, 226, 425, 199
5053, 219, 398, 179
5054, 199, 374, 175
5055, 198, 379, 181
5056, 212, 414, 202
5057, 232, 454, 222
5058, 251, 500, 249
5059, 275, 538, 263
5060, 277, 519, 242
5061, 254, 479, 225
5062, 250, 487, 237
5063, 252, 496, 244
5064, 277, 524, 247
5065, 270, 503, 233
5066, 246, 483, 237
5067, 251, 482, 231
5068, 249, 526, 277
5069, 292, 590, 298
5070, 305, 566, 261
5071, 277, 530, 253
5072, 268, 520, 252
5073, 271, 541, 270
5074, 285, 549, 264
5075, 277, 540, 263
5076, 278, 550, 272
5077, 291, 581, 290
5078, 306, 604, 298
5079, 313, 580, 267
5080, 280, 528, 248
5081, 270, 524, 254
5082, 269, 502, 233
5083, 252, 465, 213
5084, 230, 462, 232
5085, 248, 488, 240
5086, 258, 507, 249
5087, 267, 520, 253
5088, 271, 537, 266
5089, 283, 565, 282
5090, 299, 557, 258
5091, 271, 524, 253
5092, 273, 502, 229
5093, 252, 481, 229
5094, 245, 475, 230
5095, 246, 501, 255
5096, 271, 523, 252
5097, 264, 522, 258
5098, 272, 565, 293
5099, 314, 621, 307
5100, 330, 645, 315
5101, 330, 617, 287
5102, 295, 564, 269
5103, 286, 576, 290
5104, 298, 594, 296
5105, 309, 593, 284
5106, 298, 584, 286
5107, 302, 598, 296
5108, 313, 607, 294
5109, 308, 611, 303
5110, 313, 605, 292
5111, 305, 602, 297
5112, 308, 629, 321
5113, 331, 650, 319
5114, 336, 652, 316
5115, 328, 642, 314
5116, 325, 626, 301
5117, 307, 622, 315
5118, 330, 643, 313
5119, 322, 629, 307
5120, 318, 628, 310
5121, 323, 633, 310
5122, 327, 628, 301
5123, 310, 611, 301
5124, 314, 617, 303
5125, 310, 605, 295
5126, 305, 591, 286
5127, 298, 575, 277
5128, 296, 589, 293
5129, 309, 573, 264
5130, 280, 526, 246
5131, 266, 508, 242
5132, 263, 506, 243
5133, 258, 493, 235
5134, 249, 453, 204
5135, 221, 419, 198
5136, 216, 433, 217
5137, 240, 472, 232
5138, 251, 483, 232
5139, 252, 509, 257
5140, 275, 559, 284
5141, 306, 607, 301
5142, 311, 563, 252
5143, 268, 497, 229
5144, 249, 494, 245
5145, 265, 510, 245
5146, 256, 481, 225
5147, 249, 510, 261
5148, 280, 544, 264
5149, 288, 553, 265
5150, 283, 540, 257
5151, 280, 533, 253
5152, 267, 520, 253
5153, 269, 495, 226
5154, 236, 444, 208
5155, 223, 432, 209
5156, 233, 472, 239
5157, 259, 474, 215
5158, 239, 469, 230
5159, 248, 490, 242
5160, 263, 499, 236
5161, 259, 459, 200
5162, 227, 409, 182
5163, 210, 385, 175
5164, 202, 375, 173
5165, 202, 387, 185
5166, 207, 417, 210
5167, 228, 461, 233
5168, 265, 545, 280
5169, 298, 580, 282
5170, 299, 570, 271
5171, 291, 564, 273
5172, 294, 550, 256
5173, 270, 538, 268
5174, 285, 564, 279
5175, 298, 577, 279
5176, 300, 567, 267
5177, 275, 540, 265
5178, 282, 532, 250
5179, 265, 478, 213
5180, 229, 432, 203
5181, 215, 422, 207
5182, 230, 416, 186
5183, 206, 381, 175
5184, 209, 391, 182
5185, 204, 390, 186
5186, 217, 409, 192
5187, 219, 425, 206
5188, 225, 425, 200
5189, 226, 467, 241
5190, 265, 538, 273
5191, 294, 535, 241
5192, 259, 486, 227
5193, 246, 452, 206
5194, 224, 418, 194
5195, 205, 405, 200
5196, 219, 430, 211
5197, 236, 458, 222
5198, 248, 500, 252
5199, 278, 537, 259
5200, 276, 523, 247
5201, 273, 498, 225
5202, 243, 475, 232
5203, 255, 498, 243
5204, 256, 520, 264
5205, 285, 548, 263
5206, 276, 539, 263
5207, 272, 545, 273
5208, 296, 582, 286
5209, 309, 579, 270
5210, 284, 528, 244
5211, 257, 500, 243
5212, 260, 533, 273
5213, 289, 574, 285
5214, 299, 615, 316
5215, 333, 660, 327
5216, 337, 647, 310
5217, 328, 623, 295
5218, 314, 589, 275
5219, 284, 545, 261
5220, 279, 562, 283
5221, 297, 579, 282
5222, 303, 626, 323
5223, 333, 635, 302
5224, 318, 617, 299
5225, 317, 590, 273
5226, 285, 543, 258
5227, 269, 527, 258
5228, 275, 515, 240
5229, 263, 525, 262
5230, 285, 567, 282
5231, 295, 540, 245
5232, 266, 517, 251
5233, 272, 508, 236
5234, 246, 481, 235
5235, 251, 495, 244
5236, 264, 519, 255
5237, 278, 544, 266
5238, 286, 551, 265
5239, 284, 548, 264
5240, 280, 518, 238
5241, 249, 476, 227
5242, 242, 450, 208
5243, 224, 438, 214
5244, 235, 462, 227
5245, 243, 488, 245
5246, 269, 540, 271
5247, 291, 545, 254
5248, 277, 501, 224
5249, 243, 458, 215
5250, 233, 433, 200
5251, 219, 433, 214
5252, 238, 485, 247
5253, 265, 503, 238
5254, 268, 528, 260
5255, 280, 544, 264
5256, 291, 582, 291
5257, 310, 570, 260
5258, 282, 507, 225
5259, 245, 462, 217
5260, 238, 450, 212
5261, 234, 465, 231
5262, 251, 465, 214
5263, 226, 444, 218
5264, 239, 493, 254
5265, 278, 550, 272
5266, 294, 579, 285
5267, 305, 568, 263
5268, 279, 514, 235
5269, 251, 490, 239
5270, 259, 490, 231
5271, 253, 492, 239
5272, 258, 485, 227
5273, 251, 487, 236
5274, 255, 499, 244
5275, 260, 512, 252
5276, 272, 493, 221
5277, 244, 434, 190
5278, 211, 384, 173
5279, 196, 360, 164
5280, 189, 365, 176
5281, 197, 390, 193
5282, 220, 453, 233
5283, 247, 506, 259
5284, 291, 556, 265
5285, 290, 565, 275
5286, 299, 537, 238
5287, 262, 508, 246
5288, 260, 509, 249
5289, 264, 515, 251
5290, 266, 523, 257
5291, 272, 545, 273
5292, 290, 572, 282
5293, 299, 576, 277
5294, 299, 558, 259
5295, 273, 501, 228
5296, 243, 463, 220
5297, 237, 451, 214
5298, 241, 445, 204
5299, 225, 394, 169
5300, 193, 403, 210
5301, 238, 471, 233
5302, 253, 504, 251
5303, 271, 500, 229
5304, 248, 483, 235
5305, 259, 494, 235
5306, 248, 459, 211
5307, 227, 422, 195
5308, 214, 396, 182
5309, 207, 412, 205
5310, 224, 442, 218
5311, 235, 486, 251
5312, 278, 544, 266
5313, 286, 577, 291
5314, 314, 595, 281
5315, 304, 561, 257
5316, 275, 492, 217
5317, 229, 412, 183
5318, 205, 400, 195
5319, 217, 428, 211
5320, 226, 471, 245
5321, 268, 520, 252
5322, 279, 537, 258
5323, 289, 554, 265
5324, 291, 601, 310
5325, 322, 589, 267
5326, 278, 507, 229
5327, 250, 453, 203
5328, 220, 405, 185
5329, 201, 417, 216
5330, 236, 476, 240
5331, 261, 488, 227
5332, 249, 493, 244
5333, 261, 510, 249
5334, 279, 563, 284
5335, 300, 595, 295
5336, 313, 564, 251
5337, 271, 516, 245
5338, 265, 520, 255
5339, 274, 557, 283
5340, 305, 576, 271
5341, 291, 572, 281
5342, 299, 603, 304
5343, 317, 654, 337
5344, 345, 624, 279
5345, 292, 531, 239
5346, 253, 483, 230
5347, 247, 495, 248
5348, 261, 497, 236
5349, 254, 498, 244
5350, 260, 530, 270
5351, 294, 597, 303
5352, 324, 592, 268
5353, 277, 516, 239
5354, 261, 485, 224
5355, 248, 458, 210
5356, 231, 445, 214
5357, 224, 451, 227
5358, 253, 485, 232
5359, 255, 493, 238
5360, 261, 518, 257
5361, 278, 537, 259
5362, 277, 513, 236
5363, 249, 469, 220
5364, 240, 464, 224
5365, 244, 433, 189
5366, 209, 422, 213
5367, 225, 454, 229
5368, 250, 478, 228
5369, 256, 496, 240
5370, 259, 520, 261
5371, 272, 529, 257
5372, 269, 532, 263
5373, 281, 533, 252
5374, 281, 509, 228
5375, 253, 466, 213
5376, 234, 465, 231
5377, 246, 478, 232
5378, 257, 485, 228
5379, 242, 489, 247
5380, 271, 542, 271
5381, 290, 571, 281
5382, 297, 538, 241
5383, 266, 478, 212
5384, 230, 407, 177
5385, 205, 395, 190
5386, 208, 412, 204
5387, 228, 458, 230
5388, 243, 456, 213
5389, 235, 461, 226
5390, 249, 487, 238
5391, 262, 490, 228
5392, 257, 500, 243
5393, 263, 500, 237
5394, 263, 495, 232
5395, 246, 478, 232
5396, 253, 501, 248
5397, 263, 531, 268
5398, 288, 580, 292
5399, 308, 592, 284
5400, 297, 555, 258
5401, 269, 519, 250
5402, 263, 530, 267
5403, 281, 538, 257
5404, 273, 545, 272
5405, 290, 572, 282
5406, 297, 605, 308
5407, 326, 616, 290
5408, 307, 570, 263
5409, 284, 537, 253
5410, 266, 513, 247
5411, 261, 474, 213
5412, 233, 473, 240
5413, 255, 511, 256
5414, 274, 564, 290
5415, 309, 644, 335
5416, 346, 625, 279
5417, 289, 548, 259
5418, 276, 507, 231
5419, 249, 463, 214
5420, 231, 423, 192
5421, 209, 422, 213
5422, 235, 473, 238
5423, 269, 547, 278
5424, 300, 620, 320
5425, 336, 672, 336
5426, 353, 681, 328
5427, 343, 616, 273
5428, 288, 548, 260
5429, 273, 488, 215
5430, 225, 450, 225
5431, 240, 480, 240
5432, 262, 550, 288
5433, 316, 608, 292
5434, 318, 604, 286
5435, 299, 584, 285
5436, 290, 554, 264
5437, 283, 550, 267
5438, 279, 515, 236
5439, 254, 498, 244
5440, 259, 504, 245
5441, 266, 537, 271
5442, 295, 579, 284
5443, 311, 566, 255
5444, 269, 497, 228
5445, 246, 480, 234
5446, 250, 448, 198
5447, 219, 409, 190
5448, 207, 386, 179
5449, 203, 408, 205
5450, 234, 462, 228
5451, 249, 485, 236
5452, 262, 523, 261
5453, 287, 565, 278
5454, 302, 604, 302
5455, 313, 586, 273
5456, 288, 525, 237
5457, 252, 469, 217
5458, 234, 464, 230
5459, 250, 488, 238
5460, 254, 499, 245
5461, 262, 530, 268
5462, 294, 572, 278
5463, 292, 579, 287
5464, 305, 587, 282
5465, 309, 571, 262
5466, 274, 497, 223
5467, 242, 446, 204
5468, 217, 417, 200
5469, 220, 448, 228
5470, 251, 502, 251
5471, 267, 486, 219
5472, 242, 483, 241
5473, 262, 537, 275
5474, 295, 551, 256
5475, 273, 500, 227
5476, 244, 456, 212
5477, 226, 421, 195
5478, 221, 447, 226
5479, 254, 513, 259
5480, 281, 538, 257
5481, 276, 533, 257
5482, 277, 535, 258
5483, 274, 519, 245
5484, 265, 524, 259
5485, 284, 566, 282
5486, 306, 584, 278
5487, 300, 550, 250
5488, 277, 554, 277
5489, 290, 556, 266
5490, 279, 537, 258
5491, 271, 525, 254
5492, 267, 544, 277
5493, 292, 555, 263
5494, 284, 552, 268
5495, 281, 527, 246
5496, 267, 491, 224
5497, 244, 485, 241
5498, 262, 503, 241
5499, 251, 489, 238
5500, 265, 543, 278
5501, 305, 586, 281
5502, 301, 556, 255
5503, 275, 530, 255
5504, 275, 528, 253
5505, 271, 495, 224
5506, 241, 473, 232
5507, 249, 481, 232
5508, 249, 498, 249
5509, 275, 531, 256
5510, 268, 535, 267
5511, 289, 549, 260
5512, 283, 547, 264
5513, 277, 533, 256
5514, 271, 526, 255
5515, 276, 546, 270
5516, 286, 540, 254
5517, 275, 514, 239
5518, 256, 491, 235
5519, 251, 493, 242
5520, 256, 502, 246
5521, 271, 527, 256
5522, 270, 525, 255
5523, 269, 491, 222
5524, 249, 487, 238
5525, 256, 501, 245
5526, 270, 505, 235
5527, 249, 473, 224
5528, 245, 483, 238
5529, 260, 509, 249
5530, 270, 537, 267
5531, 290, 550, 260
5532, 276, 539, 263
5533, 283, 579, 296
5534, 311, 609, 298
5535, 311, 592, 281
5536, 296, 572, 276
5537, 292, 548, 256
5538, 273, 525, 252
5539, 264, 516, 252
5540, 266, 526, 260
5541, 275, 544, 269
5542, 287, 585, 298
5543, 315, 642, 327
5544, 347, 644, 297
5545, 312, 603, 291
5546, 305, 588, 283
5547, 294, 565, 271
5548, 288, 551, 263
5549, 283, 553, 270
5550, 283, 565, 282
5551, 297, 587, 290
5552, 300, 582, 282
5553, 295, 548, 253
5554, 264, 500, 236
5555, 250, 491, 241
5556, 261, 488, 227
5557, 246, 449, 203
5558, 217, 417, 200
5559, 224, 432, 208
5560, 230, 448, 218
5561, 234, 470, 236
5562, 254, 490, 236
5563, 261, 538, 277
5564, 299, 565, 266
5565, 285, 554, 269
5566, 279, 539, 260
5567, 274, 533, 259
5568, 272, 521, 249
5569, 264, 499, 235
5570, 247, 487, 240
5571, 258, 523, 265
5572, 289, 561, 272
5573, 285, 523, 238
5574, 257, 522, 265
5575, 282, 550, 268
5576, 284, 557, 273
5577, 291, 572, 281
5578, 302, 582, 280
5579, 296, 556, 260
5580, 279, 548, 269
5581, 280, 536, 256
5582, 271, 498, 227
5583, 244, 474, 230
5584, 249, 474, 225
5585, 241, 457, 216
5586, 236, 468, 232
5587, 250, 453, 203
5588, 221, 418, 197
5589, 213, 416, 203
5590, 232, 461, 229
5591, 251, 475, 224
5592, 252, 490, 238
5593, 265, 511, 246
5594, 267, 526, 259
5595, 278, 559, 281
5596, 291, 562, 271
5597, 287, 525, 238
5598, 266, 509, 243
5599, 265, 516, 251
5600, 265, 518, 253
5601, 271, 496, 225
5602, 239, 477, 238
5603, 254, 520, 266
5604, 281, 534, 253
5605, 274, 538, 264
5606, 283, 508, 225
5607, 248, 464, 216
5608, 232, 431, 199
5609, 220, 447, 227
5610, 245, 509, 264
5611, 288, 522, 234
5612, 251, 507, 256
5613, 268, 540, 272
5614, 285, 560, 275
5615, 294, 578, 284
5616, 296, 590, 294
5617, 308, 622, 314
5618, 330, 638, 308
5619, 327, 575, 248
5620, 264, 472, 208
5621, 225, 447, 222
5622, 244, 476, 232
5623, 253, 501, 248
5624, 272, 553, 281
5625, 305, 621, 316
5626, 333, 658, 325
5627, 341, 627, 286
5628, 297, 553, 256
5629, 270, 520, 250
5630, 272, 503, 231
5631, 245, 466, 221
5632, 233, 481, 248
5633, 271, 564, 293
5634, 312, 631, 319
5635, 332, 639, 307
5636, 319, 618, 299
5637, 317, 577, 260
5638, 269, 521, 252
5639, 272, 540, 268
5640, 283, 547, 264
5641, 276, 552, 276
5642, 289, 582, 293
5643, 309, 586, 277
5644, 291, 574, 283
5645, 297, 559, 262
5646, 277, 507, 230
5647, 253, 481, 228
5648, 258, 494, 236
5649, 258, 483, 225
5650, 253, 492, 239
5651, 256, 487, 231
5652, 252, 477, 225
5653, 245, 477, 232
5654, 255, 513, 258
5655, 274, 529, 255
5656, 276, 538, 262
5657, 281, 547, 266
5658, 285, 536, 251
5659, 265, 518, 253
5660, 273, 530, 257
5661, 273, 524, 251
5662, 270, 551, 281
5663, 304, 589, 285
5664, 302, 578, 276
5665, 293, 565, 272
5666, 289, 575, 286
5667, 300, 565, 265
5668, 276, 539, 263
5669, 278, 568, 290
5670, 309, 610, 301
5671, 317, 601, 284
5672, 302, 590, 288
5673, 304, 565, 261
5674, 279, 534, 255
5675, 275, 565, 290
5676, 309, 603, 294
5677, 306, 575, 269
5678, 287, 557, 270
5679, 285, 564, 279
5680, 294, 577, 283
5681, 297, 577, 280
5682, 294, 565, 271
5683, 285, 557, 272
5684, 280, 555, 275
5685, 295, 573, 278
5686, 298, 568, 270
5687, 289, 547, 258
5688, 273, 537, 264
5689, 277, 537, 260
5690, 274, 550, 276
5691, 297, 574, 277
5692, 295, 569, 274
5693, 299, 554, 255
5694, 275, 527, 252
5695, 266, 504, 238
5696, 258, 496, 238
5697, 254, 499, 245
5698, 264, 527, 263
5699, 279, 509, 230
5700, 245, 483, 238
5701, 262, 503, 241
5702, 263, 471, 208
5703, 226, 434, 208
5704, 225, 396, 171
5705, 194, 360, 166
5706, 195, 366, 171
5707, 185, 354, 169
5708, 188, 363, 175
5709, 206, 393, 187
5710, 215, 419, 204
5711, 228, 447, 219
5712, 244, 498, 254
5713, 277, 506, 229
5714, 257, 477, 220
5715, 242, 447, 205
5716, 233, 413, 180
5717, 209, 378, 169
5718, 189, 345, 156
5719, 193, 354, 161
5720, 192, 386, 194
5721, 221, 438, 217
5722, 241, 478, 237
5723, 263, 500, 237
5724, 258, 469, 211
5725, 229, 467, 238
5726, 259, 512, 253
5727, 277, 537, 260
5728, 272, 529, 257
5729, 268, 534, 266
5730, 282, 540, 258
5731, 269, 535, 266
5732, 287, 533, 246
5733, 270, 502, 232
5734, 257, 496, 239
5735, 259, 516, 257
5736, 271, 522, 251
5737, 272, 558, 286
5738, 308, 606, 298
5739, 314, 601, 287
5740, 303, 577, 274
5741, 292, 524, 232
5742, 249, 472, 223
5743, 232, 451, 219
5744, 234, 468, 234
5745, 250, 499, 249
5746, 282, 557, 275
5747, 292, 567, 275
5748, 289, 570, 281
5749, 300, 564, 264
5750, 284, 550, 266
5751, 286, 539, 253
5752, 263, 480, 217
5753, 234, 454, 220
5754, 232, 449, 217
5755, 244, 473, 229
5756, 243, 449, 206
5757, 221, 433, 212
5758, 235, 455, 220
5759, 243, 471, 228
5760, 239, 510, 271
5761, 287, 566, 279
5762, 296, 558, 262
5763, 277, 531, 254
5764, 274, 509, 235
5765, 251, 436, 185
5766, 204, 383, 179
5767, 202, 414, 212
5768, 231, 467, 236
5769, 267, 538, 271
5770, 299, 593, 294
5771, 309, 578, 269
5772, 287, 566, 279
5773, 295, 572, 277
5774, 290, 528, 238
5775, 250, 454, 204
5776, 221, 443, 222
5777, 246, 510, 264
5778, 286, 585, 299
5779, 312, 634, 322
5780, 344, 661, 317
5781, 332, 633, 301
5782, 308, 612, 304
5783, 318, 603, 285
5784, 294, 534, 240
5785, 257, 505, 248
5786, 262, 533, 271
5787, 286, 577, 291
5788, 305, 575, 270
5789, 292, 551, 259
5790, 273, 529, 256
5791, 271, 512, 241
5792, 265, 489, 224
5793, 244, 482, 238
5794, 255, 507, 252
5795, 278, 544, 266
5796, 287, 591, 304
5797, 320, 590, 270
5798, 286, 543, 257
5799, 274, 550, 276
5800, 285, 541, 256
5801, 278, 506, 228
5802, 251, 473, 222
5803, 233, 452, 219
5804, 241, 494, 253
5805, 274, 558, 284
5806, 306, 582, 276
5807, 291, 563, 272
5808, 282, 530, 248
5809, 262, 477, 215
5810, 230, 416, 186
5811, 204, 366, 162
5812, 183, 347, 164
5813, 191, 373, 182
5814, 209, 423, 214
5815, 232, 477, 245
5816, 274, 552, 278
5817, 301, 555, 254
5818, 268, 539, 271
5819, 294, 580, 286
5820, 303, 540, 237
5821, 252, 464, 212
5822, 234, 425, 191
5823, 212, 412, 200
5824, 222, 453, 231
5825, 256, 504, 248
5826, 268, 522, 254
5827, 274, 523, 249
5828, 265, 515, 250
5829, 270, 554, 284
5830, 301, 556, 255
5831, 275, 509, 234
5832, 256, 499, 243
5833, 263, 523, 260
5834, 281, 570, 289
5835, 309, 564, 255
5836, 268, 511, 243
5837, 259, 516, 257
5838, 283, 548, 265
5839, 283, 506, 223
5840, 242, 461, 219
5841, 240, 470, 230
5842, 252, 501, 249
5843, 268, 537, 269
5844, 292, 593, 301
5845, 314, 576, 262
5846, 273, 527, 254
5847, 268, 471, 203
5848, 226, 420, 194
5849, 217, 403, 186
5850, 212, 417, 205
5851, 227, 438, 211
5852, 233, 472, 239
5853, 273, 531, 258
5854, 281, 565, 284
5855, 305, 597, 292
5856, 304, 570, 266
5857, 287, 514, 227
5858, 244, 458, 214
5859, 232, 456, 224
5860, 243, 480, 237
5861, 255, 509, 254
5862, 270, 556, 286
5863, 306, 598, 292
5864, 305, 607, 302
5865, 320, 594, 274
5866, 292, 536, 244
5867, 256, 468, 212
5868, 229, 443, 214
5869, 234, 463, 229
5870, 247, 504, 257
5871, 275, 555, 280
5872, 300, 591, 291
5873, 308, 615, 307
5874, 320, 567, 247
5875, 263, 491, 228
5876, 243, 447, 204
5877, 221, 402, 181
5878, 198, 398, 200
5879, 228, 446, 218
5880, 243, 483, 240
5881, 268, 530, 262
5882, 286, 553, 267
5883, 293, 575, 282
5884, 295, 547, 252
5885, 273, 516, 243
5886, 259, 486, 227
5887, 242, 467, 225
5888, 247, 486, 239
5889, 253, 490, 237
5890, 254, 501, 247
5891, 268, 524, 256
5892, 268, 534, 266
5893, 278, 514, 236
5894, 263, 501, 238
5895, 253, 476, 223
5896, 241, 455, 214
5897, 224, 445, 221
5898, 242, 478, 236
5899, 257, 494, 237
5900, 255, 514, 259
5901, 272, 540, 268
5902, 287, 551, 264
5903, 284, 542, 258
5904, 268, 483, 215
5905, 236, 458, 222
5906, 231, 444, 213
5907, 232, 430, 198
5908, 218, 435, 217
5909, 237, 466, 229
5910, 252, 513, 261
5911, 283, 550, 267
5912, 286, 532, 246
5913, 267, 515, 248
5914, 263, 501, 238
5915, 257, 504, 247
5916, 268, 517, 249
5917, 265, 522, 257
5918, 275, 545, 270
5919, 286, 557, 271
5920, 292, 555, 263
5921, 285, 525, 240
5922, 258, 475, 217
5923, 240, 446, 206
5924, 228, 442, 214
5925, 244, 472, 228
5926, 249, 478, 229
5927, 253, 500, 247
5928, 267, 537, 270
5929, 287, 549, 262
5930, 281, 500, 219
5931, 244, 458, 214
5932, 232, 426, 194
5933, 213, 426, 213
5934, 230, 456, 226
5935, 249, 525, 276
5936, 292, 602, 310
5937, 334, 668, 334
5938, 349, 664, 315
5939, 330, 633, 303
5940, 314, 581, 267
5941, 274, 516, 242
5942, 259, 502, 243
5943, 252, 507, 255
5944, 270, 530, 260
5945, 280, 564, 284
5946, 305, 596, 291
5947, 312, 624, 312
5948, 331, 573, 242
5949, 253, 465, 212
5950, 228, 449, 221
5951, 241, 469, 228
5952, 252, 507, 255
5953, 280, 558, 278
5954, 298, 554, 256
5955, 271, 532, 261
5956, 273, 555, 282
5957, 296, 535, 239
5958, 255, 478, 223
5959, 241, 446, 205
5960, 225, 421, 196
5961, 223, 419, 196
5962, 211, 414, 203
5963, 225, 456, 231
5964, 249, 494, 245
5965, 259, 518, 259
5966, 284, 538, 254
5967, 278, 520, 242
5968, 266, 492, 226
5969, 243, 463, 220
5970, 244, 485, 241
5971, 263, 540, 277
5972, 293, 603, 310
5973, 326, 628, 302
5974, 323, 623, 300
5975, 315, 599, 284
5976, 296, 577, 281
5977, 292, 546, 254
5978, 269, 511, 242
5979, 263, 511, 248
5980, 268, 536, 268
5981, 287, 530, 243
5982, 257, 479, 222
5983, 243, 462, 219
5984, 233, 412, 179
5985, 205, 402, 197
5986, 221, 412, 191
5987, 211, 394, 183
5988, 204, 379, 175
5989, 203, 395, 192
5990, 219, 426, 207
5991, 233, 457, 224
5992, 242, 483, 241
5993, 262, 504, 242
5994, 263, 515, 252
5995, 270, 525, 255
5996, 276, 505, 229
5997, 258, 450, 192
5998, 208, 381, 173
5999, 198, 385, 187
6000, 198, 392, 194
6001, 213, 424, 211
6002, 233, 458, 225
6003, 246, 520, 274
6004, 299, 594, 295
6005, 318, 606, 288
6006, 304, 560, 256
6007, 275, 482, 207
6008, 238, 433, 195
6009, 206, 396, 190
6010, 215, 424, 209
6011, 233, 455, 222
6012, 245, 469, 224
6013, 244, 475, 231
6014, 256, 476, 220
6015, 242, 461, 219
6016, 239, 454, 215
6017, 232, 448, 216
6018, 247, 464, 217
6019, 231, 428, 197
6020, 225, 432, 207
6021, 229, 455, 226
6022, 253, 514, 261
6023, 277, 561, 284
6024, 296, 556, 260
6025, 271, 483, 212
6026, 225, 409, 184
6027, 203, 382, 179
6028, 198, 401, 203
6029, 231, 419, 188
6030, 211, 397, 186
6031, 209, 409, 200
6032, 217, 430, 213
6033, 239, 462, 223
6034, 254, 493, 239
6035, 273, 488, 215
6036, 236, 411, 175
6037, 197, 352, 155
6038, 180, 308, 128
6039, 149, 291, 142
6040, 161, 324, 163
6041, 189, 401, 212
6042, 242, 445, 203
6043, 235, 446, 211
6044, 237, 473, 236
6045, 268, 515, 247
6046, 267, 505, 238
6047, 259, 487, 228
6048, 255, 467, 212
6049, 224, 421, 197
6050, 223, 419, 196
6051, 210, 453, 243
6052, 268, 522, 254
6053, 270, 512, 242
6054, 262, 506, 244
6055, 262, 518, 256
6056, 277, 535, 258
6057, 271, 500, 229
6058, 253, 489, 236
6059, 258, 491, 233
6060, 242, 472, 230
6061, 245, 521, 276
6062, 293, 548, 255
6063, 279, 523, 244
6064, 270, 533, 263
6065, 282, 533, 251
6066, 265, 507, 242
6067, 257, 497, 240
6068, 249, 490, 241
6069, 259, 521, 262
6070, 279, 572, 293
6071, 302, 600, 298
6072, 315, 590, 275
6073, 285, 538, 253
6074, 274, 493, 219
6075, 234, 426, 192
6076, 209, 412, 203
6077, 218, 416, 198
6078, 214, 408, 194
6079, 220, 432, 212
6080, 228, 455, 227
6081, 256, 547, 291
6082, 313, 583, 270
6083, 285, 494, 209
6084, 228, 428, 200
6085, 222, 414, 192
6086, 216, 404, 188
6087, 214, 412, 198
6088, 225, 431, 206
6089, 232, 469, 237
6090, 263, 539, 276
6091, 295, 580, 285
6092, 306, 561, 255
6093, 275, 513, 238
6094, 250, 467, 217
6095, 241, 455, 214
6096, 226, 431, 205
6097, 225, 431, 206
6098, 226, 450, 224
6099, 245, 490, 245
6100, 269, 521, 252
6101, 268, 509, 241
6102, 256, 487, 231
6103, 248, 484, 236
6104, 255, 511, 256
6105, 278, 515, 237
6106, 253, 475, 222
6107, 239, 467, 228
6108, 251, 510, 259
6109, 275, 572, 297
6110, 318, 596, 278
6111, 288, 557, 269
6112, 281, 532, 251
6113, 268, 508, 240
6114, 255, 494, 239
6115, 254, 489, 235
6116, 256, 497, 241
6117, 252, 501, 249
6118, 263, 550, 287
6119, 302, 623, 321
6120, 338, 643, 305
6121, 329, 630, 301
6122, 317, 577, 260
6123, 270, 517, 247
6124, 260, 523, 263
6125, 287, 532, 245
6126, 258, 527, 269
6127, 294, 611, 317
6128, 329, 649, 320
6129, 331, 650, 319
6130, 332, 613, 281
6131, 295, 558, 263
6132, 273, 534, 261
6133, 277, 544, 267
6134, 285, 560, 275
6135, 292, 587, 295
6136, 308, 622, 314
6137, 329, 653, 324
6138, 339, 613, 274
6139, 284, 516, 232
6140, 242, 476, 234
6141, 246, 474, 228
6142, 247, 499, 252
6143, 274, 552, 278
6144, 301, 619, 318
6145, 341, 662, 321
6146, 339, 637, 298
6147, 306, 581, 275
6148, 285, 514, 229
6149, 242, 460, 218
6150, 235, 454, 219
6151, 235, 455, 220
6152, 238, 503, 265
6153, 282, 572, 290
6154, 313, 620, 307
6155, 327, 627, 300
6156, 313, 569, 256
6157, 266, 449, 183
6158, 192, 385, 193
6159, 213, 422, 209
6160, 225, 459, 234
6161, 258, 510, 252
6162, 277, 556, 279
6163, 296, 566, 270
6164, 286, 554, 268
6165, 286, 574, 288
6166, 305, 537, 232
6167, 255, 464, 209
6168, 224, 442, 218
6169, 239, 489, 250
6170, 282, 568, 286
6171, 302, 602, 300
6172, 326, 632, 306
6173, 325, 626, 301
6174, 319, 597, 278
6175, 291, 522, 231
6176, 240, 463, 223
6177, 240, 478, 238
6178, 253, 525, 272
6179, 285, 574, 289
6180, 306, 639, 333
6181, 350, 674, 324
6182, 335, 630, 295
6183, 315, 601, 286
6184, 301, 565, 264
6185, 279, 516, 237
6186, 253, 495, 242
6187, 265, 542, 277
6188, 296, 604, 308
6189, 333, 640, 307
6190, 316, 600, 284
6191, 295, 572, 277
6192, 290, 531, 241
6193, 250, 468, 218
6194, 238, 453, 215
6195, 236, 472, 236
6196, 258, 501, 243
6197, 265, 539, 274
6198, 296, 587, 291
6199, 305, 558, 253
6200, 274, 549, 275
6201, 296, 515, 219
6202, 230, 420, 190
6203, 206, 398, 192
6204, 206, 396, 190
6205, 221, 430, 209
6206, 232, 468, 236
6207, 251, 492, 241
6208, 258, 492, 234
6209, 259, 524, 265
6210, 281, 516, 235
6211, 250, 474, 224
6212, 241, 433, 192
6213, 207, 394, 187
6214, 202, 391, 189
6215, 212, 414, 202
6216, 227, 428, 201
6217, 222, 433, 211
6218, 234, 493, 259
6219, 277, 541, 264
6220, 283, 569, 286
6221, 309, 574, 265
6222, 286, 545, 259
6223, 267, 524, 257
6224, 277, 532, 255
6225, 279, 530, 251
6226, 269, 521, 252
6227, 268, 551, 283
6228, 296, 569, 273
6229, 290, 580, 290
6230, 302, 599, 297
6231, 310, 552, 242
6232, 258, 491, 233
6233, 248, 484, 236
6234, 253, 498, 245
6235, 254, 490, 236
6236, 254, 483, 229
6237, 246, 469, 223
6238, 246, 502, 256
6239, 273, 547, 274
6240, 291, 563, 272
6241, 294, 521, 227
6242, 240, 456, 216
6243, 232, 427, 195
6244, 210, 395, 185
6245, 207, 384, 177
6246, 199, 393, 194
6247, 217, 432, 215
6248, 242, 480, 238
6249, 259, 506, 247
6250, 269, 494, 225
6251, 237, 417, 180
6252, 201, 380, 179
6253, 207, 414, 207
6254, 228, 441, 213
6255, 241, 449, 208
6256, 226, 423, 197
6257, 220, 450, 230
6258, 250, 525, 275
6259, 299, 597, 298
6260, 316, 574, 258
6261, 276, 524, 248
6262, 265, 512, 247
6263, 267, 515, 248
6264, 257, 469, 212
6265, 236, 475, 239
6266, 266, 534, 268
6267, 283, 567, 284
6268, 305, 615, 310
6269, 327, 602, 275
6270, 289, 554, 265
6271, 282, 529, 247
6272, 269, 513, 244
6273, 260, 464, 204
6274, 217, 448, 231
6275, 249, 527, 278
6276, 293, 611, 318
6277, 341, 674, 333
6278, 346, 625, 279
6279, 291, 538, 247
6280, 256, 471, 215
6281, 226, 435, 209
6282, 228, 450, 222
6283, 243, 466, 223
6284, 245, 520, 275
6285, 293, 588, 295
6286, 314, 609, 295
6287, 318, 593, 275
6288, 291, 576, 285
6289, 297, 555, 258
6290, 270, 501, 231
6291, 251, 453, 202
6292, 217, 410, 193
6293, 213, 429, 216
6294, 228, 482, 254
6295, 285, 582, 297
6296, 307, 568, 261
6297, 276, 515, 239
6298, 263, 482, 219
6299, 236, 462, 226
6300, 240, 474, 234
6301, 250, 494, 244
6302, 263, 516, 253
6303, 278, 557, 279
6304, 297, 572, 275
6305, 293, 560, 267
6306, 291, 550, 259
6307, 278, 523, 245
6308, 262, 494, 232
6309, 253, 481, 228
6310, 240, 464, 224
6311, 244, 472, 228
6312, 245, 487, 242
6313, 268, 536, 268
6314, 281, 512, 231
6315, 254, 462, 208
6316, 222, 404, 182
6317, 201, 389, 188
6318, 210, 409, 199
6319, 219, 421, 202
6320, 227, 444, 217
6321, 244, 497, 253
6322, 274, 543, 269
6323, 284, 591, 307
6324, 322, 582, 260
6325, 269, 510, 241
6326, 256, 494, 238
6327, 259, 501, 242
6328, 259, 510, 251
6329, 268, 512, 244
6330, 263, 522, 259
6331, 276, 528, 252
6332, 262, 503, 241
6333, 256, 500, 244
6334, 263, 519, 256
6335, 271, 495, 224
6336, 244, 447, 203
6337, 231, 442, 211
6338, 227, 465, 238
6339, 257, 485, 228
6340, 258, 500, 242
6341, 260, 497, 237
6342, 265, 520, 255
6343, 281, 513, 232
6344, 244, 439, 195
6345, 221, 412, 191
6346, 209, 408, 199
6347, 218, 430, 212
6348, 237, 468, 231
6349, 256, 474, 218
6350, 237, 457, 220
6351, 243, 489, 246
6352, 270, 501, 231
6353, 252, 441, 189
6354, 210, 394, 184
6355, 220, 438, 218
6356, 239, 449, 210
6357, 237, 457, 220
6358, 240, 480, 240
6359, 264, 502, 238
6360, 263, 505, 242
6361, 269, 527, 258
6362, 274, 510, 236
6363, 253, 482, 229
6364, 251, 505, 254
6365, 278, 517, 239
6366, 261, 481, 220
6367, 235, 465, 230
6368, 252, 487, 235
6369, 251, 484, 233
6370, 258, 482, 224
6371, 243, 421, 178
6372, 202, 364, 162
6373, 184, 384, 200
6374, 221, 457, 236
6375, 257, 513, 256
6376, 273, 552, 279
6377, 302, 572, 270
6378, 290, 553, 263
6379, 273, 536, 263
6380, 279, 504, 225
6381, 240, 462, 222
6382, 237, 473, 236
6383, 256, 496, 240
6384, 261, 526, 265
6385, 280, 534, 254
6386, 272, 529, 257
6387, 272, 539, 267
6388, 289, 560, 271
6389, 286, 531, 245
6390, 257, 472, 215
6391, 234, 448, 214
6392, 229, 442, 213
6393, 231, 461, 230
6394, 246, 505, 259
6395, 282, 556, 274
6396, 293, 567, 274
6397, 290, 518, 228
6398, 247, 474, 227
6399, 253, 457, 204
6400, 220, 393, 173
6401, 195, 388, 193
6402, 222, 446, 224
6403, 250, 479, 229
6404, 261, 511, 250
6405, 280, 587, 307
6406, 324, 609, 285
6407, 307, 546, 239
6408, 258, 480, 222
6409, 250, 434, 184
6410, 203, 378, 175
6411, 193, 395, 202
6412, 219, 449, 230
6413, 263, 516, 253
6414, 271, 552, 281
6415, 305, 599, 294
6416, 312, 591, 279
6417, 294, 561, 267
6418, 277, 511, 234
6419, 246, 461, 215
6420, 230, 445, 215
6421, 229, 462, 233
6422, 250, 505, 255
6423, 271, 530, 259
6424, 285, 572, 287
6425, 302, 573, 271
6426, 286, 541, 255
6427, 270, 508, 238
6428, 261, 484, 223
6429, 239, 451, 212
6430, 232, 459, 227
6431, 252, 499, 247
6432, 264, 524, 260
6433, 280, 555, 275
6434, 296, 616, 320
6435, 337, 627, 290
6436, 312, 604, 292
6437, 303, 550, 247
6438, 262, 481, 219
6439, 235, 462, 227
6440, 240, 476, 236
6441, 249, 521, 272
6442, 282, 563, 281
6443, 305, 597, 292
6444, 304, 588, 284
6445, 305, 586, 281
6446, 301, 522, 221
6447, 242, 446, 204
6448, 223, 427, 204
6449, 217, 430, 213
6450, 230, 466, 236
6451, 254, 509, 255
6452, 276, 503, 227
6453, 244, 478, 234
6454, 253, 469, 216
6455, 234, 456, 222
6456, 237, 422, 185
6457, 202, 345, 143
6458, 170, 310, 140
6459, 165, 307, 142
6460, 176, 357, 181
6461, 199, 422, 223
6462, 249, 537, 288
6463, 312, 653, 341
6464, 358, 668, 310
6465, 322, 601, 279
6466, 295, 536, 241
6467, 250, 453, 203
6468, 218, 416, 198
6469, 213, 417, 204
6470, 225, 446, 221
6471, 251, 501, 250
6472, 268, 559, 291
6473, 316, 580, 264
6474, 283, 510, 227
6475, 249, 444, 195
6476, 217, 404, 187
6477, 203, 380, 177
6478, 194, 355, 161
6479, 189, 353, 164
6480, 184, 362, 178
6481, 203, 374, 171
6482, 201, 384, 183
6483, 210, 429, 219
6484, 246, 477, 231
6485, 259, 515, 256
6486, 281, 550, 269
6487, 293, 564, 271
6488, 288, 552, 264
6489, 284, 587, 303
6490, 323, 583, 260
6491, 275, 534, 259
6492, 278, 529, 251
6493, 271, 494, 223
6494, 242, 475, 233
6495, 248, 489, 241
6496, 253, 502, 249
6497, 269, 527, 258
6498, 275, 529, 254
6499, 276, 521, 245
6500, 265, 504, 239
6501, 260, 529, 269
6502, 287, 554, 267
6503, 282, 525, 243
6504, 261, 497, 236
6505, 253, 506, 253
6506, 268, 526, 258
6507, 272, 524, 252
6508, 267, 471, 204
6509, 233, 418, 185
6510, 205, 387, 182
6511, 199, 392, 193
6512, 211, 427, 216
6513, 241, 505, 264
6514, 284, 575, 291
6515, 315, 590, 275
6516, 289, 582, 293
6517, 316, 607, 291
6518, 304, 558, 254
6519, 268, 503, 235
6520, 244, 482, 238
6521, 255, 521, 266
6522, 280, 566, 286
6523, 307, 632, 325
6524, 347, 670, 323
6525, 337, 646, 309
6526, 326, 600, 274
6527, 292, 549, 257
6528, 265, 510, 245
6529, 260, 510, 250
6530, 262, 525, 263
6531, 283, 581, 298
6532, 309, 621, 312
6533, 323, 585, 262
6534, 282, 532, 250
6535, 257, 445, 188
6536, 205, 386, 181
6537, 209, 397, 188
6538, 206, 410, 204
6539, 227, 432, 205
6540, 221, 455, 234
6541, 268, 528, 260
6542, 277, 522, 245
6543, 267, 522, 255
6544, 278, 515, 237
6545, 252, 453, 201
6546, 219, 402, 183
6547, 203, 398, 195
6548, 215, 410, 195
6549, 218, 438, 220
6550, 249, 502, 253
6551, 279, 536, 257
6552, 279, 553, 274
6553, 296, 589, 293
6554, 311, 578, 267
6555, 284, 546, 262
6556, 284, 536, 252
6557, 272, 508, 236
6558, 252, 479, 227
6559, 239, 456, 217
6560, 240, 473, 233
6561, 255, 508, 253
6562, 266, 539, 273
6563, 289, 550, 261
6564, 279, 527, 248
6565, 265, 471, 206
6566, 221, 400, 179
6567, 195, 381, 186
6568, 207, 393, 186
6569, 207, 392, 185
6570, 210, 394, 184
6571, 210, 421, 211
6572, 243, 506, 263
6573, 286, 542, 256
6574, 273, 529, 256
6575, 277, 525, 248
6576, 269, 506, 237
6577, 253, 466, 213
6578, 234, 440, 206
6579, 226, 449, 223
6580, 248, 488, 240
6581, 265, 541, 276
6582, 294, 599, 305
6583, 323, 619, 296
6584, 313, 592, 279
6585, 293, 562, 269
6586, 276, 530, 254
6587, 266, 513, 247
6588, 258, 495, 237
6589, 253, 511, 258
6590, 276, 576, 300
6591, 315, 630, 315
6592, 332, 620, 288
6593, 298, 572, 274
6594, 291, 569, 278
6595, 294, 609, 315
6596, 323, 629, 306
6597, 324, 620, 296
6598, 305, 582, 277
6599, 289, 579, 290
6600, 304, 556, 252
6601, 261, 497, 236
6602, 248, 484, 236
6603, 248, 490, 242
6604, 259, 496, 237
6605, 252, 493, 241
6606, 256, 522, 266
6607, 280, 537, 257
6608, 274, 535, 261
6609, 275, 537, 262
6610, 283, 549, 266
6611, 287, 532, 245
6612, 260, 505, 245
6613, 268, 519, 251
6614, 266, 520, 254
6615, 271, 547, 276
6616, 290, 554, 264
6617, 287, 552, 265
6618, 276, 535, 259
6619, 275, 497, 222
6620, 234, 454, 220
6621, 242, 471, 229
6622, 245, 494, 249
6623, 269, 542, 273
6624, 290, 553, 263
6625, 279, 515, 236
6626, 256, 513, 257
6627, 266, 545, 279
6628, 294, 585, 291
6629, 307, 578, 271
6630, 299, 599, 300
6631, 314, 608, 294
6632, 308, 584, 276
6633, 287, 576, 289
6634, 297, 591, 294
6635, 305, 592, 287
6636, 301, 595, 294
6637, 312, 571, 259
6638, 285, 543, 258
6639, 278, 541, 263
6640, 276, 547, 271
6641, 288, 561, 273
6642, 296, 593, 297
6643, 316, 596, 280
6644, 297, 586, 289
6645, 302, 557, 255
6646, 266, 493, 227
6647, 246, 477, 231
6648, 253, 493, 240
6649, 256, 485, 229
6650, 241, 488, 247
6651, 265, 515, 250
6652, 271, 497, 226
6653, 241, 467, 226
6654, 249, 489, 240
6655, 261, 474, 213
6656, 236, 439, 203
6657, 217, 421, 204
6658, 227, 441, 214
6659, 239, 449, 210
6660, 229, 453, 224
6661, 244, 485, 241
6662, 258, 469, 211
6663, 233, 440, 207
6664, 230, 455, 225
6665, 246, 448, 202
6666, 222, 407, 185
6667, 204, 385, 181
6668, 211, 403, 192
6669, 221, 416, 195
6670, 225, 413, 188
6671, 219, 417, 198
6672, 226, 432, 206
6673, 227, 437, 210
6674, 238, 473, 235
6675, 250, 471, 221
6676, 248, 460, 212
6677, 234, 440, 206
6678, 232, 443, 211
6679, 233, 462, 229
6680, 253, 483, 230
6681, 244, 452, 208
6682, 229, 446, 217
6683, 238, 440, 202
6684, 229, 396, 167
6685, 191, 377, 186
6686, 206, 417, 211
6687, 236, 454, 218
6688, 247, 461, 214
6689, 232, 450, 218
6690, 247, 494, 247
6691, 267, 528, 261
6692, 278, 535, 257
6693, 272, 523, 251
6694, 268, 494, 226
6695, 249, 441, 192
6696, 208, 393, 185
6697, 207, 417, 210
6698, 225, 456, 231
6699, 253, 482, 229
6700, 258, 501, 243
6701, 266, 514, 248
6702, 263, 508, 245
6703, 265, 550, 285
6704, 310, 584, 274
6705, 293, 540, 247
6706, 267, 484, 217
6707, 240, 451, 211
6708, 226, 461, 235
6709, 250, 469, 219
6710, 236, 467, 231
6711, 251, 502, 251
6712, 278, 528, 250
6713, 270, 511, 241
6714, 261, 499, 238
6715, 258, 494, 236
6716, 255, 477, 222
6717, 242, 477, 235
6718, 258, 516, 258
6719, 285, 581, 296
6720, 321, 609, 288
6721, 310, 592, 282
6722, 300, 562, 262
6723, 272, 504, 232
6724, 244, 476, 232
6725, 243, 480, 237
6726, 251, 501, 250
6727, 265, 533, 268
6728, 290, 536, 246
6729, 267, 505, 238
6730, 253, 501, 248
6731, 270, 512, 242
6732, 263, 495, 232
6733, 249, 484, 235
6734, 259, 488, 229
6735, 249, 471, 222
6736, 243, 474, 231
6737, 251, 493, 242
6738, 267, 514, 247
6739, 264, 517, 253
6740, 270, 514, 244
6741, 263, 488, 225
6742, 235, 475, 240
6743, 257, 504, 247
6744, 276, 506, 230
6745, 251, 477, 226
6746, 240, 475, 235
6747, 254, 511, 257
6748, 277, 535, 258
6749, 281, 554, 273
6750, 297, 582, 285
6751, 301, 576, 275
6752, 292, 552, 260
6753, 274, 505, 231
6754, 245, 476, 231
6755, 244, 487, 243
6756, 264, 523, 259
6757, 279, 529, 250
6758, 269, 512, 243
6759, 260, 498, 238
6760, 263, 515, 252
6761, 265, 496, 231
6762, 248, 473, 225
6763, 241, 469, 228
6764, 258, 506, 248
6765, 270, 511, 241
6766, 265, 507, 242
6767, 261, 513, 252
6768, 273, 484, 211
6769, 227, 445, 218
6770, 240, 469, 229
6771, 251, 489, 238
6772, 258, 476, 218
6773, 238, 458, 220
6774, 238, 445, 207
6775, 227, 403, 176
6776, 196, 383, 187
6777, 211, 391, 180
6778, 198, 387, 189
6779, 214, 424, 210
6780, 232, 459, 227
6781, 249, 476, 227
6782, 253, 460, 207
6783, 233, 440, 207
6784, 222, 413, 191
6785, 209, 424, 215
6786, 245, 459, 214
6787, 232, 453, 221
6788, 246, 474, 228
6789, 247, 475, 228
6790, 248, 453, 205
6791, 223, 444, 221
6792, 242, 484, 242
6793, 265, 518, 253
6794, 270, 501, 231
6795, 251, 471, 220
6796, 248, 470, 222
6797, 235, 459, 224
6798, 251, 477, 226
6799, 248, 469, 221
6800, 242, 468, 226
6801, 241, 455, 214
6802, 238, 462, 224
6803, 250, 491, 241
6804, 257, 484, 227
6805, 246, 474, 228
6806, 249, 475, 226
6807, 246, 479, 233
6808, 251, 460, 209
6809, 225, 423, 198
6810, 228, 435, 207
6811, 229, 407, 178
6812, 203, 367, 164
6813, 187, 358, 171
6814, 192, 369, 177
6815, 208, 419, 211
6816, 233, 460, 227
6817, 250, 508, 258
6818, 282, 531, 249
6819, 271, 519, 248
6820, 266, 493, 227
6821, 249, 451, 202
6822, 220, 407, 187
6823, 205, 349, 144
6824, 166, 282, 116
6825, 135, 259, 124
6826, 155, 297, 142
6827, 173, 338, 165
6828, 195, 403, 208
6829, 253, 502, 249
6830, 271, 555, 284
6831, 301, 598, 297
6832, 312, 573, 261
6833, 281, 548, 267
6834, 281, 531, 250
6835, 266, 495, 229
6836, 248, 462, 214
6837, 239, 452, 213
6838, 233, 464, 231
6839, 246, 506, 260
6840, 281, 575, 294
6841, 313, 591, 278
6842, 299, 565, 266
6843, 289, 555, 266
6844, 281, 538, 257
6845, 269, 506, 237
6846, 255, 488, 233
6847, 246, 471, 225
6848, 246, 489, 243
6849, 262, 517, 255
6850, 271, 555, 284
6851, 309, 588, 279
6852, 298, 532, 234
6853, 255, 489, 234
6854, 256, 503, 247
6855, 267, 506, 239
6856, 254, 485, 231
6857, 246, 466, 220
6858, 243, 460, 217
6859, 234, 459, 225
6860, 242, 461, 219
6861, 239, 467, 228
6862, 244, 489, 245
6863, 264, 527, 263
6864, 282, 564, 282
6865, 298, 591, 293
6866, 305, 593, 288
6867, 302, 594, 292
6868, 304, 579, 275
6869, 293, 542, 249
6870, 262, 502, 240
6871, 249, 496, 247
6872, 261, 520, 259
6873, 281, 560, 279
6874, 298, 590, 292
6875, 309, 609, 300
6876, 327, 581, 254
6877, 273, 508, 235
6878, 246, 438, 192
6879, 203, 398, 195
6880, 208, 416, 208
6881, 227, 442, 215
6882, 234, 460, 226
6883, 255, 516, 261
6884, 277, 542, 265
6885, 288, 547, 259
6886, 272, 533, 261
6887, 281, 502, 221
6888, 238, 431, 193
6889, 212, 393, 181
6890, 203, 382, 179
6891, 204, 413, 209
6892, 226, 446, 220
6893, 242, 502, 260
6894, 278, 526, 248
6895, 274, 502, 228
6896, 241, 441, 200
6897, 218, 407, 189
6898, 218, 421, 203
6899, 228, 439, 211
6900, 235, 471, 236
6901, 252, 491, 239
6902, 266, 508, 242
6903, 262, 533, 271
6904, 289, 563, 274
6905, 287, 540, 253
6906, 270, 499, 229
6907, 242, 454, 212
6908, 229, 450, 221
6909, 242, 481, 239
6910, 255, 509, 254
6911, 275, 536, 261
6912, 281, 561, 280
6913, 298, 604, 306
6914, 327, 621, 294
6915, 310, 595, 285
6916, 297, 563, 266
6917, 276, 537, 261
6918, 271, 552, 281
6919, 290, 587, 297
6920, 308, 598, 290
6921, 306, 618, 312
6922, 326, 627, 301
6923, 317, 613, 296
6924, 306, 580, 274
6925, 287, 546, 259
6926, 273, 531, 258
6927, 274, 513, 239
6928, 255, 492, 237
6929, 250, 499, 249
6930, 274, 544, 270
6931, 291, 570, 279
6932, 301, 541, 240
6933, 249, 446, 197
6934, 222, 421, 199
6935, 216, 416, 200
6936, 222, 433, 211
6937, 235, 442, 207
6938, 225, 428, 203
6939, 233, 450, 217
6940, 242, 473, 231
6941, 251, 467, 216
6942, 245, 475, 230
6943, 256, 479, 223
6944, 247, 457, 210
6945, 230, 420, 190
6946, 214, 398, 184
6947, 207, 414, 207
6948, 227, 443, 216
6949, 231, 456, 225
6950, 249, 482, 233
6951, 250, 481, 231
6952, 256, 483, 227
6953, 243, 459, 216
6954, 237, 448, 211
6955, 225, 420, 195
6956, 224, 432, 208
6957, 226, 424, 198
6958, 218, 432, 214
6959, 246, 470, 224
6960, 248, 474, 226
6961, 256, 497, 241
6962, 262, 525, 263
6963, 284, 521, 237
6964, 262, 505, 243
6965, 261, 480, 219
6966, 235, 437, 202
6967, 223, 458, 235
6968, 258, 502, 244
6969, 260, 523, 263
6970, 286, 588, 302
6971, 322, 641, 319
6972, 335, 653, 318
6973, 334, 626, 292
6974, 312, 565, 253
6975, 264, 521, 257
6976, 271, 538, 267
6977, 283, 577, 294
6978, 311, 623, 312
6979, 329, 659, 330
6980, 348, 665, 317
6981, 322, 628, 306
6982, 318, 599, 281
6983, 295, 570, 275
6984, 286, 560, 274
6985, 295, 594, 299
6986, 313, 616, 303
6987, 315, 600, 285
6988, 298, 582, 284
6989, 301, 608, 307
6990, 323, 596, 273
6991, 293, 551, 258
6992, 266, 524, 258
6993, 269, 548, 279
6994, 294, 586, 292
6995, 312, 606, 294
6996, 308, 577, 269
6997, 284, 568, 284
6998, 299, 570, 271
6999, 287, 532, 245
7000, 267, 507, 240
7001, 267, 515, 248
7002, 271, 543, 272
7003, 279, 560, 281
7004, 294, 593, 299
7005, 319, 614, 295
7006, 313, 605, 292
7007, 299, 566, 267
7008, 279, 544, 265
7009, 277, 546, 269
7010, 286, 566, 280
7011, 294, 589, 295
7012, 317, 636, 319
7013, 328, 637, 309
7014, 321, 619, 298
7015, 310, 595, 285
7016, 294, 568, 274
7017, 287, 556, 269
7018, 282, 544, 262
7019, 274, 547, 273
7020, 287, 576, 289
7021, 301, 609, 308
7022, 323, 623, 300
7023, 315, 564, 249
7024, 259, 495, 236
7025, 252, 498, 246
7026, 257, 493, 236
7027, 251, 491, 240
7028, 255, 500, 245
7029, 267, 530, 263
7030, 274, 544, 270
7031, 287, 509, 222
7032, 237, 434, 197
7033, 210, 403, 193
7034, 214, 422, 208
7035, 237, 450, 213
7036, 242, 448, 206
7037, 227, 412, 185
7038, 211, 416, 205
7039, 228, 448, 220
7040, 235, 440, 205
7041, 223, 424, 201
7042, 223, 408, 185
7043, 208, 400, 192
7044, 215, 411, 196
7045, 218, 389, 171
7046, 204, 396, 192
7047, 213, 430, 217
7048, 242, 448, 206
7049, 228, 457, 229
7050, 256, 492, 236
7051, 264, 520, 256
7052, 271, 546, 275
7053, 295, 522, 227
7054, 248, 444, 196
7055, 219, 426, 207
7056, 229, 439, 210
7057, 233, 455, 222
7058, 245, 463, 218
7059, 241, 463, 222
7060, 241, 481, 240
7061, 262, 529, 267
7062, 283, 561, 278
7063, 300, 560, 260
7064, 279, 513, 234
7065, 248, 463, 215
7066, 228, 439, 211
7067, 231, 465, 234
7068, 252, 474, 222
7069, 241, 479, 238
7070, 262, 511, 249
7071, 268, 535, 267
7072, 287, 566, 279
7073, 297, 559, 262
7074, 276, 520, 244
7075, 278, 527, 249
7076, 264, 507, 243
7077, 261, 505, 244
7078, 258, 502, 244
7079, 263, 523, 260
7080, 278, 535, 257
7081, 277, 526, 249
7082, 267, 526, 259
7083, 277, 547, 270
7084, 285, 529, 244
7085, 264, 500, 236
7086, 258, 512, 254
7087, 274, 532, 258
7088, 278, 537, 259
7089, 285, 551, 266
7090, 281, 553, 272
7091, 298, 579, 281
7092, 303, 556, 253
7093, 269, 488, 219
7094, 238, 470, 232
7095, 253, 495, 242
7096, 264, 501, 237
7097, 256, 484, 228
7098, 241, 481, 240
7099, 263, 515, 252
7100, 273, 527, 254
7101, 265, 461, 196
7102, 218, 439, 221
7103, 241, 457, 216
7104, 238, 460, 222
7105, 246, 465, 219
7106, 237, 468, 231
7107, 250, 479, 229
7108, 246, 492, 246
7109, 274, 488, 214
7110, 233, 445, 212
7111, 231, 455, 224
7112, 239, 437, 198
7113, 226, 410, 184
7114, 204, 380, 176
7115, 212, 382, 170
7116, 199, 373, 174
7117, 201, 390, 189
7118, 214, 415, 201
7119, 230, 442, 212
7120, 238, 472, 234
7121, 258, 517, 259
7122, 274, 522, 248
7123, 265, 489, 224
7124, 243, 453, 210
7125, 231, 412, 181
7126, 202, 389, 187
7127, 208, 391, 183
7128, 211, 353, 142
7129, 176, 309, 133
7130, 166, 287, 121
7131, 158, 310, 152
7132, 173, 334, 161
7133, 195, 358, 163
7134, 193, 373, 180
7135, 207, 404, 197
7136, 229, 453, 224
7137, 246, 474, 228
7138, 258, 492, 234
7139, 258, 468, 210
7140, 234, 426, 192
7141, 208, 398, 190
7142, 208, 424, 216
7143, 238, 410, 172
7144, 194, 306, 112
7145, 138, 226, 88
7146, 112, 164, 52
7147, 84, 126, 42
7148, 76, 120, 44
7149, 79, 131, 52
7150, 98, 180, 82
7151, 115, 229, 114
7152, 153, 293, 140
7153, 185, 352, 167
7154, 195, 371, 176
7155, 201, 352, 151
7156, 190, 368, 178
7157, 213, 391, 178
7158, 210, 396, 186
7159, 217, 419, 202
7160, 234, 472, 238
7161, 260, 525, 265
7162, 283, 558, 275
7163, 298, 576, 278
7164, 293, 560, 267
7165, 282, 513, 231
7166, 250, 442, 192
7167, 207, 394, 187
7168, 208, 398, 190
7169, 212, 416, 204
7170, 220, 428, 208
7171, 233, 462, 229
7172, 257, 491, 234
7173, 254, 504, 250
7174, 265, 515, 250
7175, 273, 546, 273
7176, 292, 574, 282
7177, 294, 570, 276
7178, 289, 542, 253
7179, 271, 528, 257
7180, 274, 521, 247
7181, 260, 497, 237
7182, 248, 491, 243
7183, 273, 566, 293
7184, 313, 578, 265
7185, 288, 565, 277
7186, 300, 571, 271
7187, 296, 525, 229
7188, 243, 447, 204
7189, 222, 425, 203
7190, 223, 438, 215
7191, 231, 467, 236
7192, 251, 516, 265
7193, 283, 550, 267
7194, 285, 573, 288
7195, 313, 606, 293
7196, 325, 579, 254
7197, 270, 466, 196
7198, 209, 409, 200
7199, 220, 445, 225
7200, 243, 491, 248
7201, 265, 526, 261
7202, 281, 555, 274
7203, 294, 578, 284
7204, 299, 570, 271
7205, 284, 530, 246
7206, 259, 503, 244
7207, 253, 491, 238
7208, 254, 482, 228
7209, 248, 501, 253
7210, 270, 541, 271
7211, 285, 571, 286
7212, 308, 611, 303
7213, 321, 611, 290
7214, 303, 567, 264
7215, 272, 514, 242
7216, 261, 488, 227
7217, 247, 483, 236
7218, 257, 505, 248
7219, 269, 532, 263
7220, 279, 552, 273
7221, 296, 587, 291
7222, 310, 585, 275
7223, 297, 548, 251
7224, 278, 533, 255
7225, 266, 500, 234
7226, 249, 493, 244
7227, 267, 521, 254
7228, 278, 543, 265
7229, 282, 553, 271
7230, 286, 547, 261
7231, 276, 536, 260
7232, 274, 521, 247
7233, 262, 506, 244
7234, 260, 514, 254
7235, 274, 524, 250
7236, 269, 520, 251
7237, 274, 552, 278
7238, 291, 553, 262
7239, 274, 554, 280
7240, 296, 571, 275
7241, 287, 534, 247
7242, 265, 521, 256
7243, 270, 529, 259
7244, 275, 527, 252
7245, 270, 532, 262
7246, 289, 564, 275
7247, 291, 576, 285
7248, 299, 562, 263
7249, 286, 563, 277
7250, 303, 573, 270
7251, 283, 533, 250
7252, 274, 532, 258
7253, 275, 518, 243
7254, 259, 505, 246
7255, 265, 530, 265
7256, 286, 571, 285
7257, 302, 597, 295
7258, 310, 575, 265
7259, 280, 525, 245
7260, 257, 493, 236
7261, 252, 492, 240
7262, 251, 484, 233
7263, 257, 489, 232
7264, 255, 502, 247
7265, 269, 535, 266
7266, 284, 565, 281
7267, 293, 591, 298
7268, 312, 570, 258
7269, 277, 518, 241
7270, 261, 489, 228
7271, 242, 451, 209
7272, 229, 457, 228
7273, 242, 479, 237
7274, 262, 535, 273
7275, 288, 571, 283
7276, 301, 588, 287
7277, 302, 532, 230
7278, 248, 450, 202
7279, 221, 424, 203
7280, 226, 442, 216
7281, 235, 438, 203
7282, 216, 421, 205
7283, 227, 453, 226
7284, 247, 498, 251
7285, 282, 555, 273
7286, 292, 535, 243
7287, 263, 477, 214
7288, 232, 432, 200
7289, 221, 430, 209
7290, 223, 410, 187
7291, 209, 384, 175
7292, 198, 377, 179
7293, 196, 380, 184
7294, 204, 418, 214
7295, 240, 468, 228
7296, 251, 496, 245
7297, 269, 503, 234
7298, 255, 481, 226
7299, 248, 478, 230
7300, 255, 478, 223
7301, 244, 439, 195
7302, 215, 382, 167
7303, 188, 380, 192
7304, 215, 427, 212
7305, 238, 460, 222
7306, 243, 485, 242
7307, 255, 505, 250
7308, 282, 544, 262
7309, 284, 524, 240
7310, 261, 488, 227
7311, 249, 451, 202
7312, 212, 410, 198
7313, 220, 421, 201
7314, 221, 440, 219
7315, 239, 468, 229
7316, 257, 527, 270
7317, 291, 565, 274
7318, 293, 530, 237
7319, 252, 457, 205
7320, 223, 416, 193
7321, 216, 424, 208
7322, 223, 445, 222
7323, 250, 511, 261
7324, 291, 577, 286
7325, 311, 605, 294
7326, 313, 588, 275
7327, 289, 550, 261
7328, 278, 529, 251
7329, 275, 509, 234
7330, 246, 468, 222
7331, 242, 486, 244
7332, 255, 493, 238
7333, 256, 485, 229
7334, 245, 491, 246
7335, 264, 542, 278
7336, 293, 589, 296
7337, 310, 607, 297
7338, 315, 575, 260
7339, 271, 509, 238
7340, 257, 503, 246
7341, 270, 532, 262
7342, 275, 532, 257
7343, 277, 541, 264
7344, 281, 568, 287
7345, 310, 634, 324
7346, 335, 647, 312
7347, 329, 613, 284
7348, 297, 572, 275
7349, 288, 560, 272
7350, 286, 564, 278
7351, 291, 563, 272
7352, 283, 565, 282
7353, 294, 602, 308
7354, 325, 639, 314
7355, 329, 608, 279
7356, 289, 544, 255
7357, 271, 515, 244
7358, 262, 504, 242
7359, 260, 492, 232
7360, 251, 481, 230
7361, 248, 490, 242
7362, 260, 525, 265
7363, 279, 544, 265
7364, 276, 527, 251
7365, 267, 503, 236
7366, 253, 454, 201
7367, 224, 397, 173
7368, 190, 354, 164
7369, 188, 354, 166
7370, 192, 371, 179
7371, 205, 398, 193
7372, 219, 417, 198
7373, 222, 415, 193
7374, 217, 418, 201
7375, 229, 432, 203
7376, 229, 436, 207
7377, 227, 440, 213
7378, 237, 441, 204
7379, 233, 456, 223
7380, 254, 489, 235
7381, 252, 488, 236
7382, 256, 514, 258
7383, 281, 560, 279
7384, 299, 590, 291
7385, 306, 594, 288
7386, 305, 590, 285
7387, 300, 556, 256
7388, 268, 513, 245
7389, 267, 502, 235
7390, 253, 486, 233
7391, 252, 501, 249
7392, 258, 513, 255
7393, 267, 559, 292
7394, 308, 626, 318
7395, 331, 606, 275
7396, 289, 545, 256
7397, 273, 521, 248
7398, 266, 492, 226
7399, 239, 464, 225
7400, 240, 472, 232
7401, 256, 523, 267
7402, 284, 574, 290
7403, 309, 635, 326
7404, 348, 658, 310
7405, 322, 580, 258
7406, 271, 519, 248
7407, 259, 510, 251
7408, 268, 518, 250
7409, 265, 525, 260
7410, 276, 570, 294
7411, 304, 618, 314
7412, 330, 644, 314
7413, 334, 606, 272
7414, 281, 525, 244
7415, 259, 500, 241
7416, 253, 493, 240
7417, 254, 484, 230
7418, 247, 489, 242
7419, 258, 527, 269
7420, 300, 576, 276
7421, 288, 560, 272
7422, 287, 541, 254
7423, 273, 497, 224
7424, 248, 474, 226
7425, 242, 440, 198
7426, 225, 435, 210
7427, 229, 456, 227
7428, 245, 486, 241
7429, 262, 532, 270
7430, 280, 556, 276
7431, 297, 552, 255
7432, 276, 500, 224
7433, 238, 462, 224
7434, 239, 456, 217
7435, 238, 477, 239
7436, 259, 514, 255
7437, 275, 514, 239
7438, 259, 530, 271
7439, 286, 577, 291
7440, 311, 592, 281
7441, 298, 572, 274
7442, 286, 538, 252
7443, 263, 491, 228
7444, 240, 451, 211
7445, 230, 448, 218
7446, 237, 459, 222
7447, 251, 492, 241
7448, 256, 495, 239
7449, 269, 518, 249
7450, 268, 522, 254
7451, 274, 523, 249
7452, 263, 491, 228
7453, 252, 470, 218
7454, 241, 478, 237
7455, 256, 494, 238
7456, 260, 495, 235
7457, 253, 515, 262
7458, 278, 564, 286
7459, 299, 612, 313
7460, 334, 633, 299
7461, 320, 590, 270
7462, 285, 541, 256
7463, 271, 540, 269
7464, 287, 557, 270
7465, 285, 553, 268
7466, 286, 579, 293
7467, 307, 633, 326
7468, 343, 682, 339
7469, 352, 658, 306
7470, 321, 589, 268
7471, 279, 552, 273
7472, 285, 576, 291
7473, 310, 601, 291
7474, 305, 591, 286
7475, 299, 612, 313
7476, 327, 645, 318
7477, 335, 641, 306
7478, 320, 596, 276
7479, 287, 549, 262
7480, 276, 536, 260
7481, 275, 520, 245
7482, 261, 517, 256
7483, 279, 555, 276
7484, 289, 549, 260
7485, 286, 551, 265
7486, 281, 539, 258
7487, 273, 532, 259
7488, 275, 527, 252
7489, 270, 521, 251
7490, 269, 507, 238
7491, 250, 513, 263
7492, 278, 550, 272
7493, 300, 560, 260
7494, 276, 512, 236
7495, 252, 496, 244
7496, 266, 510, 244
7497, 258, 493, 235
7498, 262, 508, 246
7499, 268, 530, 262
7500, 279, 536, 257
7501, 278, 560, 282
7502, 306, 569, 263
7503, 285, 528, 243
7504, 265, 509, 244
7505, 266, 508, 242
7506, 258, 504, 246
7507, 262, 520, 258
7508, 275, 557, 282
7509, 307, 609, 302
7510, 313, 617, 304
7511, 325, 653, 328
7512, 346, 635, 289
7513, 301, 568, 267
7514, 275, 547, 272
7515, 289, 575, 286
7516, 300, 601, 301
7517, 307, 608, 301
7518, 313, 635, 322
7519, 334, 665, 331
7520, 344, 629, 285
7521, 300, 571, 271
7522, 281, 538, 257
7523, 273, 559, 286
7524, 306, 605, 299
7525, 312, 625, 313
7526, 324, 657, 333
7527, 349, 691, 342
7528, 357, 644, 287
7529, 296, 558, 262
7530, 280, 548, 268
7531, 277, 538, 261
7532, 280, 562, 282
7533, 296, 580, 284
7534, 304, 597, 293
7535, 312, 615, 303
7536, 321, 621, 300
7537, 312, 574, 262
7538, 277, 527, 250
7539, 262, 514, 252
7540, 263, 497, 234
7541, 244, 465, 221
7542, 234, 458, 224
7543, 241, 485, 244
7544, 260, 485, 225
7545, 242, 456, 214
7546, 229, 452, 223
7547, 245, 476, 231
7548, 253, 497, 244
7549, 262, 477, 215
7550, 233, 426, 193
7551, 221, 416, 195
7552, 213, 407, 194
7553, 216, 424, 208
7554, 234, 450, 216
7555, 243, 442, 199
7556, 218, 418, 200
7557, 233, 443, 210
7558, 229, 406, 177
7559, 201, 375, 174
7560, 211, 405, 194
7561, 227, 447, 220
7562, 248, 480, 232
7563, 253, 497, 244
7564, 265, 501, 236
7565, 254, 516, 262
7566, 275, 548, 273
7567, 291, 553, 262
7568, 286, 521, 235
7569, 254, 468, 214
7570, 234, 444, 210
7571, 225, 443, 218
7572, 243, 461, 218
7573, 243, 469, 226
7574, 241, 487, 246
7575, 266, 523, 257
7576, 274, 515, 241
7577, 262, 471, 209
7578, 237, 426, 189
7579, 214, 405, 191
7580, 207, 396, 189
7581, 207, 425, 218
7582, 242, 490, 248
7583, 270, 528, 258
7584, 279, 548, 269
7585, 288, 553, 265
7586, 282, 532, 250
7587, 266, 517, 251
7588, 268, 512, 244
7589, 257, 486, 229
7590, 247, 483, 236
7591, 255, 506, 251
7592, 273, 521, 248
7593, 266, 520, 254
7594, 274, 533, 259
7595, 278, 547, 269
7596, 291, 553, 262
7597, 276, 539, 263
7598, 278, 529, 251
7599, 263, 507, 244
7600, 262, 519, 257
7601, 275, 541, 266
7602, 284, 547, 263
7603, 277, 569, 292
7604, 311, 595, 284
7605, 300, 582, 282
7606, 294, 577, 283
7607, 295, 564, 269
7608, 287, 562, 275
7609, 295, 585, 290
7610, 304, 583, 279
7611, 294, 588, 294
7612, 307, 625, 318
7613, 332, 627, 295
7614, 310, 611, 301
7615, 316, 614, 298
7616, 310, 587, 277
7617, 291, 584, 293
7618, 305, 610, 305
7619, 314, 610, 296
7620, 306, 597, 291
7621, 301, 592, 291
7622, 304, 606, 302
7623, 319, 605, 286
7624, 305, 587, 282
7625, 301, 576, 275
7626, 292, 590, 298
7627, 308, 593, 285
7628, 301, 594, 293
7629, 306, 593, 287
7630, 304, 587, 283
7631, 297, 569, 272
7632, 288, 535, 247
7633, 263, 505, 242
7634, 265, 531, 266
7635, 277, 515, 238
7636, 256, 518, 262
7637, 283, 562, 279
7638, 297, 587, 290
7639, 301, 585, 284
7640, 303, 582, 279
7641, 299, 550, 251
7642, 270, 533, 263
7643, 275, 544, 269
7644, 286, 569, 283
7645, 302, 565, 263
7646, 279, 559, 280
7647, 293, 558, 265
7648, 286, 554, 268
7649, 286, 529, 243
7650, 261, 509, 248
7651, 262, 529, 267
7652, 280, 556, 276
7653, 290, 598, 308
7654, 325, 628, 303
7655, 317, 609, 292
7656, 312, 578, 266
7657, 287, 518, 231
7658, 246, 471, 225
7659, 240, 468, 228
7660, 243, 490, 247
7661, 271, 531, 260
7662, 272, 527, 255
7663, 275, 540, 265
7664, 281, 552, 271
7665, 283, 524, 241
7666, 258, 454, 196
7667, 209, 391, 182
7668, 202, 400, 198
7669, 222, 429, 207
7670, 224, 434, 210
7671, 238, 462, 224
7672, 255, 487, 232
7673, 253, 509, 256
7674, 290, 570, 280
7675, 298, 543, 245
7676, 262, 454, 192
7677, 216, 395, 179
7678, 195, 374, 179
7679, 207, 405, 198
7680, 222, 412, 190
7681, 217, 406, 189
7682, 213, 413, 200
7683, 221, 445, 224
7684, 244, 462, 218
7685, 248, 466, 218
7686, 240, 456, 216
7687, 238, 459, 221
7688, 244, 476, 232
7689, 245, 462, 217
7690, 246, 466, 220
7691, 242, 470, 228
7692, 246, 470, 224
7693, 238, 459, 221
7694, 244, 492, 248
7695, 269, 527, 258
7696, 276, 555, 279
7697, 305, 592, 287
7698, 307, 556, 249
7699, 263, 496, 233
7700, 254, 489, 235
7701, 248, 496, 248
7702, 273, 544, 271
7703, 283, 525, 242
7704, 258, 526, 268
7705, 281, 579, 298
7706, 318, 634, 316
7707, 332, 628, 296
7708, 314, 573, 259
7709, 275, 531, 256
7710, 274, 532, 258
7711, 265, 536, 271
7712, 287, 577, 290
7713, 310, 611, 301
7714, 320, 629, 309
7715, 317, 613, 296
7716, 311, 572, 261
7717, 269, 501, 232
7718, 243, 495, 252
7719, 260, 532, 272
7720, 284, 549, 265
7721, 282, 563, 281
7722, 294, 583, 289
7723, 310, 595, 285
7724, 296, 544, 248
7725, 259, 491, 232
7726, 245, 477, 232
7727, 257, 523, 266
7728, 279, 544, 265
7729, 284, 553, 269
7730, 289, 571, 282
7731, 297, 568, 271
7732, 286, 551, 265
7733, 280, 552, 272
7734, 291, 543, 252
7735, 271, 519, 248
7736, 269, 534, 265
7737, 284, 560, 276
7738, 286, 552, 266
7739, 287, 587, 300
7740, 316, 614, 298
7741, 320, 615, 295
7742, 305, 599, 294
7743, 312, 569, 257
7744, 265, 518, 253
7745, 278, 556, 278
7746, 293, 548, 255
7747, 269, 546, 277
7748, 288, 576, 288
7749, 305, 594, 289
7750, 305, 578, 273
7751, 288, 532, 244
7752, 256, 491, 235
7753, 257, 504, 247
7754, 266, 506, 240
7755, 257, 502, 245
7756, 264, 518, 254
7757, 267, 525, 258
7758, 276, 562, 286
7759, 303, 594, 291
7760, 307, 543, 236
7761, 247, 469, 222
7762, 238, 473, 235
7763, 249, 489, 240
7764, 261, 490, 229
7765, 247, 480, 233
7766, 251, 502, 251
7767, 266, 540, 274
7768, 295, 578, 283
7769, 303, 554, 251
7770, 264, 488, 224
7771, 238, 465, 227
7772, 242, 469, 227
7773, 242, 491, 249
7774, 271, 539, 268
7775, 292, 582, 290
7776, 304, 586, 282
7777, 294, 592, 298
7778, 315, 595, 280
7779, 299, 564, 265
7780, 278, 517, 239
7781, 253, 501, 248
7782, 266, 530, 264
7783, 289, 558, 269
7784, 283, 555, 272
7785, 281, 552, 271
7786, 289, 586, 297
7787, 317, 608, 291
7788, 302, 554, 252
7789, 275, 535, 260
7790, 272, 520, 248
7791, 261, 517, 256
7792, 269, 521, 252
7793, 266, 537, 271
7794, 294, 586, 292
7795, 306, 569, 263
7796, 286, 534, 248
7797, 262, 491, 229
7798, 248, 469, 221
7799, 231, 446, 215
7800, 238, 474, 236
7801, 258, 520, 262
7802, 284, 543, 259
7803, 282, 543, 261
7804, 285, 527, 242
7805, 255, 469, 214
7806, 231, 443, 212
7807, 225, 429, 204
7808, 230, 451, 221
7809, 243, 465, 222
7810, 248, 481, 233
7811, 256, 513, 257
7812, 275, 525, 250
7813, 265, 523, 258
7814, 282, 591, 309
7815, 329, 608, 279
7816, 295, 554, 259
7817, 282, 536, 254
7818, 274, 520, 246
7819, 260, 512, 252
7820, 274, 543, 269
7821, 283, 551, 268
7822, 286, 581, 295
7823, 313, 626, 313
7824, 334, 639, 305
7825, 318, 580, 262
7826, 279, 539, 260
7827, 270, 544, 274
7828, 291, 587, 296
7829, 306, 606, 300
7830, 317, 607, 290
7831, 303, 602, 299
7832, 313, 602, 289
7833, 309, 551, 242
7834, 253, 468, 215
7835, 229, 439, 210
7836, 233, 454, 221
7837, 243, 467, 224
7838, 247, 445, 198
7839, 224, 449, 225
7840, 245, 467, 222
7841, 242, 465, 223
7842, 245, 476, 231
7843, 253, 487, 234
7844, 248, 467, 219
7845, 239, 452, 213
7846, 227, 418, 191
7847, 208, 393, 185
7848, 208, 414, 206
7849, 226, 440, 214
7850, 234, 479, 245
7851, 276, 554, 278
7852, 303, 599, 296
7853, 320, 598, 278
7854, 300, 589, 289
7855, 299, 572, 273
7856, 294, 561, 267
7857, 285, 524, 239
7858, 252, 503, 251
7859, 267, 543, 276
7860, 289, 590, 301
7861, 314, 659, 345
7862, 361, 718, 357
7863, 366, 690, 324
7864, 336, 625, 289
7865, 302, 564, 262
7866, 276, 533, 257
7867, 269, 533, 264
7868, 275, 566, 291
7869, 303, 626, 323
7870, 343, 647, 304
7871, 322, 615, 293
7872, 306, 540, 234
7873, 253, 460, 207
7874, 225, 421, 196
7875, 209, 410, 201
7876, 221, 440, 219
7877, 236, 476, 240
7878, 258, 487, 229
7879, 252, 488, 236
7880, 258, 492, 234
7881, 259, 501, 242
7882, 262, 501, 239
7883, 258, 480, 222
7884, 242, 451, 209
7885, 220, 450, 230
7886, 250, 492, 242
7887, 261, 536, 275
7888, 292, 569, 277
7889, 300, 597, 297
7890, 315, 608, 293
7891, 312, 541, 229
7892, 252, 455, 203
7893, 220, 400, 180
7894, 195, 376, 181
7895, 197, 383, 186
7896, 208, 421, 213
7897, 237, 455, 218
7898, 241, 477, 236
7899, 262, 488, 226
7900, 248, 437, 189
7901, 213, 399, 186
7902, 202, 364, 162
7903, 193, 373, 180
7904, 210, 386, 176
7905, 203, 381, 178
7906, 196, 359, 163
7907, 188, 366, 178
7908, 201, 391, 190
7909, 220, 415, 195
7910, 221, 422, 201
7911, 229, 419, 190
7912, 223, 433, 210
7913, 235, 455, 220
7914, 240, 434, 194
7915, 213, 415, 202
7916, 226, 456, 230
7917, 256, 480, 224
7918, 254, 481, 227
7919, 254, 500, 246
7920, 256, 497, 241
7921, 262, 522, 260
7922, 279, 521, 242
7923, 255, 484, 229
7924, 249, 482, 233
7925, 252, 439, 187
7926, 208, 372, 164
7927, 191, 350, 159
7928, 185, 343, 158
7929, 172, 333, 161
7930, 186, 367, 181
7931, 204, 406, 202
7932, 230, 449, 219
7933, 249, 463, 214
7934, 246, 460, 214
7935, 239, 455, 216
7936, 239, 488, 249
7937, 268, 529, 261
7938, 285, 528, 243
7939, 272, 491, 219
7940, 241, 477, 236
7941, 255, 489, 234
7942, 252, 515, 263
7943, 284, 554, 270
7944, 287, 540, 253
7945, 276, 527, 251
7946, 271, 489, 218
7947, 235, 387, 152
7948, 168, 298, 130
7949, 152, 290, 138
7950, 167, 325, 158
7951, 184, 352, 168
7952, 198, 391, 193
7953, 224, 433, 209
7954, 232, 423, 191
7955, 219, 394, 175
7956, 203, 368, 165
7957, 191, 363, 172
7958, 188, 363, 175
7959, 207, 414, 207
7960, 237, 432, 195
7961, 231, 420, 189
7962, 206, 395, 189
7963, 216, 408, 192
7964, 212, 426, 214
7965, 239, 479, 240
7966, 263, 511, 248
7967, 277, 529, 252
7968, 276, 530, 254
7969, 274, 488, 214
7970, 236, 421, 185
7971, 209, 400, 191
7972, 207, 391, 184
7973, 199, 386, 187
7974, 218, 446, 228
7975, 254, 486, 232
7976, 257, 487, 230
7977, 257, 498, 241
7978, 256, 474, 218
7979, 232, 455, 223
7980, 243, 460, 217
7981, 238, 441, 203
7982, 232, 409, 177
7983, 201, 391, 190
7984, 208, 408, 200
7985, 228, 425, 197
7986, 220, 433, 213
7987, 245, 467, 222
7988, 244, 470, 226
7989, 254, 454, 200
7990, 224, 405, 181
7991, 203, 344, 141
7992, 163, 297, 134
7993, 153, 272, 119
7994, 140, 254, 114
7995, 138, 247, 109
7996, 145, 252, 107
7997, 137, 265, 128
7998, 163, 289, 126
7999, 166, 281, 115
8000, 149, 259, 110
8001, 141, 234, 93
8002, 122, 170, 48
8003, 79, 120, 41
8004, 70, 101, 31
8005, 70, 100, 30
8006, 71, 119, 48
8007, 88, 152, 64
8008, 100, 196, 96
8009, 127, 234, 107
8010, 153, 307, 154
8011, 194, 387, 193
8012, 222, 423, 201
8013, 227, 456, 229
8014, 253, 478, 225
8015, 241, 462, 221
8016, 243, 481, 238
8017, 255, 515, 260
8018, 278, 579, 301
8019, 313, 611, 298
8020, 313, 612, 299
8021, 315, 605, 290
8022, 300, 529, 229
8023, 240, 449, 209
8024, 224, 428, 204
8025, 222, 444, 222
8026, 239, 471, 232
8027, 255, 522, 267
8028, 292, 575, 283
8029, 300, 554, 254
8030, 272, 523, 251
8031, 277, 489, 212
8032, 235, 447, 212
8033, 231, 444, 213
8034, 232, 441, 209
8035, 228, 445, 217
8036, 243, 490, 247
8037, 261, 538, 277
8038, 294, 550, 256
8039, 275, 533, 258
8040, 275, 541, 266
8041, 286, 559, 273
8042, 295, 518, 223
8043, 232, 412, 180
8044, 205, 411, 206
8045, 228, 448, 220
8046, 238, 445, 207
8047, 224, 439, 215
8048, 234, 458, 224
8049, 247, 491, 244
8050, 270, 527, 257
8051, 271, 520, 249
8052, 267, 514, 247
8053, 268, 496, 228
8054, 244, 440, 196
8055, 215, 419, 204
8056, 225, 418, 193
8057, 222, 419, 197
8058, 223, 440, 217
8059, 242, 484, 242
8060, 259, 513, 254
8061, 278, 509, 231
8062, 247, 489, 242
8063, 263, 502, 239
8064, 253, 458, 205
8065, 224, 413, 189
8066, 205, 393, 188
8067, 202, 416, 214
8068, 233, 470, 237
8069, 265, 549, 284
8070, 303, 595, 292
8071, 315, 632, 317
8072, 339, 589, 250
8073, 263, 474, 211
8074, 228, 441, 213
8075, 229, 441, 212
8076, 229, 440, 211
8077, 236, 485, 249
8078, 272, 530, 258
8079, 272, 554, 282
8080, 300, 605, 305
8081, 321, 584, 263
8082, 282, 509, 227
8083, 238, 436, 198
8084, 209, 385, 176
8085, 189, 336, 147
8086, 164, 329, 165
8087, 184, 376, 192
8088, 219, 446, 227
8089, 252, 523, 271
8090, 295, 585, 290
8091, 302, 550, 248
8092, 268, 507, 239
8093, 261, 470, 209
8094, 225, 422, 197
8095, 215, 415, 200
8096, 221, 412, 191
8097, 213, 412, 199
8098, 219, 445, 226
8099, 249, 445, 196
8100, 220, 413, 193
8101, 217, 426, 209
8102, 225, 424, 199
8103, 223, 400, 177
8104, 200, 370, 170
8105, 195, 392, 197
8106, 229, 484, 255
8107, 280, 590, 310
8108, 340, 630, 290
8109, 305, 559, 254
8110, 274, 544, 270
8111, 281, 507, 226
8112, 243, 470, 227
8113, 248, 489, 241
8114, 264, 510, 246
8115, 264, 521, 257
8116, 281, 539, 258
8117, 278, 515, 237
8118, 264, 525, 261
8119, 281, 567, 286
8120, 297, 560, 263
8121, 281, 534, 253
8122, 270, 528, 258
8123, 278, 544, 266
8124, 285, 543, 258
8125, 279, 528, 249
8126, 269, 499, 230
8127, 242, 470, 228
8128, 249, 511, 262
8129, 280, 548, 268
8130, 286, 551, 265
8131, 281, 563, 282
8132, 300, 578, 278
8133, 298, 545, 247
8134, 267, 500, 233
8135, 252, 478, 226
8136, 245, 476, 231
8137, 254, 501, 247
8138, 270, 550, 280
8139, 293, 575, 282
8140, 299, 607, 308
8141, 332, 633, 301
8142, 312, 569, 257
8143, 274, 486, 212
8144, 228, 438, 210
8145, 234, 451, 217
8146, 238, 469, 231
8147, 252, 507, 255
8148, 278, 564, 286
8149, 309, 609, 300
8150, 318, 589, 271
8151, 281, 525, 244
8152, 261, 473, 212
8153, 227, 434, 207
8154, 225, 439, 214
8155, 236, 470, 234
8156, 252, 521, 269
8157, 287, 577, 290
8158, 310, 615, 305
8159, 323, 612, 289
8160, 302, 555, 253
8161, 271, 499, 228
8162, 244, 465, 221
8163, 237, 466, 229
8164, 245, 485, 240
8165, 262, 531, 269
8166, 288, 570, 282
8167, 295, 595, 300
8168, 314, 601, 287
8169, 303, 568, 265
8170, 278, 510, 232
8171, 247, 436, 189
8172, 209, 405, 196
8173, 208, 399, 191
8174, 216, 435, 219
8175, 242, 490, 248
8176, 275, 524, 249
8177, 267, 479, 212
8178, 233, 460, 227
8179, 247, 467, 220
8180, 232, 435, 203
8181, 221, 425, 204
8182, 220, 431, 211
8183, 234, 470, 236
8184, 252, 498, 246
8185, 266, 525, 259
8186, 285, 559, 274
8187, 300, 587, 287
8188, 307, 595, 288
8189, 302, 562, 260
8190, 272, 503, 231
8191, 246, 467, 221
8192, 247, 471, 224
8193, 240, 486, 246
8194, 265, 516, 251
8195, 273, 528, 255
8196, 284, 551, 267
8197, 283, 557, 274
8198, 300, 550, 250
8199, 262, 438, 176
8200, 193, 359, 166
8201, 184, 349, 165
8202, 189, 365, 176
8203, 197, 382, 185
8204, 204, 401, 197
8205, 218, 437, 219
8206, 241, 469, 228
8207, 250, 474, 224
8208, 250, 460, 210
8209, 227, 431, 204
8210, 227, 428, 201
8211, 233, 448, 215
8212, 232, 441, 209
8213, 219, 432, 213
8214, 226, 453, 227
8215, 245, 485, 240
8216, 259, 495, 236
8217, 259, 516, 257
8218, 282, 545, 263
8219, 280, 536, 256
8220, 281, 557, 276
8221, 290, 529, 239
8222, 254, 474, 220
8223, 235, 456, 221
8224, 234, 450, 216
8225, 240, 471, 231
8226, 247, 474, 227
8227, 251, 473, 222
8228, 247, 466, 219
8229, 244, 442, 198
8230, 224, 394, 170
8231, 189, 343, 154
8232, 179, 314, 135
8233, 166, 297, 131
8234, 174, 328, 154
8235, 182, 325, 143
8236, 178, 335, 157
8237, 190, 392, 202
8238, 228, 458, 230
8239, 256, 492, 236
8240, 264, 508, 244
8241, 269, 486, 217
8242, 242, 433, 191
8243, 209, 378, 169
8244, 198, 372, 174
8245, 193, 376, 183
8246, 213, 387, 174
8247, 203, 346, 143
8248, 164, 300, 136
8249, 162, 276, 114
8250, 139, 245, 106
8251, 133, 259, 126
8252, 153, 297, 144
8253, 168, 359, 191
8254, 219, 438, 219
8255, 249, 526, 277
8256, 299, 582, 283
8257, 309, 596, 287
8258, 305, 523, 218
8259, 228, 410, 182
8260, 204, 373, 169
8261, 186, 316, 130
8262, 149, 276, 127
8263, 156, 320, 164
8264, 192, 368, 176
8265, 212, 385, 173
8266, 197, 382, 185
8267, 217, 414, 197
8268, 218, 442, 224
8269, 252, 484, 232
8270, 254, 499, 245
8271, 263, 538, 275
8272, 297, 566, 269
8273, 287, 535, 248
8274, 270, 505, 235
8275, 254, 477, 223
8276, 241, 435, 194
8277, 212, 375, 163
8278, 185, 330, 145
8279, 170, 334, 164
8280, 187, 395, 208
8281, 240, 476, 236
8282, 274, 528, 254
8283, 274, 548, 274
8284, 304, 563, 259
8285, 280, 521, 241
8286, 267, 518, 251
8287, 265, 523, 258
8288, 278, 556, 278
8289, 295, 529, 234
8290, 249, 493, 244
8291, 259, 486, 227
8292, 246, 525, 279
8293, 304, 587, 283
8294, 303, 585, 282
8295, 299, 587, 288
8296, 298, 567, 269
8297, 285, 570, 285
8298, 294, 580, 286
8299, 303, 574, 271
8300, 288, 562, 274
8301, 291, 563, 272
8302, 288, 579, 291
8303, 306, 611, 305
8304, 324, 595, 271
8305, 292, 571, 279
8306, 287, 547, 260
8307, 277, 530, 253
8308, 264, 510, 246
8309, 256, 525, 269
8310, 293, 581, 288
8311, 305, 609, 304
8312, 318, 630, 312
8313, 328, 609, 281
8314, 294, 562, 268
8315, 276, 522, 246
8316, 265, 507, 242
8317, 260, 524, 264
8318, 280, 568, 288
8319, 300, 603, 303
8320, 310, 624, 314
8321, 328, 653, 325
8322, 335, 620, 285
8323, 303, 582, 279
8324, 296, 546, 250
8325, 270, 529, 259
8326, 270, 542, 272
8327, 288, 572, 284
8328, 297, 586, 289
8329, 296, 599, 303
8330, 316, 631, 315
8331, 331, 617, 286
8332, 298, 538, 240
8333, 254, 481, 227
8334, 239, 468, 229
8335, 247, 481, 234
8336, 253, 494, 241
8337, 267, 537, 270
8338, 293, 598, 305
8339, 315, 628, 313
8340, 329, 594, 265
8341, 277, 508, 231
8342, 243, 477, 234
8343, 251, 506, 255
8344, 270, 534, 264
8345, 278, 566, 288
8346, 303, 604, 301
8347, 320, 650, 330
8348, 339, 654, 315
8349, 330, 612, 282
8350, 302, 543, 241
8351, 256, 478, 222
8352, 236, 466, 230
8353, 247, 501, 254
8354, 275, 547, 272
8355, 286, 559, 273
8356, 296, 608, 312
8357, 328, 602, 274
8358, 289, 499, 210
8359, 225, 436, 211
8360, 227, 434, 207
8361, 222, 439, 217
8362, 237, 488, 251
8363, 280, 538, 258
8364, 279, 571, 292
8365, 309, 597, 288
8366, 316, 596, 280
8367, 296, 549, 253
8368, 268, 510, 242
8369, 259, 503, 244
8370, 252, 506, 254
8371, 271, 560, 289
8372, 308, 620, 312
8373, 332, 685, 353
8374, 370, 680, 310
8375, 322, 600, 278
8376, 288, 536, 248
8377, 259, 505, 246
8378, 254, 510, 256
8379, 274, 550, 276
8380, 289, 574, 285
8381, 297, 597, 300
8382, 317, 579, 262
8383, 279, 550, 271
8384, 295, 540, 245
8385, 259, 478, 219
8386, 232, 439, 207
8387, 219, 435, 216
8388, 240, 475, 235
8389, 255, 510, 255
8390, 275, 520, 245
8391, 266, 512, 246
8392, 270, 531, 261
8393, 286, 561, 275
8394, 292, 556, 264
8395, 282, 542, 260
8396, 281, 547, 266
8397, 284, 567, 283
8398, 310, 622, 312
8399, 326, 645, 319
8400, 331, 634, 303
8401, 321, 623, 302
8402, 315, 579, 264
8403, 277, 527, 250
8404, 263, 514, 251
8405, 265, 522, 257
8406, 277, 562, 285
8407, 294, 576, 282
8408, 302, 611, 309
8409, 323, 594, 271
8410, 284, 564, 280
8411, 293, 554, 261
8412, 278, 532, 254
8413, 267, 520, 253
8414, 276, 543, 267
8415, 284, 570, 286
8416, 303, 622, 319
8417, 335, 650, 315
8418, 329, 628, 299
8419, 317, 597, 280
8420, 289, 533, 244
8421, 261, 503, 242
8422, 253, 501, 248
8423, 264, 533, 269
8424, 282, 535, 253
8425, 274, 551, 277
8426, 294, 550, 256
8427, 281, 542, 261
8428, 273, 490, 217
8429, 231, 459, 228
8430, 254, 470, 216
8431, 234, 435, 201
8432, 221, 419, 198
8433, 217, 407, 190
8434, 219, 417, 198
8435, 221, 441, 220
8436, 245, 430, 185
8437, 214, 424, 210
8438, 231, 460, 229
8439, 250, 485, 235
8440, 258, 512, 254
8441, 274, 515, 241
8442, 259, 496, 237
8443, 259, 512, 253
8444, 266, 515, 249
8445, 269, 536, 267
8446, 285, 551, 266
8447, 283, 584, 301
8448, 318, 627, 309
8449, 328, 594, 266
8450, 275, 505, 230
8451, 242, 471, 229
8452, 248, 459, 211
8453, 229, 455, 226
8454, 243, 466, 223
8455, 248, 483, 235
8456, 262, 505, 243
8457, 263, 493, 230
8458, 243, 489, 246
8459, 267, 509, 242
8460, 262, 493, 231
8461, 250, 457, 207
8462, 237, 472, 235
8463, 252, 477, 225
8464, 254, 487, 233
8465, 253, 502, 249
8466, 268, 543, 275
8467, 291, 566, 275
8468, 292, 596, 304
8469, 318, 625, 307
8470, 326, 585, 259
8471, 272, 519, 247
8472, 263, 526, 263
8473, 275, 536, 261
8474, 275, 552, 277
8475, 292, 599, 307
8476, 321, 627, 306
8477, 321, 628, 307
8478, 322, 609, 287
8479, 300, 566, 266
8480, 276, 532, 256
8481, 274, 524, 250
8482, 260, 513, 253
8483, 271, 544, 273
8484, 288, 572, 284
8485, 292, 574, 282
8486, 298, 604, 306
8487, 319, 597, 278
8488, 287, 541, 254
8489, 275, 527, 252
8490, 277, 531, 254
8491, 273, 541, 268
8492, 277, 561, 284
8493, 305, 637, 332
8494, 348, 706, 358
8495, 373, 672, 299
8496, 320, 580, 260
8497, 272, 517, 245
8498, 257, 475, 218
8499, 236, 471, 235
8500, 248, 476, 228
8501, 250, 512, 262
8502, 281, 572, 291
8503, 313, 597, 284
8504, 305, 557, 252
8505, 270, 501, 231
8506, 247, 465, 218
8507, 232, 452, 220
8508, 237, 484, 247
8509, 271, 539, 268
8510, 282, 567, 285
8511, 301, 582, 281
8512, 298, 600, 302
8513, 316, 616, 300
8514, 320, 624, 304
8515, 322, 595, 273
8516, 285, 530, 245
8517, 256, 499, 243
8518, 258, 516, 258
8519, 273, 545, 272
8520, 295, 576, 281
8521, 301, 562, 261
8522, 276, 561, 285
8523, 300, 574, 274
8524, 288, 528, 240
8525, 255, 483, 228
8526, 243, 474, 231
8527, 246, 493, 247
8528, 269, 553, 284
8529, 304, 605, 301
8530, 316, 632, 316
8531, 334, 647, 313
8532, 331, 610, 279
8533, 284, 493, 209
8534, 225, 446, 221
8535, 236, 470, 234
8536, 249, 494, 245
8537, 257, 511, 254
8538, 268, 518, 250
8539, 258, 505, 247
8540, 266, 520, 254
8541, 270, 497, 227
8542, 244, 457, 213
8543, 233, 434, 201
8544, 216, 412, 196
8545, 219, 423, 204
8546, 226, 443, 217
8547, 242, 475, 233
8548, 257, 472, 215
8549, 230, 448, 218
8550, 240, 491, 251
8551, 264, 485, 221
8552, 241, 462, 221
8553, 241, 435, 194
8554, 215, 401, 186
8555, 213, 401, 188
8556, 217, 441, 224
8557, 247, 487, 240
8558, 262, 493, 231
8559, 255, 493, 238
8560, 258, 505, 247
8561, 270, 511, 241
8562, 261, 508, 247
8563, 264, 486, 222
8564, 238, 460, 222
8565, 243, 461, 218
8566, 236, 456, 220
8567, 239, 451, 212
8568, 238, 461, 223
8569, 252, 495, 243
8570, 269, 530, 261
8571, 291, 574, 283
8572, 306, 574, 268
8573, 283, 525, 242
8574, 274, 520, 246
8575, 267, 503, 236
8576, 260, 492, 232
8577, 244, 460, 216
8578, 229, 476, 247
8579, 266, 534, 268
8580, 282, 557, 275
8581, 296, 550, 254
8582, 270, 491, 221
8583, 241, 461, 220
8584, 241, 456, 215
8585, 233, 460, 227
8586, 247, 469, 222
8587, 246, 478, 232
8588, 255, 513, 258
8589, 282, 563, 281
8590, 302, 593, 291
8591, 312, 571, 259
8592, 274, 516, 242
8593, 256, 493, 237
8594, 256, 496, 240
8595, 258, 497, 239
8596, 255, 494, 239
8597, 262, 519, 257
8598, 280, 536, 256
8599, 271, 530, 259
8600, 277, 555, 278
8601, 300, 553, 253
8602, 266, 498, 232
8603, 253, 494, 241
8604, 251, 493, 242
8605, 255, 480, 225
8606, 245, 490, 245
8607, 261, 504, 243
8608, 264, 519, 255
8609, 273, 522, 249
8610, 268, 527, 259
8611, 272, 521, 249
8612, 259, 514, 255
8613, 265, 536, 271
8614, 294, 603, 309
8615, 328, 616, 288
8616, 306, 593, 287
8617, 298, 557, 259
8618, 274, 566, 292
8619, 301, 603, 302
8620, 316, 597, 281
8621, 295, 572, 277
8622, 293, 555, 262
8623, 271, 522, 251
8624, 269, 517, 248
8625, 264, 498, 234
8626, 247, 468, 221
8627, 235, 470, 235
8628, 254, 514, 260
8629, 284, 586, 302
8630, 316, 590, 274
8631, 291, 557, 266
8632, 283, 544, 261
8633, 275, 536, 261
8634, 281, 556, 275
8635, 289, 537, 248
8636, 263, 518, 255
8637, 266, 543, 277
8638, 297, 601, 304
8639, 317, 601, 284
8640, 296, 536, 240
8641, 259, 494, 235
8642, 250, 476, 226
8643, 247, 447, 200
8644, 219, 409, 190
8645, 215, 411, 196
8646, 223, 437, 214
8647, 240, 485, 245
8648, 264, 500, 236
8649, 259, 507, 248
8650, 267, 516, 249
8651, 268, 506, 238
8652, 255, 511, 256
8653, 275, 550, 275
8654, 288, 569, 281
8655, 291, 562, 271
8656, 288, 571, 283
8657, 299, 579, 280
8658, 297, 560, 263
8659, 288, 563, 275
8660, 290, 539, 249
8661, 264, 519, 255
8662, 269, 539, 270
8663, 281, 554, 273
8664, 287, 561, 274
8665, 301, 590, 289
8666, 300, 567, 267
8667, 285, 545, 260
8668, 276, 554, 278
8669, 292, 528, 236
8670, 252, 486, 234
8671, 257, 510, 253
8672, 269, 514, 245
8673, 264, 506, 242
8674, 263, 506, 243
8675, 267, 491, 224
8676, 241, 475, 234
8677, 255, 488, 233
8678, 252, 500, 248
8679, 268, 508, 240
8680, 260, 505, 245
8681, 257, 495, 238
8682, 256, 488, 232
8683, 254, 482, 228
8684, 246, 480, 234
8685, 262, 514, 252
8686, 265, 499, 234
8687, 257, 508, 251
8688, 274, 545, 271
8689, 290, 552, 262
8690, 278, 543, 265
8691, 289, 569, 280
8692, 301, 557, 256
8693, 279, 519, 240
8694, 257, 489, 232
8695, 248, 494, 246
8696, 269, 515, 246
8697, 259, 487, 228
8698, 246, 465, 219
8699, 239, 475, 236
8700, 254, 488, 234
8701, 256, 482, 226
8702, 243, 460, 217
8703, 242, 457, 215
8704, 233, 441, 208
8705, 226, 453, 227
8706, 246, 469, 223
8707, 254, 479, 225
8708, 248, 475, 227
8709, 248, 463, 215
8710, 239, 462, 223
8711, 243, 461, 218
8712, 235, 480, 245
8713, 269, 509, 240
8714, 262, 525, 263
8715, 287, 570, 283
8716, 301, 551, 250
8717, 263, 516, 253
8718, 270, 516, 246
8719, 262, 500, 238
8720, 255, 510, 255
8721, 278, 548, 270
8722, 295, 582, 287
8723, 296, 590, 294
8724, 314, 612, 298
8725, 317, 598, 281
8726, 294, 538, 244
8727, 258, 508, 250
8728, 269, 542, 273
8729, 287, 552, 265
8730, 277, 534, 257
8731, 268, 524, 256
8732, 278, 554, 276
8733, 295, 584, 289
8734, 302, 589, 287
8735, 307, 594, 287
8736, 300, 595, 295
8737, 311, 612, 301
8738, 317, 623, 306
8739, 321, 616, 295
8740, 307, 586, 279
8741, 293, 578, 285
8742, 296, 570, 274
8743, 288, 546, 258
8744, 277, 560, 283
8745, 307, 583, 276
8746, 295, 574, 279
8747, 291, 558, 267
8748, 281, 503, 222
8749, 235, 460, 225
8750, 241, 484, 243
8751, 263, 536, 273
8752, 296, 561, 265
8753, 283, 542, 259
8754, 275, 535, 260
8755, 277, 551, 274
8756, 297, 576, 279
8757, 301, 528, 227
8758, 248, 454, 206
8759, 218, 433, 215
8760, 230, 457, 227
8761, 247, 446, 199
8762, 218, 399, 181
8763, 202, 381, 179
8764, 197, 392, 195
8765, 225, 416, 191
8766, 215, 406, 191
8767, 210, 368, 158
8768, 181, 345, 164
8769, 183, 359, 176
8770, 195, 405, 210
8771, 243, 482, 239
8772, 263, 505, 242
8773, 258, 455, 197
8774, 220, 430, 210
8775, 235, 446, 211
8776, 230, 434, 204
8777, 230, 457, 227
8778, 251, 514, 263
8779, 286, 544, 258
8780, 273, 531, 258
8781, 280, 571, 291
8782, 312, 574, 262
8783, 274, 519, 245
8784, 267, 517, 250
8785, 269, 518, 249
8786, 268, 535, 267
8787, 280, 561, 281
8788, 301, 574, 273
8789, 289, 576, 287
8790, 313, 635, 322
8791, 338, 637, 299
8792, 309, 580, 271
8793, 282, 540, 258
8794, 272, 527, 255
8795, 267, 536, 269
8796, 284, 575, 291
8797, 309, 596, 287
8798, 304, 607, 303
8799, 323, 602, 279
8800, 293, 542, 249
8801, 262, 480, 218
8802, 233, 446, 213
8803, 226, 447, 221
8804, 250, 499, 249
8805, 263, 526, 263
8806, 284, 540, 256
8807, 279, 534, 255
8808, 271, 507, 236
8809, 254, 450, 196
8810, 211, 398, 187
8811, 205, 382, 177
8812, 203, 370, 167
8813, 192, 363, 171
8814, 195, 365, 170
8815, 191, 359, 168
8816, 187, 364, 177
8817, 202, 402, 200
8818, 241, 453, 212
8819, 238, 461, 223
8820, 252, 532, 280
8821, 299, 606, 307
8822, 331, 601, 270
8823, 287, 505, 218
8824, 238, 449, 211
8825, 226, 447, 221
8826, 241, 452, 211
8827, 226, 458, 232
8828, 249, 504, 255
8829, 270, 565, 295
8830, 314, 610, 296
8831, 318, 571, 253
8832, 273, 491, 218
8833, 238, 467, 229
8834, 251, 492, 241
8835, 261, 515, 254
8836, 276, 567, 291
8837, 309, 598, 289
8838, 304, 608, 304
8839, 317, 601, 284
8840, 306, 576, 270
8841, 282, 545, 263
8842, 277, 540, 263
8843, 281, 562, 281
8844, 297, 602, 305
8845, 316, 610, 294
8846, 306, 615, 309
8847, 320, 590, 270
8848, 287, 528, 241
8849, 254, 495, 241
8850, 258, 487, 229
8851, 243, 463, 220
8852, 242, 472, 230
8853, 246, 471, 225
8854, 253, 498, 245
8855, 268, 500, 232
8856, 253, 472, 219
8857, 241, 462, 221
8858, 245, 433, 188
8859, 217, 403, 186
8860, 208, 393, 185
8861, 209, 410, 201
8862, 220, 446, 226
8863, 251, 467, 216
8864, 243, 465, 222
8865, 241, 464, 223
8866, 245, 458, 213
8867, 235, 453, 218
8868, 238, 491, 253
8869, 275, 503, 228
8870, 251, 455, 204
8871, 215, 428, 213
8872, 237, 468, 231
8873, 253, 501, 248
8874, 262, 519, 257
8875, 274, 513, 239
8876, 256, 504, 248
8877, 263, 537, 274
8878, 300, 576, 276
8879, 291, 566, 275
8880, 295, 549, 254
8881, 274, 512, 238
8882, 248, 500, 252
8883, 267, 522, 255
8884, 271, 520, 249
8885, 262, 512, 250
8886, 275, 551, 276
8887, 295, 573, 278
8888, 295, 517, 222
8889, 243, 443, 200
8890, 219, 414, 195
8891, 216, 424, 208
8892, 233, 445, 212
8893, 246, 487, 241
8894, 258, 487, 229
8895, 247, 460, 213
8896, 235, 420, 185
8897, 200, 403, 203
8898, 220, 443, 223
8899, 252, 511, 259
8900, 285, 520, 235
8901, 258, 484, 226
8902, 244, 485, 241
8903, 267, 526, 259
8904, 271, 530, 259
8905, 272, 519, 247
8906, 268, 510, 242
8907, 257, 485, 228
8908, 241, 477, 236
8909, 252, 506, 254
8910, 270, 511, 241
8911, 261, 477, 216
8912, 238, 460, 222
8913, 237, 467, 230
8914, 248, 485, 237
8915, 255, 466, 211
8916, 237, 447, 210
8917, 230, 440, 210
8918, 227, 453, 226
8919, 251, 494, 243
8920, 268, 528, 260
8921, 280, 559, 279
8922, 294, 582, 288
8923, 297, 529, 232
8924, 246, 479, 233
8925, 254, 500, 246
8926, 265, 470, 205
8927, 232, 471, 239
8928, 264, 523, 259
8929, 285, 543, 258
8930, 278, 535, 257
8931, 279, 536, 257
8932, 273, 523, 250
8933, 261, 477, 216
8934, 234, 436, 202
8935, 220, 394, 174
8936, 204, 396, 192
8937, 210, 413, 203
8938, 226, 435, 209
8939, 238, 411, 173
8940, 197, 356, 159
8941, 182, 325, 143
8942, 168, 332, 164
8943, 192, 319, 127
8944, 146, 265, 119
8945, 150, 279, 129
8946, 161, 288, 127
8947, 159, 275, 116
8948, 158, 265, 107
8949, 144, 267, 123
8950, 163, 297, 134
8951, 156, 315, 159
8952, 196, 396, 200
8953, 230, 458, 228
8954, 257, 486, 229
8955, 258, 492, 234
8956, 256, 476, 220
8957, 241, 442, 201
8958, 213, 412, 199
8959, 222, 451, 229
8960, 252, 508, 256
8961, 278, 546, 268
8962, 282, 533, 251
8963, 262, 534, 272
8964, 291, 585, 294
8965, 310, 591, 281
8966, 297, 563, 266
8967, 282, 538, 256
8968, 268, 513, 245
8969, 258, 514, 256
8970, 271, 542, 271
8971, 290, 563, 273
8972, 287, 562, 275
8973, 291, 547, 256
8974, 269, 506, 237
8975, 255, 492, 237
8976, 249, 480, 231
8977, 250, 472, 222
8978, 241, 488, 247
8979, 270, 523, 253
8980, 276, 538, 262
8981, 280, 514, 234
8982, 248, 462, 214
8983, 236, 442, 206
8984, 226, 432, 206
8985, 221, 442, 221
8986, 244, 462, 218
8987, 239, 459, 220
8988, 246, 504, 258
8989, 273, 554, 281
8990, 310, 617, 307
8991, 324, 618, 294
8992, 310, 564, 254
8993, 272, 536, 264
8994, 285, 550, 265
8995, 286, 556, 270
8996, 280, 535, 255
8997, 273, 557, 284
8998, 305, 624, 319
8999, 333, 652, 319
9000, 334, 638, 304
9001, 324, 599, 275
9002, 291, 549, 258
9003, 268, 507, 239
9004, 256, 488, 232
9005, 242, 488, 246
9006, 265, 529, 264
9007, 271, 544, 273
9008, 289, 575, 286
9009, 297, 577, 280
9010, 292, 545, 253
9011, 267, 515, 248
9012, 263, 480, 217
9013, 234, 447, 213
9014, 230, 464, 234
9015, 249, 495, 246
9016, 262, 534, 272
9017, 295, 552, 257
9018, 279, 537, 258
9019, 277, 500, 223
9020, 240, 453, 213
9021, 236, 459, 223
9022, 242, 468, 226
9023, 248, 487, 239
9024, 253, 496, 243
9025, 259, 524, 265
9026, 281, 570, 289
9027, 315, 610, 295
9028, 311, 575, 264
9029, 283, 535, 252
9030, 280, 518, 238
9031, 253, 493, 240
9032, 251, 483, 232
9033, 250, 494, 244
9034, 265, 520, 255
9035, 275, 574, 299
9036, 314, 579, 265
9037, 287, 519, 232
9038, 257, 469, 212
9039, 223, 407, 184
9040, 205, 409, 204
9041, 233, 458, 225
9042, 250, 466, 216
9043, 237, 456, 219
9044, 243, 461, 218
9045, 238, 462, 224
9046, 245, 474, 229
9047, 255, 469, 214
9048, 237, 435, 198
9049, 215, 410, 195
9050, 211, 402, 191
9051, 219, 435, 216
9052, 243, 490, 247
9053, 264, 513, 249
9054, 270, 534, 264
9055, 289, 578, 289
9056, 307, 615, 308
9057, 318, 644, 326
9058, 339, 613, 274
9059, 291, 547, 256
9060, 268, 519, 251
9061, 267, 517, 250
9062, 271, 503, 232
9063, 250, 488, 238
9064, 262, 524, 262
9065, 281, 567, 286
9066, 298, 567, 269
9067, 285, 542, 257
9068, 282, 519, 237
9069, 248, 460, 212
9070, 227, 435, 208
9071, 229, 433, 204
9072, 221, 448, 227
9073, 250, 483, 233
9074, 247, 486, 239
9075, 261, 496, 235
9076, 255, 488, 233
9077, 253, 442, 189
9078, 207, 390, 183
9079, 200, 378, 178
9080, 196, 383, 187
9081, 210, 418, 208
9082, 237, 440, 203
9083, 229, 443, 214
9084, 242, 491, 249
9085, 276, 561, 285
9086, 309, 564, 255
9087, 281, 540, 259
9088, 275, 494, 219
9089, 232, 428, 196
9090, 219, 411, 192
9091, 209, 386, 177
9092, 200, 377, 177
9093, 201, 393, 192
9094, 207, 420, 213
9095, 237, 485, 248
9096, 277, 552, 275
9097, 297, 551, 254
9098, 276, 527, 251
9099, 272, 502, 230
9100, 255, 476, 221
9101, 245, 468, 223
9102, 242, 475, 233
9103, 252, 503, 251
9104, 273, 538, 265
9105, 292, 584, 292
9106, 304, 614, 310
9107, 324, 634, 310
9108, 325, 614, 289
9109, 303, 573, 270
9110, 294, 542, 248
9111, 255, 486, 231
9112, 245, 496, 251
9113, 269, 544, 275
9114, 292, 596, 304
9115, 320, 612, 292
9116, 308, 585, 277
9117, 292, 527, 235
9118, 254, 482, 228
9119, 243, 442, 199
9120, 212, 398, 186
9121, 210, 407, 197
9122, 225, 437, 212
9123, 247, 493, 246
9124, 266, 529, 263
9125, 291, 541, 250
9126, 273, 518, 245
9127, 267, 515, 248
9128, 263, 492, 229
9129, 251, 451, 200
9130, 219, 421, 202
9131, 221, 439, 218
9132, 243, 474, 231
9133, 256, 493, 237
9134, 259, 527, 268
9135, 290, 581, 291
9136, 310, 556, 246
9137, 268, 510, 242
9138, 257, 449, 192
9139, 215, 385, 170
9140, 194, 362, 168
9141, 191, 364, 173
9142, 199, 382, 183
9143, 205, 419, 214
9144, 239, 443, 204
9145, 234, 433, 199
9146, 222, 402, 180
9147, 208, 380, 172
9148, 196, 369, 173
9149, 206, 393, 187
9150, 214, 425, 211
9151, 229, 454, 225
9152, 256, 515, 259
9153, 284, 557, 273
9154, 289, 561, 272
9155, 294, 569, 275
9156, 309, 575, 266
9157, 289, 541, 252
9158, 264, 514, 250
9159, 270, 514, 244
9160, 260, 515, 255
9161, 276, 558, 282
9162, 302, 599, 297
9163, 315, 581, 266
9164, 279, 521, 242
9165, 256, 495, 239
9166, 252, 472, 220
9167, 237, 453, 216
9168, 228, 450, 222
9169, 249, 495, 246
9170, 259, 510, 251
9171, 268, 539, 271
9172, 292, 561, 269
9173, 287, 514, 227
9174, 245, 481, 236
9175, 257, 498, 241
9176, 256, 462, 206
9177, 231, 441, 210
9178, 227, 448, 221
9179, 242, 488, 246
9180, 271, 546, 275
9181, 296, 578, 282
9182, 305, 577, 272
9183, 292, 560, 268
9184, 288, 547, 259
9185, 280, 536, 256
9186, 276, 542, 266
9187, 285, 546, 261
9188, 271, 551, 280
9189, 288, 589, 301
9190, 327, 633, 306
9191, 322, 589, 267
9192, 279, 536, 257
9193, 271, 549, 278
9194, 292, 574, 282
9195, 295, 558, 263
9196, 283, 551, 268
9197, 280, 559, 279
9198, 293, 576, 283
9199, 297, 544, 247
9200, 261, 493, 232
9201, 253, 490, 237
9202, 253, 476, 223
9203, 244, 471, 227
9204, 249, 470, 221
9205, 246, 471, 225
9206, 241, 476, 235
9207, 262, 526, 264
9208, 280, 531, 251
9209, 267, 487, 220
9210, 243, 462, 219
9211, 240, 468, 228
9212, 243, 471, 228
9213, 252, 458, 206
9214, 230, 444, 214
9215, 238, 451, 213
9216, 239, 462, 223
9217, 243, 466, 223
9218, 240, 459, 219
9219, 243, 469, 226
9220, 239, 455, 216
9221, 239, 450, 211
9222, 236, 426, 190
9223, 205, 392, 187
9224, 204, 380, 176
9225, 196, 375, 179
9226, 199, 387, 188
9227, 200, 401, 201
9228, 227, 433, 206
9229, 229, 450, 221
9230, 247, 479, 232
9231, 246, 485, 239
9232, 261, 490, 229
9233, 252, 462, 210
9234, 235, 443, 208
9235, 222, 407, 185
9236, 201, 353, 152
9237, 176, 300, 124
9238, 150, 283, 133
9239, 166, 287, 121
9240, 149, 261, 112
9241, 142, 253, 111
9242, 146, 264, 118
9243, 141, 270, 129
9244, 161, 317, 156
9245, 191, 373, 182
9246, 212, 375, 163
9247, 195, 337, 142
9248, 185, 327, 142
9249, 175, 314, 139
9250, 165, 314, 149
9251, 179, 364, 185
9252, 218, 410, 192
9253, 215, 402, 187
9254, 211, 421, 210
9255, 234, 447, 213
9256, 237, 389, 152
9257, 183, 301, 118
9258, 142, 267, 125
9259, 147, 281, 134
9260, 161, 313, 152
9261, 184, 357, 173
9262, 198, 379, 181
9263, 211, 379, 168
9264, 193, 346, 153
9265, 174, 316, 142
9266, 169, 298, 129
9267, 147, 285, 138
9268, 165, 301, 136
9269, 174, 324, 150
9270, 181, 341, 160
9271, 188, 366, 178
9272, 208, 410, 202
9273, 222, 437, 215
9274, 247, 441, 194
9275, 224, 388, 164
9276, 193, 345, 152
9277, 179, 355, 176
9278, 200, 397, 197
9279, 213, 433, 220
9280, 244, 481, 237
9281, 261, 489, 228
9282, 255, 458, 203
9283, 226, 404, 178
9284, 201, 361, 160
9285, 180, 351, 171
9286, 196, 365, 169
9287, 185, 370, 185
9288, 210, 436, 226
9289, 252, 546, 294
9290, 313, 614, 301
9291, 320, 586, 266
9292, 283, 549, 266
9293, 277, 518, 241
9294, 255, 475, 220
9295, 242, 481, 239
9296, 248, 503, 255
9297, 279, 550, 271
9298, 290, 549, 259
9299, 276, 493, 217
9300, 232, 455, 223
9301, 247, 469, 222
9302, 237, 442, 205
9303, 232, 450, 218
9304, 245, 484, 239
9305, 261, 531, 270
9306, 285, 567, 282
9307, 304, 604, 300
9308, 312, 586, 274
9309, 291, 526, 235
9310, 247, 465, 218
9311, 228, 430, 202
9312, 219, 430, 211
9313, 235, 477, 242
9314, 258, 500, 242
9315, 257, 527, 270
9316, 295, 585, 290
9317, 311, 561, 250
9318, 268, 494, 226
9319, 252, 483, 231
9320, 250, 457, 207
9321, 222, 424, 202
9322, 217, 428, 211
9323, 224, 440, 216
9324, 241, 496, 255
9325, 277, 555, 278
9326, 306, 608, 302
9327, 317, 570, 253
9328, 266, 497, 231
9329, 254, 499, 245
9330, 265, 511, 246
9331, 264, 522, 258
9332, 275, 519, 244
9333, 271, 535, 264
9334, 276, 554, 278
9335, 304, 590, 286
9336, 307, 589, 282
9337, 299, 570, 271
9338, 288, 542, 254
9339, 271, 516, 245
9340, 266, 520, 254
9341, 270, 505, 235
9342, 249, 478, 229
9343, 258, 542, 284
9344, 297, 563, 266
9345, 284, 534, 250
9346, 271, 523, 252
9347, 267, 501, 234
9348, 253, 492, 239
9349, 255, 493, 238
9350, 254, 492, 238
9351, 260, 530, 270
9352, 286, 571, 285
9353, 298, 621, 323
9354, 338, 644, 306
9355, 324, 605, 281
9356, 295, 556, 261
9357, 270, 507, 237
9358, 247, 479, 232
9359, 250, 501, 251
9360, 267, 538, 271
9361, 287, 585, 298
9362, 317, 641, 324
9363, 338, 652, 314
9364, 330, 594, 264
9365, 273, 531, 258
9366, 274, 518, 244
9367, 259, 485, 226
9368, 250, 482, 232
9369, 256, 513, 257
9370, 273, 554, 281
9371, 297, 599, 302
9372, 326, 620, 294
9373, 314, 583, 269
9374, 277, 525, 248
9375, 262, 511, 249
9376, 268, 531, 263
9377, 272, 539, 267
9378, 280, 557, 277
9379, 292, 586, 294
9380, 313, 605, 292
9381, 309, 591, 282
9382, 296, 538, 242
9383, 259, 498, 239
9384, 266, 501, 235
9385, 247, 461, 214
9386, 247, 473, 226
9387, 244, 490, 246
9388, 272, 535, 263
9389, 288, 519, 231
9390, 242, 478, 236
9391, 255, 508, 253
9392, 280, 558, 278
9393, 301, 533, 232
9394, 248, 449, 201
9395, 222, 440, 218
9396, 241, 475, 234
9397, 257, 513, 256
9398, 276, 517, 241
9399, 261, 465, 204
9400, 228, 450, 222
9401, 239, 484, 245
9402, 265, 500, 235
9403, 254, 458, 204
9404, 216, 406, 190
9405, 211, 416, 205
9406, 224, 435, 211
9407, 230, 456, 226
9408, 252, 479, 227
9409, 246, 460, 214
9410, 234, 446, 212
9411, 232, 462, 230
9412, 249, 498, 249
9413, 266, 498, 232
9414, 255, 476, 221
9415, 239, 445, 206
9416, 222, 446, 224
9417, 241, 493, 252
9418, 266, 521, 255
9419, 276, 542, 266
9420, 284, 533, 249
9421, 268, 516, 248
9422, 260, 500, 240
9423, 264, 487, 223
9424, 241, 471, 230
9425, 245, 473, 228
9426, 250, 491, 241
9427, 264, 534, 270
9428, 289, 578, 289
9429, 313, 608, 295
9430, 312, 601, 289
9431, 305, 579, 274
9432, 289, 540, 251
9433, 266, 505, 239
9434, 257, 503, 246
9435, 261, 522, 261
9436, 278, 569, 291
9437, 303, 591, 288
9438, 307, 583, 276
9439, 297, 576, 279
9440, 297, 558, 261
9441, 274, 508, 234
9442, 251, 493, 242
9443, 264, 530, 266
9444, 287, 552, 265
9445, 281, 576, 295
9446, 320, 636, 316
9447, 330, 637, 307
9448, 318, 602, 284
9449, 295, 555, 260
9450, 268, 512, 244
9451, 257, 508, 251
9452, 271, 540, 269
9453, 285, 564, 279
9454, 299, 600, 301
9455, 316, 610, 294
9456, 313, 618, 305
9457, 315, 590, 275
9458, 291, 546, 255
9459, 274, 512, 238
9460, 244, 461, 217
9461, 229, 461, 232
9462, 249, 495, 246
9463, 266, 502, 236
9464, 262, 502, 240
9465, 256, 483, 227
9466, 246, 454, 208
9467, 226, 451, 225
9468, 241, 447, 206
9469, 231, 427, 196
9470, 216, 399, 183
9471, 205, 391, 186
9472, 209, 406, 197
9473, 210, 433, 223
9474, 254, 480, 226
9475, 248, 448, 200
9476, 229, 434, 205
9477, 231, 465, 234
9478, 264, 490, 226
9479, 244, 436, 192
9480, 212, 402, 190
9481, 207, 393, 186
9482, 213, 435, 222
9483, 240, 477, 237
9484, 264, 542, 278
9485, 317, 650, 333
9486, 356, 675, 319
9487, 332, 582, 250
9488, 264, 496, 232
9489, 247, 467, 220
9490, 231, 430, 199
9491, 218, 431, 213
9492, 232, 464, 232
9493, 247, 501, 254
9494, 277, 567, 290
9495, 304, 567, 263
9496, 278, 540, 262
9497, 275, 533, 258
9498, 284, 546, 262
9499, 278, 519, 241
9500, 260, 481, 221
9501, 239, 467, 228
9502, 251, 494, 243
9503, 256, 504, 248
9504, 267, 505, 238
9505, 259, 488, 229
9506, 246, 473, 227
9507, 246, 478, 232
9508, 253, 480, 227
9509, 243, 442, 199
9510, 227, 428, 201
9511, 222, 415, 193
9512, 213, 418, 205
9513, 227, 471, 244
9514, 269, 537, 268
9515, 293, 549, 256
9516, 280, 532, 252
9517, 268, 489, 221
9518, 243, 465, 222
9519, 232, 430, 198
9520, 213, 414, 201
9521, 227, 451, 224
9522, 234, 481, 247
9523, 272, 550, 278
9524, 296, 592, 296
9525, 314, 592, 278
9526, 295, 528, 233
9527, 253, 468, 215
9528, 232, 436, 204
9529, 218, 432, 214
9530, 229, 451, 222
9531, 247, 469, 222
9532, 244, 505, 261
9533, 291, 598, 307
9534, 318, 617, 299
9535, 314, 611, 297
9536, 318, 575, 257
9537, 271, 514, 243
9538, 261, 509, 248
9539, 268, 520, 252
9540, 269, 531, 262
9541, 280, 575, 295
9542, 318, 628, 310
9543, 337, 646, 309
9544, 325, 567, 242
9545, 254, 468, 214
9546, 231, 444, 213
9547, 235, 455, 220
9548, 239, 468, 229
9549, 245, 485, 240
9550, 260, 529, 269
9551, 286, 585, 299
9552, 313, 612, 299
9553, 318, 580, 262
9554, 285, 523, 238
9555, 263, 482, 219
9556, 231, 458, 227
9557, 242, 470, 228
9558, 250, 496, 246
9559, 266, 542, 276
9560, 298, 597, 299
9561, 315, 641, 326
9562, 347, 652, 305
9563, 315, 565, 250
9564, 269, 491, 222
9565, 239, 443, 204
9566, 220, 426, 206
9567, 229, 456, 227
9568, 246, 484, 238
9569, 252, 532, 280
9570, 303, 590, 287
9571, 308, 610, 302
9572, 325, 586, 261
9573, 275, 512, 237
9574, 249, 475, 226
9575, 245, 499, 254
9576, 273, 535, 262
9577, 279, 552, 273
9578, 295, 613, 318
9579, 334, 668, 334
9580, 345, 656, 311
9581, 324, 607, 283
9582, 290, 536, 246
9583, 259, 512, 253
9584, 265, 517, 252
9585, 264, 538, 274
9586, 297, 604, 307
9587, 324, 635, 311
9588, 332, 648, 316
9589, 331, 629, 298
9590, 310, 555, 245
9591, 257, 496, 239
9592, 255, 511, 256
9593, 272, 540, 268
9594, 281, 559, 278
9595, 295, 609, 314
9596, 330, 639, 309
9597, 321, 600, 279
9598, 290, 512, 222
9599, 236, 451, 215
9600, 226, 434, 208
9601, 222, 438, 216
9602, 235, 459, 224
9603, 234, 471, 237
9604, 264, 540, 276
9605, 295, 607, 312
9606, 333, 615, 282
9607, 298, 537, 239
9608, 255, 492, 237
9609, 251, 491, 240
9610, 250, 488, 238
9611, 251, 506, 255
9612, 276, 560, 284
9613, 307, 626, 319
9614, 343, 672, 329
9615, 343, 668, 325
9616, 333, 631, 298
9617, 308, 582, 274
9618, 282, 522, 240
9619, 250, 507, 257
9620, 273, 548, 275
9621, 284, 572, 288
9622, 303, 601, 298
9623, 319, 634, 315
9624, 338, 635, 297
9625, 314, 544, 230
9626, 244, 470, 226
9627, 237, 469, 232
9628, 248, 483, 235
9629, 252, 510, 258
9630, 268, 546, 278
9631, 294, 593, 299
9632, 320, 627, 307
9633, 320, 570, 250
9634, 263, 492, 229
9635, 250, 481, 231
9636, 242, 453, 211
9637, 222, 435, 213
9638, 232, 460, 228
9639, 248, 496, 248
9640, 268, 508, 240
9641, 256, 512, 256
9642, 278, 543, 265
9643, 291, 542, 251
9644, 279, 498, 219
9645, 242, 444, 202
9646, 217, 406, 189
9647, 212, 430, 218
9648, 240, 474, 234
9649, 264, 524, 260
9650, 271, 542, 271
9651, 287, 577, 290
9652, 305, 571, 266
9653, 282, 528, 246
9654, 262, 492, 230
9655, 251, 491, 240
9656, 251, 491, 240
9657, 254, 515, 261
9658, 273, 552, 279
9659, 289, 576, 287
9660, 300, 588, 288
9661, 307, 590, 283
9662, 301, 571, 270
9663, 286, 533, 247
9664, 259, 490, 231
9665, 246, 494, 248
9666, 263, 528, 265
9667, 285, 571, 286
9668, 301, 580, 279
9669, 297, 577, 280
9670, 300, 571, 271
9671, 283, 527, 244
9672, 265, 462, 197
9673, 216, 428, 212
9674, 227, 433, 206
9675, 234, 464, 230
9676, 258, 532, 274
9677, 300, 560, 260
9678, 275, 536, 261
9679, 276, 563, 287
9680, 301, 534, 233
9681, 254, 460, 206
9682, 221, 429, 208
9683, 231, 453, 222
9684, 238, 473, 235
9685, 259, 521, 262
9686, 280, 551, 271
9687, 290, 572, 282
9688, 301, 593, 292
9689, 306, 562, 256
9690, 268, 493, 225
9691, 243, 454, 211
9692, 229, 445, 216
9693, 239, 482, 243
9694, 271, 546, 275
9695, 293, 564, 271
9696, 289, 578, 289
9697, 299, 594, 295
9698, 307, 579, 272
9699, 282, 525, 243
9700, 257, 507, 250
9701, 272, 521, 249
9702, 269, 501, 232
9703, 251, 504, 253
9704, 271, 539, 268
9705, 286, 584, 298
9706, 317, 605, 288
9707, 304, 560, 256
9708, 269, 504, 235
9709, 250, 455, 205
9710, 219, 420, 201
9711, 222, 437, 215
9712, 237, 483, 246
9713, 269, 551, 282
9714, 300, 593, 293
9715, 307, 591, 284
9716, 309, 583, 274
9717, 291, 511, 220
9718, 234, 446, 212
9719, 227, 447, 220
9720, 240, 464, 224
9721, 251, 484, 233
9722, 256, 527, 271
9723, 291, 573, 282
9724, 300, 586, 286
9725, 305, 595, 290
9726, 307, 553, 246
9727, 263, 495, 232
9728, 246, 463, 217
9729, 233, 458, 225
9730, 242, 487, 245
9731, 264, 534, 270
9732, 289, 580, 291
9733, 303, 581, 278
9734, 294, 558, 264
9735, 283, 553, 270
9736, 290, 574, 284
9737, 299, 553, 254
9738, 267, 523, 256
9739, 270, 554, 284
9740, 299, 597, 298
9741, 323, 624, 301
9742, 315, 576, 261
9743, 276, 549, 273
9744, 285, 549, 264
9745, 279, 549, 270
9746, 282, 543, 261
9747, 284, 537, 253
9748, 271, 550, 279
9749, 298, 606, 308
9750, 320, 610, 290
9751, 318, 605, 287
9752, 304, 565, 261
9753, 273, 528, 255
9754, 270, 512, 242
9755, 264, 519, 255
9756, 269, 534, 265
9757, 281, 562, 281
9758, 296, 599, 303
9759, 320, 610, 290
9760, 303, 578, 275
9761, 290, 536, 246
9762, 258, 522, 264
9763, 286, 560, 274
9764, 296, 569, 273
9765, 289, 578, 289
9766, 304, 608, 304
9767, 315, 595, 280
9768, 296, 570, 274
9769, 296, 550, 254
9770, 270, 524, 254
9771, 271, 542, 271
9772, 281, 574, 293
9773, 311, 614, 303
9774, 321, 620, 299
9775, 315, 575, 260
9776, 280, 555, 275
9777, 291, 569, 278
9778, 292, 575, 283
9779, 295, 583, 288
9780, 300, 614, 314
9781, 328, 621, 293
9782, 307, 609, 302
9783, 320, 638, 318
9784, 336, 643, 307
9785, 319, 608, 289
9786, 300, 582, 282
9787, 294, 564, 270
9788, 285, 573, 288
9789, 297, 555, 258
9790, 272, 548, 276
9791, 295, 590, 295
9792, 313, 612, 299
9793, 314, 602, 288
9794, 305, 558, 253
9795, 273, 528, 255
9796, 268, 539, 271
9797, 279, 526, 247
9798, 267, 520, 253
9799, 279, 557, 278
9800, 293, 556, 263
9801, 278, 549, 271
9802, 284, 561, 277
9803, 289, 565, 276
9804, 299, 572, 273
9805, 286, 567, 281
9806, 298, 575, 277
9807, 287, 538, 251
9808, 268, 521, 253
9809, 272, 527, 255
9810, 273, 523, 250
9811, 264, 527, 263
9812, 289, 536, 247
9813, 266, 499, 233
9814, 251, 448, 197
9815, 218, 410, 192
9816, 212, 417, 205
9817, 232, 454, 222
9818, 245, 457, 212
9819, 239, 452, 213
9820, 236, 460, 224
9821, 246, 470, 224
9822, 246, 464, 218
9823, 241, 424, 183
9824, 203, 397, 194
9825, 222, 425, 203
9826, 222, 416, 194
9827, 223, 411, 188
9828, 217, 418, 201
9829, 232, 444, 212
9830, 238, 461, 223
9831, 243, 496, 253
9832, 279, 546, 267
9833, 288, 560, 272
9834, 294, 590, 296
9835, 313, 618, 305
9836, 316, 588, 272
9837, 283, 531, 248
9838, 264, 486, 222
9839, 241, 466, 225
9840, 249, 480, 231
9841, 247, 483, 236
9842, 255, 492, 237
9843, 249, 475, 226
9844, 249, 457, 208
9845, 232, 439, 207
9846, 228, 436, 208
9847, 229, 429, 200
9848, 223, 428, 205
9849, 225, 441, 216
9850, 236, 466, 230
9851, 255, 498, 243
9852, 265, 494, 229
9853, 248, 461, 213
9854, 240, 435, 195
9855, 216, 417, 201
9856, 221, 422, 201
9857, 213, 408, 195
9858, 221, 431, 210
9859, 238, 438, 200
9860, 227, 453, 226
9861, 251, 499, 248
9862, 256, 497, 241
9863, 263, 498, 235
9864, 248, 482, 234
9865, 258, 463, 205
9866, 230, 404, 174
9867, 196, 371, 175
9868, 201, 366, 165
9869, 185, 352, 167
9870, 196, 366, 170
9871, 188, 347, 159
9872, 191, 363, 172
9873, 209, 380, 171
9874, 192, 316, 124
9875, 149, 243, 94
9876, 122, 191, 69
9877, 101, 143, 42
9878, 79, 110, 31
9879, 68, 102, 34
9880, 72, 101, 29
9881, 82, 123, 41
9882, 80, 132, 52
9883, 89, 176, 87
9884, 128, 255, 127
9885, 152, 321, 169
9886, 215, 421, 206
9887, 232, 477, 245
9888, 271, 526, 255
9889, 277, 540, 263
9890, 283, 500, 217
9891, 235, 400, 165
9892, 183, 312, 129
9893, 153, 246, 93
9894, 116, 208, 92
9895, 129, 200, 71
9896, 101, 152, 51
9897, 82, 118, 36
9898, 67, 91, 24
9899, 77, 90, 13
9900, 51, 51, 0
9901, 34, 34, 0
9902, 46, 50, 4
9903, 57, 57, 0
9904, 51, 57, 6
9905, 59, 75, 16
9906, 64, 98, 34
9907, 78, 152, 74
9908, 119, 241, 122
9909, 162, 355, 193
9910, 224, 453, 229
9911, 265, 458, 193
9912, 223, 413, 190
9913, 218, 422, 204
9914, 222, 432, 210
9915, 237, 453, 216
9916, 242, 441, 199
9917, 228, 405, 177
9918, 197, 325, 128
9919, 158, 238, 80
9920, 112, 188, 76
9921, 98, 167, 69
9922, 104, 167, 63
9923, 105, 161, 56
9924, 92, 160, 68
9925, 109, 187, 78
9926, 113, 206, 93
9927, 132, 259, 127
9928, 167, 297, 130
9929, 162, 306, 144
9930, 181, 361, 180
9931, 216, 434, 218
9932, 252, 505, 253
9933, 274, 566, 292
9934, 312, 578, 266
9935, 280, 506, 226
9936, 252, 459, 207
9937, 231, 446, 215
9938, 237, 430, 193
9939, 209, 371, 162
9940, 181, 343, 162
9941, 186, 350, 164
9942, 188, 350, 162
9943, 191, 378, 187
9944, 207, 385, 178
9945, 204, 378, 174
9946, 200, 384, 184
9947, 208, 391, 183
9948, 212, 395, 183
9949, 202, 386, 184
9950, 205, 393, 188
9951, 218, 393, 175
9952, 196, 308, 112
9953, 137, 241, 104
9954, 128, 235, 107
9955, 136, 269, 133
9956, 167, 301, 134
9957, 162, 327, 165
9958, 193, 384, 191
9959, 222, 422, 200
9960, 218, 444, 226
9961, 252, 503, 251
9962, 269, 514, 245
9963, 264, 486, 222
9964, 236, 464, 228
9965, 236, 475, 239
9966, 266, 507, 241
9967, 261, 477, 216
9968, 238, 453, 215
9969, 240, 477, 237
9970, 257, 504, 247
9971, 268, 531, 263
9972, 280, 541, 261
9973, 275, 520, 245
9974, 259, 501, 242
9975, 259, 496, 237
9976, 250, 476, 226
9977, 247, 452, 205
9978, 222, 420, 198
9979, 220, 423, 203
9980, 231, 451, 220
9981, 241, 417, 176
9982, 203, 396, 193
9983, 210, 406, 196
9984, 216, 424, 208
9985, 233, 412, 179
9986, 197, 373, 176
9987, 206, 381, 175
9988, 211, 382, 171
9989, 189, 376, 187
9990, 213, 393, 180
9991, 205, 408, 203
9992, 222, 445, 223
9993, 245, 480, 235
9994, 262, 527, 265
9995, 288, 579, 291
9996, 316, 615, 299
9997, 315, 597, 282
9998, 297, 546, 249
9999, 267, 516, 249
