time_steps,spikes_input,spikes_total,spikes_neighbors
0, 61, 372, 311
1, 350, 1264, 914
2, 933, 1762, 829
3, 832, 1053, 221
4, 227, 280, 53
5, 53, 85, 32
6, 43, 65, 22
7, 47, 159, 112
8, 142, 542, 400
9, 440, 1224, 784
10, 809, 1478, 669
11, 678, 945, 267
12, 268, 365, 97
13, 99, 121, 22
14, 29, 37, 8
15, 34, 140, 106
16, 137, 561, 424
17, 457, 1158, 701
18, 728, 1366, 638
19, 647, 1002, 355
20, 358, 450, 92
21, 97, 129, 32
22, 43, 109, 66
23, 89, 351, 262
24, 298, 862, 564
25, 598, 1292, 694
26, 712, 1190, 478
27, 486, 713, 227
28, 233, 292, 59
29, 67, 103, 36
30, 50, 101, 51
31, 84, 364, 280
32, 309, 963, 654
33, 681, 1433, 752
34, 765, 1221, 456
35, 464, 622, 158
36, 159, 190, 31
37, 42, 71, 29
38, 48, 208, 160
39, 191, 630, 439
40, 481, 1162, 681
41, 709, 1358, 649
42, 655, 947, 292
43, 297, 388, 91
44, 98, 157, 59
45, 73, 200, 127
46, 155, 486, 331
47, 369, 1040, 671
48, 695, 1403, 708
49, 722, 1079, 357
50, 363, 478, 115
51, 124, 186, 62
52, 74, 201, 127
53, 146, 444, 298
54, 327, 896, 569
55, 597, 1345, 748
56, 756, 1199, 443
57, 447, 591, 144
58, 149, 202, 53
59, 61, 145, 84
60, 104, 322, 218
61, 246, 809, 563
62, 590, 1295, 705
63, 726, 1216, 490
64, 500, 728, 228
65, 229, 294, 65
66, 75, 94, 19
67, 39, 162, 123
68, 151, 599, 448
69, 475, 1122, 647
70, 662, 1200, 538
71, 550, 894, 344
72, 346, 520, 174
73, 183, 274, 91
74, 103, 188, 85
75, 109, 345, 236
76, 273, 841, 568
77, 584, 1202, 618
78, 630, 1067, 437
79, 446, 732, 286
80, 294, 399, 105
81, 111, 201, 90
82, 113, 319, 206
83, 231, 723, 492
84, 520, 1119, 599
85, 618, 1095, 477
86, 491, 808, 317
87, 326, 506, 180
88, 185, 267, 82
89, 99, 246, 147
90, 167, 513, 346
91, 368, 889, 521
92, 541, 1015, 474
93, 490, 933, 443
94, 454, 769, 315
95, 319, 419, 100
96, 113, 178, 65
97, 87, 321, 234
98, 249, 669, 420
99, 450, 974, 524
100, 555, 1127, 572
101, 583, 963, 380
102, 386, 562, 176
103, 181, 260, 79
104, 98, 283, 185
105, 213, 628, 415
106, 444, 950, 506
107, 521, 1016, 495
108, 511, 926, 415
109, 420, 666, 246
110, 253, 337, 84
111, 96, 140, 44
112, 62, 240, 178
113, 199, 562, 363
114, 399, 1036, 637
115, 661, 1229, 568
116, 579, 986, 407
117, 411, 539, 128
118, 132, 177, 45
119, 54, 94, 40
120, 61, 218, 157
121, 186, 534, 348
122, 384, 1043, 659
123, 675, 1315, 640
124, 648, 999, 351
125, 355, 496, 141
126, 147, 208, 61
127, 75, 130, 55
128, 85, 308, 223
129, 252, 859, 607
130, 634, 1338, 704
131, 717, 1114, 397
132, 403, 647, 244
133, 248, 379, 131
134, 141, 211, 70
135, 87, 236, 149
136, 172, 561, 389
137, 425, 1136, 711
138, 728, 1358, 630
139, 638, 939, 301
140, 304, 430, 126
141, 133, 193, 60
142, 82, 226, 144
143, 171, 631, 460
144, 489, 1113, 624
145, 643, 1220, 577
146, 591, 905, 314
147, 322, 498, 176
148, 179, 246, 67
149, 89, 232, 143
150, 167, 579, 412
151, 441, 1135, 694
152, 714, 1271, 557
153, 565, 914, 349
154, 356, 528, 172
155, 175, 232, 57
156, 72, 121, 49
157, 70, 268, 198
158, 235, 693, 458
159, 497, 1203, 706
160, 733, 1358, 625
161, 630, 894, 264
162, 265, 325, 60
163, 66, 75, 9
164, 26, 97, 71
165, 101, 444, 343
166, 383, 1024, 641
167, 667, 1261, 594
168, 607, 1029, 422
169, 432, 650, 218
170, 221, 282, 61
171, 74, 110, 36
172, 59, 286, 227
173, 260, 843, 583
174, 611, 1300, 689
175, 707, 1149, 442
176, 453, 665, 212
177, 213, 297, 84
178, 88, 141, 53
179, 69, 158, 89
180, 127, 451, 324
181, 358, 1035, 677
182, 699, 1409, 710
183, 719, 1064, 345
184, 353, 525, 172
185, 179, 259, 80
186, 88, 120, 32
187, 61, 223, 162
188, 190, 711, 521
189, 555, 1271, 716
190, 738, 1237, 499
191, 507, 825, 318
192, 322, 454, 132
193, 137, 173, 36
194, 49, 129, 80
195, 109, 411, 302
196, 326, 925, 599
197, 629, 1223, 594
198, 607, 1073, 466
199, 472, 702, 230
200, 237, 332, 95
201, 102, 189, 87
202, 106, 305, 199
203, 222, 648, 426
204, 457, 1021, 564
205, 584, 1154, 570
206, 579, 946, 367
207, 370, 501, 131
208, 136, 179, 43
209, 56, 86, 30
210, 53, 195, 142
211, 164, 508, 344
212, 376, 943, 567
213, 594, 1241, 647
214, 659, 1062, 403
215, 414, 612, 198
216, 203, 253, 50
217, 65, 127, 62
218, 86, 391, 305
219, 327, 878, 551
220, 573, 1278, 705
221, 718, 1145, 427
222, 434, 663, 229
223, 238, 336, 98
224, 104, 136, 32
225, 49, 141, 92
226, 124, 466, 342
227, 382, 951, 569
228, 598, 1244, 646
229, 661, 1103, 442
230, 450, 662, 212
231, 216, 274, 58
232, 64, 158, 94
233, 105, 317, 212
234, 235, 604, 369
235, 394, 940, 546
236, 573, 1086, 513
237, 528, 926, 398
238, 407, 608, 201
239, 207, 306, 99
240, 115, 302, 187
241, 201, 521, 320
242, 332, 692, 360
243, 388, 805, 417
244, 432, 925, 493
245, 503, 866, 363
246, 373, 576, 203
247, 217, 412, 195
248, 211, 488, 277
249, 292, 621, 329
250, 348, 706, 358
251, 372, 745, 373
252, 395, 760, 365
253, 381, 677, 296
254, 314, 618, 304
255, 315, 681, 366
256, 381, 742, 361
257, 380, 780, 400
258, 418, 812, 394
259, 408, 694, 286
260, 304, 591, 287
261, 301, 573, 272
262, 293, 593, 300
263, 319, 665, 346
264, 362, 778, 416
265, 428, 859, 431
266, 442, 768, 326
267, 337, 579, 242
268, 259, 575, 316
269, 334, 659, 325
270, 347, 658, 311
271, 329, 739, 410
272, 424, 835, 411
273, 426, 735, 309
274, 324, 625, 301
275, 312, 560, 248
276, 267, 516, 249
277, 268, 562, 294
278, 319, 778, 459
279, 483, 960, 477
280, 493, 828, 335
281, 348, 609, 261
282, 270, 509, 239
283, 255, 496, 241
284, 254, 562, 308
285, 324, 712, 388
286, 405, 828, 423
287, 438, 850, 412
288, 430, 732, 302
289, 311, 533, 222
290, 231, 459, 228
291, 240, 457, 217
292, 241, 484, 243
293, 274, 702, 428
294, 449, 992, 543
295, 555, 972, 417
296, 427, 742, 315
297, 319, 595, 276
298, 284, 527, 243
299, 259, 496, 237
300, 255, 599, 344
301, 363, 792, 429
302, 446, 879, 433
303, 453, 767, 314
304, 325, 655, 330
305, 340, 613, 273
306, 290, 540, 250
307, 267, 589, 322
308, 337, 718, 381
309, 402, 816, 414
310, 427, 749, 322
311, 335, 582, 247
312, 262, 464, 202
313, 216, 526, 310
314, 329, 776, 447
315, 463, 817, 354
316, 367, 724, 357
317, 370, 700, 330
318, 340, 558, 218
319, 237, 432, 195
320, 210, 476, 266
321, 283, 717, 434
322, 449, 845, 396
323, 408, 773, 365
324, 386, 788, 402
325, 414, 731, 317
326, 326, 495, 169
327, 186, 387, 201
328, 221, 543, 322
329, 334, 802, 468
330, 482, 886, 404
331, 421, 750, 329
332, 346, 670, 324
333, 338, 630, 292
334, 306, 539, 233
335, 247, 558, 311
336, 331, 809, 478
337, 493, 906, 413
338, 428, 795, 367
339, 378, 701, 323
340, 333, 567, 234
341, 243, 382, 139
342, 157, 299, 142
343, 175, 527, 352
344, 383, 968, 585
345, 603, 1153, 550
346, 560, 885, 325
347, 335, 576, 241
348, 248, 415, 167
349, 177, 274, 97
350, 121, 280, 159
351, 189, 627, 438
352, 467, 1053, 586
353, 607, 1128, 521
354, 539, 907, 368
355, 377, 588, 211
356, 217, 293, 76
357, 83, 139, 56
358, 76, 241, 165
359, 201, 607, 406
360, 439, 1038, 599
361, 609, 1112, 503
362, 518, 884, 366
363, 373, 591, 218
364, 222, 288, 66
365, 76, 148, 72
366, 97, 332, 235
367, 263, 703, 440
368, 470, 1028, 558
369, 576, 1117, 541
370, 551, 875, 324
371, 334, 527, 193
372, 202, 323, 121
373, 138, 351, 213
374, 234, 602, 368
375, 392, 807, 415
376, 442, 1025, 583
377, 600, 1068, 468
378, 475, 670, 195
379, 202, 260, 58
380, 71, 184, 113
381, 129, 377, 248
382, 275, 651, 376
383, 399, 901, 502
384, 518, 1086, 568
385, 582, 1005, 423
386, 428, 613, 185
387, 193, 332, 139
388, 149, 310, 161
389, 187, 492, 305
390, 324, 855, 531
391, 550, 1000, 450
392, 465, 863, 398
393, 405, 594, 189
394, 202, 364, 162
395, 181, 369, 188
396, 212, 481, 269
397, 291, 686, 395
398, 413, 887, 474
399, 491, 918, 427
400, 437, 781, 344
401, 354, 566, 212
402, 223, 330, 107
403, 124, 299, 175
404, 193, 581, 388
405, 409, 932, 523
406, 540, 1028, 488
407, 500, 841, 341
408, 350, 656, 306
409, 313, 448, 135
410, 146, 225, 79
411, 101, 304, 203
412, 223, 570, 347
413, 380, 900, 520
414, 541, 1045, 504
415, 517, 906, 389
416, 402, 642, 240
417, 256, 405, 149
418, 161, 387, 226
419, 243, 617, 374
420, 396, 798, 402
421, 428, 864, 436
422, 450, 753, 303
423, 315, 576, 261
424, 277, 523, 246
425, 262, 469, 207
426, 220, 443, 223
427, 244, 633, 389
428, 416, 974, 558
429, 574, 1019, 445
430, 461, 838, 377
431, 383, 651, 268
432, 279, 450, 171
433, 177, 391, 214
434, 233, 561, 328
435, 349, 815, 466
436, 484, 919, 435
437, 450, 781, 331
438, 349, 624, 275
439, 282, 534, 252
440, 260, 488, 228
441, 249, 475, 226
442, 241, 570, 329
443, 350, 769, 419
444, 443, 956, 513
445, 522, 894, 372
446, 384, 663, 279
447, 288, 537, 249
448, 260, 464, 204
449, 216, 436, 220
450, 240, 597, 357
451, 387, 857, 470
452, 478, 886, 408
453, 432, 877, 445
454, 453, 796, 343
455, 349, 540, 191
456, 202, 401, 199
457, 217, 476, 259
458, 282, 703, 421
459, 442, 915, 473
460, 490, 918, 428
461, 443, 792, 349
462, 358, 663, 305
463, 307, 501, 194
464, 206, 393, 187
465, 216, 489, 273
466, 297, 791, 494
467, 510, 1005, 495
468, 509, 881, 372
469, 382, 730, 348
470, 361, 634, 273
471, 278, 488, 210
472, 228, 435, 207
473, 222, 510, 288
474, 317, 751, 434
475, 456, 993, 537
476, 551, 972, 421
477, 432, 707, 275
478, 283, 493, 210
479, 223, 446, 223
480, 239, 521, 282
481, 304, 701, 397
482, 422, 918, 496
483, 516, 995, 479
484, 489, 764, 275
485, 280, 454, 174
486, 188, 352, 164
487, 183, 457, 274
488, 296, 714, 418
489, 445, 992, 547
490, 564, 1004, 440
491, 453, 779, 326
492, 334, 549, 215
493, 231, 411, 180
494, 192, 428, 236
495, 251, 535, 284
496, 308, 692, 384
497, 405, 832, 427
498, 442, 788, 346
499, 356, 714, 358
500, 370, 673, 303
501, 309, 532, 223
502, 239, 475, 236
503, 253, 526, 273
504, 299, 688, 389
505, 413, 914, 501
506, 518, 969, 451
507, 462, 782, 320
508, 328, 561, 233
509, 243, 480, 237
510, 251, 535, 284
511, 308, 684, 376
512, 392, 811, 419
513, 441, 870, 429
514, 445, 806, 361
515, 372, 646, 274
516, 289, 544, 255
517, 271, 533, 262
518, 283, 645, 362
519, 380, 778, 398
520, 420, 813, 393
521, 404, 716, 312
522, 325, 564, 239
523, 249, 470, 221
524, 236, 537, 301
525, 312, 651, 339
526, 360, 706, 346
527, 365, 744, 379
528, 396, 760, 364
529, 380, 711, 331
530, 343, 672, 329
531, 346, 628, 282
532, 298, 580, 282
533, 294, 633, 339
534, 358, 781, 423
535, 438, 810, 372
536, 386, 673, 287
537, 304, 583, 279
538, 294, 612, 318
539, 332, 628, 296
540, 317, 669, 352
541, 368, 781, 413
542, 426, 789, 363
543, 378, 728, 350
544, 360, 644, 284
545, 302, 592, 290
546, 305, 618, 313
547, 335, 662, 327
548, 345, 739, 394
549, 413, 782, 369
550, 377, 659, 282
551, 291, 527, 236
552, 248, 531, 283
553, 304, 634, 330
554, 343, 682, 339
555, 351, 668, 317
556, 337, 673, 336
557, 360, 697, 337
558, 349, 718, 369
559, 387, 702, 315
560, 340, 624, 284
561, 300, 631, 331
562, 346, 629, 283
563, 303, 615, 312
564, 328, 691, 363
565, 373, 733, 360
566, 370, 649, 279
567, 285, 473, 188
568, 208, 468, 260
569, 280, 588, 308
570, 335, 701, 366
571, 393, 887, 494
572, 508, 962, 454
573, 462, 742, 280
574, 295, 575, 280
575, 294, 576, 282
576, 289, 528, 239
577, 253, 493, 240
578, 275, 713, 438
579, 457, 983, 526
580, 546, 897, 351
581, 364, 677, 313
582, 326, 597, 271
583, 278, 527, 249
584, 261, 491, 230
585, 248, 499, 251
586, 279, 717, 438
587, 455, 837, 382
588, 397, 734, 337
589, 348, 643, 295
590, 306, 587, 281
591, 296, 567, 271
592, 283, 563, 280
593, 305, 647, 342
594, 358, 710, 352
595, 371, 745, 374
596, 394, 702, 308
597, 316, 653, 337
598, 343, 636, 293
599, 307, 588, 281
600, 303, 573, 270
601, 289, 690, 401
602, 419, 875, 456
603, 476, 809, 333
604, 346, 646, 300
605, 307, 614, 307
606, 317, 559, 242
607, 262, 555, 293
608, 313, 694, 381
609, 402, 838, 436
610, 451, 835, 384
611, 395, 711, 316
612, 322, 575, 253
613, 266, 506, 240
614, 253, 512, 259
615, 288, 624, 336
616, 357, 762, 405
617, 423, 864, 441
618, 450, 806, 356
619, 367, 602, 235
620, 250, 552, 302
621, 317, 549, 232
622, 246, 456, 210
623, 230, 534, 304
624, 321, 801, 480
625, 497, 980, 483
626, 498, 843, 345
627, 359, 634, 275
628, 292, 556, 264
629, 275, 513, 238
630, 255, 506, 251
631, 273, 624, 351
632, 375, 848, 473
633, 497, 930, 433
634, 444, 808, 364
635, 377, 630, 253
636, 258, 444, 186
637, 204, 357, 153
638, 177, 496, 319
639, 340, 801, 461
640, 487, 1020, 533
641, 542, 1014, 472
642, 483, 714, 231
643, 244, 424, 180
644, 191, 379, 188
645, 207, 442, 235
646, 263, 688, 425
647, 447, 982, 535
648, 553, 1035, 482
649, 495, 824, 329
650, 336, 544, 208
651, 219, 403, 184
652, 191, 399, 208
653, 227, 521, 294
654, 324, 802, 478
655, 495, 1024, 529
656, 542, 961, 419
657, 430, 678, 248
658, 257, 418, 161
659, 177, 398, 221
660, 240, 593, 353
661, 376, 790, 414
662, 436, 944, 508
663, 529, 957, 428
664, 436, 733, 297
665, 305, 478, 173
666, 191, 377, 186
667, 205, 498, 293
668, 310, 694, 384
669, 412, 894, 482
670, 501, 964, 463
671, 479, 865, 386
672, 393, 575, 182
673, 192, 327, 135
674, 149, 354, 205
675, 224, 592, 368
676, 399, 926, 527
677, 545, 989, 444
678, 458, 808, 350
679, 363, 640, 277
680, 285, 439, 154
681, 170, 321, 151
682, 172, 409, 237
683, 259, 647, 388
684, 411, 826, 415
685, 431, 875, 444
686, 461, 881, 420
687, 430, 659, 229
688, 238, 422, 184
689, 205, 509, 304
690, 316, 692, 376
691, 399, 803, 404
692, 432, 898, 466
693, 479, 864, 385
694, 391, 607, 216
695, 228, 315, 87
696, 100, 273, 173
697, 199, 517, 318
698, 344, 863, 519
699, 538, 987, 449
700, 461, 895, 434
701, 447, 742, 295
702, 307, 479, 172
703, 185, 371, 186
704, 200, 425, 225
705, 253, 613, 360
706, 389, 912, 523
707, 538, 1040, 502
708, 510, 844, 334
709, 346, 560, 214
710, 225, 319, 94
711, 114, 338, 224
712, 243, 547, 304
713, 331, 844, 513
714, 530, 1100, 570
715, 577, 999, 422
716, 425, 671, 246
717, 257, 369, 112
718, 125, 312, 187
719, 202, 510, 308
720, 326, 685, 359
721, 388, 949, 561
722, 578, 1137, 559
723, 566, 866, 300
724, 305, 382, 77
725, 85, 100, 15
726, 36, 164, 128
727, 144, 474, 330
728, 357, 883, 526
729, 549, 1252, 703
730, 714, 1216, 502
731, 506, 682, 176
732, 181, 204, 23
733, 43, 164, 121
734, 136, 389, 253
735, 273, 626, 353
736, 387, 951, 564
737, 581, 1212, 631
738, 639, 1026, 387
739, 392, 473, 81
740, 85, 126, 41
741, 53, 157, 104
742, 128, 400, 272
743, 300, 785, 485
744, 523, 1172, 649
745, 666, 1177, 511
746, 519, 738, 219
747, 222, 289, 67
748, 78, 136, 58
749, 71, 231, 160
750, 188, 583, 395
751, 425, 1068, 643
752, 665, 1239, 574
753, 581, 888, 307
754, 314, 473, 159
755, 167, 250, 83
756, 107, 245, 138
757, 162, 486, 324
758, 352, 921, 569
759, 591, 1196, 605
760, 622, 1100, 478
761, 488, 716, 228
762, 230, 274, 44
763, 57, 114, 57
764, 80, 283, 203
765, 245, 795, 550
766, 580, 1230, 650
767, 669, 1163, 494
768, 502, 725, 223
769, 229, 331, 102
770, 114, 216, 102
771, 116, 268, 152
772, 179, 573, 394
773, 422, 1060, 638
774, 649, 1242, 593
775, 606, 956, 350
776, 357, 519, 162
777, 173, 267, 94
778, 109, 248, 139
779, 160, 468, 308
780, 333, 824, 491
781, 523, 1128, 605
782, 618, 1109, 491
783, 501, 771, 270
784, 274, 337, 63
785, 74, 134, 60
786, 81, 305, 224
787, 257, 785, 528
788, 552, 1140, 588
789, 607, 1145, 538
790, 545, 854, 309
791, 314, 422, 108
792, 115, 192, 77
793, 104, 298, 194
794, 228, 673, 445
795, 466, 1024, 558
796, 573, 1025, 452
797, 472, 823, 351
798, 362, 566, 204
799, 210, 333, 123
800, 132, 215, 83
801, 110, 323, 213
802, 238, 703, 465
803, 487, 1077, 590
804, 611, 1184, 573
805, 583, 841, 258
806, 264, 385, 121
807, 129, 189, 60
808, 79, 179, 100
809, 126, 378, 252
810, 285, 819, 534
811, 566, 1299, 733
812, 748, 1215, 467
813, 478, 657, 179
814, 183, 273, 90
815, 96, 196, 100
816, 120, 356, 236
817, 258, 731, 473
818, 502, 1061, 559
819, 575, 1003, 428
820, 435, 733, 298
821, 305, 483, 178
822, 191, 326, 135
823, 154, 361, 207
824, 226, 555, 329
825, 354, 885, 531
826, 557, 1139, 582
827, 592, 948, 356
828, 361, 575, 214
829, 224, 348, 124
830, 131, 190, 59
831, 79, 208, 129
832, 155, 536, 381
833, 413, 942, 529
834, 542, 1115, 573
835, 593, 1086, 493
836, 496, 695, 199
837, 203, 287, 84
838, 96, 202, 106
839, 129, 377, 248
840, 277, 715, 438
841, 464, 1104, 640
842, 659, 1225, 566
843, 575, 841, 266
844, 270, 365, 95
845, 108, 248, 140
846, 153, 381, 228
847, 252, 669, 417
848, 449, 959, 510
849, 528, 1068, 540
850, 550, 903, 353
851, 361, 535, 174
852, 192, 362, 170
853, 182, 457, 275
854, 297, 670, 373
855, 394, 818, 424
856, 446, 843, 397
857, 407, 795, 388
858, 403, 650, 247
859, 263, 453, 190
860, 201, 409, 208
861, 227, 483, 256
862, 277, 693, 416
863, 438, 952, 514
864, 533, 919, 386
865, 397, 680, 283
866, 293, 508, 215
867, 227, 414, 187
868, 203, 472, 269
869, 291, 713, 422
870, 444, 971, 527
871, 548, 1074, 526
872, 540, 814, 274
873, 288, 496, 208
874, 211, 372, 161
875, 176, 328, 152
876, 172, 437, 265
877, 289, 683, 394
878, 421, 949, 528
879, 543, 1057, 514
880, 519, 783, 264
881, 271, 385, 114
882, 128, 254, 126
883, 144, 476, 332
884, 349, 760, 411
885, 437, 903, 466
886, 489, 989, 500
887, 513, 878, 365
888, 376, 584, 208
889, 225, 371, 146
890, 156, 354, 198
891, 212, 453, 241
892, 265, 573, 308
893, 338, 831, 493
894, 519, 1089, 570
895, 581, 899, 318
896, 328, 519, 191
897, 194, 359, 165
898, 185, 410, 225
899, 247, 553, 306
900, 324, 630, 306
901, 334, 671, 337
902, 359, 784, 425
903, 440, 823, 383
904, 402, 762, 360
905, 379, 717, 338
906, 344, 616, 272
907, 287, 555, 268
908, 287, 556, 269
909, 286, 628, 342
910, 357, 796, 439
911, 465, 841, 376
912, 388, 690, 302
913, 315, 604, 289
914, 301, 546, 245
915, 259, 535, 276
916, 297, 702, 405
917, 426, 858, 432
918, 447, 774, 327
919, 341, 667, 326
920, 333, 641, 308
921, 319, 635, 316
922, 328, 563, 235
923, 245, 434, 189
924, 214, 558, 344
925, 369, 834, 465
926, 485, 915, 430
927, 443, 814, 371
928, 391, 785, 394
929, 401, 653, 252
930, 264, 475, 211
931, 224, 469, 245
932, 268, 613, 345
933, 372, 899, 527
934, 548, 1013, 465
935, 480, 780, 300
936, 308, 570, 262
937, 272, 527, 255
938, 269, 580, 311
939, 324, 632, 308
940, 326, 665, 339
941, 366, 714, 348
942, 367, 754, 387
943, 403, 755, 352
944, 361, 650, 289
945, 303, 602, 299
946, 311, 574, 263
947, 283, 640, 357
948, 376, 725, 349
949, 362, 703, 341
950, 360, 769, 409
951, 428, 768, 340
952, 355, 584, 229
953, 245, 511, 266
954, 283, 639, 356
955, 368, 694, 326
956, 346, 661, 315
957, 331, 702, 371
958, 385, 731, 346
959, 359, 652, 293
960, 310, 594, 284
961, 299, 687, 388
962, 409, 860, 451
963, 469, 810, 341
964, 353, 694, 341
965, 356, 694, 338
966, 351, 687, 336
967, 351, 652, 301
968, 313, 622, 309
969, 327, 688, 361
970, 375, 737, 362
971, 372, 773, 401
972, 415, 775, 360
973, 377, 721, 344
974, 356, 644, 288
975, 299, 558, 259
976, 268, 482, 214
977, 231, 504, 273
978, 289, 685, 396
979, 417, 817, 400
980, 419, 814, 395
981, 406, 792, 386
982, 398, 680, 282
983, 291, 533, 242
984, 260, 543, 283
985, 297, 638, 341
986, 357, 758, 401
987, 414, 789, 375
988, 388, 740, 352
989, 360, 640, 280
990, 288, 457, 169
991, 189, 394, 205
992, 227, 598, 371
993, 390, 849, 459
994, 474, 905, 431
995, 440, 843, 403
996, 412, 712, 300
997, 310, 515, 205
998, 212, 351, 139
999, 166, 454, 288
1000, 305, 877, 572
1001, 596, 1107, 511
1002, 530, 961, 431
1003, 443, 736, 293
1004, 301, 473, 172
1005, 185, 315, 130
1006, 152, 443, 291
1007, 315, 826, 511
1008, 530, 1040, 510
1009, 524, 961, 437
1010, 444, 718, 274
1011, 284, 467, 183
1012, 190, 304, 114
1013, 135, 330, 195
1014, 211, 614, 403
1015, 432, 1015, 583
1016, 599, 1088, 489
1017, 501, 851, 350
1018, 363, 635, 272
1019, 278, 397, 119
1020, 129, 215, 86
1021, 110, 322, 212
1022, 241, 762, 521
1023, 540, 1203, 663
1024, 685, 1239, 554
1025, 557, 853, 296
1026, 299, 392, 93
1027, 103, 173, 70
1028, 82, 209, 127
1029, 156, 493, 337
1030, 368, 939, 571
1031, 594, 1172, 578
1032, 589, 1031, 442
1033, 449, 660, 211
1034, 220, 317, 97
1035, 108, 196, 88
1036, 110, 314, 204
1037, 234, 637, 403
1038, 436, 1098, 662
1039, 683, 1316, 633
1040, 642, 905, 263
1041, 269, 400, 131
1042, 138, 197, 59
1043, 75, 192, 117
1044, 140, 372, 232
1045, 270, 770, 500
1046, 525, 1152, 627
1047, 645, 1110, 465
1048, 473, 756, 283
1049, 288, 414, 126
1050, 136, 212, 76
1051, 96, 313, 217
1052, 241, 630, 389
1053, 420, 994, 574
1054, 595, 1133, 538
1055, 548, 901, 353
1056, 359, 549, 190
1057, 198, 277, 79
1058, 93, 165, 72
1059, 94, 331, 237
1060, 277, 809, 532
1061, 559, 1235, 676
1062, 693, 1174, 481
1063, 486, 754, 268
1064, 269, 374, 105
1065, 114, 151, 37
1066, 62, 256, 194
1067, 220, 691, 471
1068, 504, 1266, 762
1069, 779, 1292, 513
1070, 522, 744, 222
1071, 226, 349, 123
1072, 129, 181, 52
1073, 67, 175, 108
1074, 132, 367, 235
1075, 257, 752, 495
1076, 529, 1235, 706
1077, 721, 1235, 514
1078, 521, 773, 252
1079, 254, 324, 70
1080, 76, 88, 12
1081, 29, 66, 37
1082, 60, 288, 228
1083, 274, 947, 673
1084, 707, 1623, 916
1085, 931, 1358, 427
1086, 430, 502, 72
1087, 72, 87, 15
1088, 22, 44, 22
1089, 43, 185, 142
1090, 182, 623, 441
1091, 489, 1228, 739
1092, 762, 1401, 639
1093, 643, 938, 295
1094, 299, 365, 66
1095, 73, 99, 26
1096, 42, 102, 60
1097, 87, 367, 280
1098, 313, 947, 634
1099, 669, 1420, 751
1100, 764, 1242, 478
1101, 481, 597, 116
1102, 119, 147, 28
1103, 36, 66, 30
1104, 50, 162, 112
1105, 150, 537, 387
1106, 422, 1154, 732
1107, 765, 1445, 680
1108, 689, 975, 286
1109, 289, 391, 102
1110, 104, 141, 37
1111, 51, 118, 67
1112, 97, 392, 295
1113, 333, 934, 601
1114, 630, 1286, 656
1115, 672, 1061, 389
1116, 394, 616, 222
1117, 224, 338, 114
1118, 128, 193, 65
1119, 79, 249, 170
1120, 196, 621, 425
1121, 456, 1093, 637
1122, 647, 1228, 581
1123, 590, 910, 320
1124, 324, 486, 162
1125, 163, 213, 50
1126, 64, 121, 57
1127, 84, 329, 245
1128, 270, 812, 542
1129, 575, 1254, 679
1130, 694, 1174, 480
1131, 487, 702, 215
1132, 219, 317, 98
1133, 108, 190, 82
1134, 102, 272, 170
1135, 204, 619, 415
1136, 439, 1121, 682
1137, 703, 1283, 580
1138, 592, 909, 317
1139, 322, 458, 136
1140, 142, 202, 60
1141, 76, 124, 48
1142, 74, 288, 214
1143, 246, 756, 510
1144, 545, 1282, 737
1145, 751, 1303, 552
1146, 559, 784, 225
1147, 229, 302, 73
1148, 78, 122, 44
1149, 60, 163, 103
1150, 132, 465, 333
1151, 369, 1020, 651
1152, 672, 1389, 717
1153, 724, 1106, 382
1154, 384, 512, 128
1155, 130, 170, 40
1156, 48, 70, 22
1157, 42, 143, 101
1158, 143, 581, 438
1159, 469, 1211, 742
1160, 764, 1481, 717
1161, 726, 1005, 279
1162, 280, 369, 89
1163, 93, 98, 5
1164, 16, 34, 18
1165, 44, 233, 189
1166, 229, 763, 534
1167, 567, 1433, 866
1168, 889, 1440, 551
1169, 556, 757, 201
1170, 203, 210, 7
1171, 12, 12, 0
1172, 16, 37, 21
1173, 51, 255, 204
1174, 246, 871, 625
1175, 663, 1625, 962
1176, 975, 1391, 416
1177, 419, 538, 119
1178, 121, 139, 18
1179, 29, 48, 19
1180, 42, 202, 160
1181, 195, 712, 517
1182, 540, 1347, 807
1183, 829, 1383, 554
1184, 561, 820, 259
1185, 261, 322, 61
1186, 66, 86, 20
1187, 34, 148, 114
1188, 145, 542, 397
1189, 429, 1075, 646
1190, 677, 1424, 747
1191, 754, 1078, 324
1192, 329, 451, 122
1193, 126, 150, 24
1194, 32, 73, 41
1195, 67, 292, 225
1196, 256, 755, 499
1197, 529, 1220, 691
1198, 710, 1321, 611
1199, 614, 888, 274
1200, 276, 314, 38
1201, 48, 93, 45
1202, 61, 205, 144
1203, 165, 467, 302
1204, 342, 995, 653
1205, 680, 1448, 768
1206, 779, 1164, 385
1207, 390, 452, 62
1208, 63, 77, 14
1209, 27, 106, 79
1210, 99, 319, 220
1211, 264, 701, 437
1212, 470, 1174, 704
1213, 722, 1360, 638
1214, 642, 931, 289
1215, 292, 297, 5
1216, 10, 12, 2
1217, 21, 103, 82
1218, 105, 387, 282
1219, 316, 994, 678
1220, 698, 1462, 764
1221, 770, 1182, 412
1222, 418, 568, 150
1223, 151, 176, 25
1224, 32, 45, 13
1225, 40, 172, 132
1226, 171, 616, 445
1227, 489, 1315, 826
1228, 846, 1489, 643
1229, 648, 875, 227
1230, 230, 298, 68
1231, 73, 90, 17
1232, 30, 70, 40
1233, 70, 271, 201
1234, 233, 782, 549
1235, 580, 1260, 680
1236, 700, 1251, 551
1237, 562, 827, 265
1238, 268, 335, 67
1239, 74, 112, 38
1240, 59, 189, 130
1241, 159, 495, 336
1242, 374, 909, 535
1243, 563, 1166, 603
1244, 615, 1003, 388
1245, 396, 587, 191
1246, 192, 323, 131
1247, 141, 242, 101
1248, 113, 261, 148
1249, 183, 606, 423
1250, 449, 1032, 583
1251, 597, 1156, 559
1252, 569, 887, 318
1253, 324, 517, 193
1254, 197, 283, 86
1255, 100, 162, 62
1256, 87, 349, 262
1257, 286, 736, 450
1258, 485, 1033, 548
1259, 574, 1105, 531
1260, 538, 781, 243
1261, 251, 400, 149
1262, 161, 286, 125
1263, 141, 297, 156
1264, 180, 558, 378
1265, 413, 980, 567
1266, 592, 1191, 599
1267, 611, 926, 315
1268, 324, 517, 193
1269, 201, 329, 128
1270, 137, 186, 49
1271, 69, 229, 160
1272, 194, 654, 460
1273, 488, 1242, 754
1274, 766, 1329, 563
1275, 571, 837, 266
1276, 272, 400, 128
1277, 139, 193, 54
1278, 66, 177, 111
1279, 136, 439, 303
1280, 322, 833, 511
1281, 540, 1208, 668
1282, 685, 1119, 434
1283, 439, 647, 208
1284, 215, 309, 94
1285, 110, 220, 110
1286, 131, 391, 260
1287, 291, 753, 462
1288, 491, 1133, 642
1289, 666, 1115, 449
1290, 458, 773, 315
1291, 321, 460, 139
1292, 149, 180, 31
1293, 48, 172, 124
1294, 150, 543, 393
1295, 415, 942, 527
1296, 553, 1102, 549
1297, 563, 1005, 442
1298, 450, 695, 245
1299, 249, 324, 75
1300, 90, 175, 85
1301, 107, 385, 278
1302, 307, 747, 440
1303, 469, 1065, 596
1304, 611, 1116, 505
1305, 515, 801, 286
1306, 297, 421, 124
1307, 133, 240, 107
1308, 120, 303, 183
1309, 206, 543, 337
1310, 371, 895, 524
1311, 544, 1069, 525
1312, 546, 921, 375
1313, 391, 650, 259
1314, 270, 454, 184
1315, 196, 368, 172
1316, 198, 508, 310
1317, 333, 769, 436
1318, 457, 960, 503
1319, 518, 922, 404
1320, 417, 729, 312
1321, 325, 552, 227
1322, 236, 419, 183
1323, 201, 474, 273
1324, 294, 723, 429
1325, 447, 959, 512
1326, 528, 895, 367
1327, 380, 684, 304
1328, 310, 551, 241
1329, 249, 444, 195
1330, 208, 412, 204
1331, 233, 588, 355
1332, 386, 1008, 622
1333, 634, 1119, 485
1334, 492, 763, 271
1335, 279, 507, 228
1336, 232, 445, 213
1337, 230, 486, 256
1338, 269, 540, 271
1339, 297, 663, 366
1340, 384, 865, 481
1341, 500, 954, 454
1342, 467, 772, 305
1343, 312, 446, 134
1344, 149, 313, 164
1345, 183, 478, 295
1346, 327, 729, 402
1347, 421, 960, 539
1348, 554, 1070, 516
1349, 524, 816, 292
1350, 303, 448, 145
1351, 155, 359, 204
1352, 215, 468, 253
1353, 274, 586, 312
1354, 335, 808, 473
1355, 501, 1042, 541
1356, 551, 1006, 455
1357, 459, 603, 144
1358, 158, 244, 86
1359, 96, 315, 219
1360, 241, 583, 342
1361, 365, 818, 453
1362, 473, 871, 398
1363, 408, 778, 370
1364, 384, 754, 370
1365, 382, 567, 185
1366, 196, 374, 178
1367, 199, 514, 315
1368, 330, 736, 406
1369, 421, 705, 284
1370, 302, 644, 342
1371, 372, 846, 474
1372, 483, 789, 306
1373, 325, 610, 285
1374, 305, 700, 395
1375, 404, 790, 386
1376, 400, 697, 297
1377, 313, 622, 309
1378, 329, 705, 376
1379, 390, 646, 256
1380, 274, 493, 219
1381, 236, 489, 253
1382, 274, 645, 371
1383, 390, 800, 410
1384, 423, 821, 398
1385, 411, 681, 270
1386, 285, 530, 245
1387, 257, 503, 246
1388, 269, 493, 224
1389, 247, 617, 370
1390, 394, 907, 513
1391, 537, 1046, 509
1392, 516, 815, 299
1393, 306, 516, 210
1394, 220, 386, 166
1395, 180, 325, 145
1396, 168, 395, 227
1397, 265, 703, 438
1398, 461, 1106, 645
1399, 661, 1127, 466
1400, 475, 781, 306
1401, 312, 505, 193
1402, 201, 303, 102
1403, 115, 250, 135
1404, 165, 451, 286
1405, 309, 833, 524
1406, 539, 1114, 575
1407, 589, 1020, 431
1408, 440, 711, 271
1409, 278, 442, 164
1410, 173, 309, 136
1411, 156, 382, 226
1412, 261, 700, 439
1413, 459, 943, 484
1414, 505, 901, 396
1415, 405, 722, 317
1416, 333, 561, 228
1417, 240, 378, 138
1418, 158, 338, 180
1419, 201, 557, 356
1420, 371, 874, 503
1421, 516, 1016, 500
1422, 520, 920, 400
1423, 412, 726, 314
1424, 324, 503, 179
1425, 188, 350, 162
1426, 185, 500, 315
1427, 343, 819, 476
1428, 497, 979, 482
1429, 495, 911, 416
1430, 426, 746, 320
1431, 330, 548, 218
1432, 225, 405, 180
1433, 195, 426, 231
1434, 258, 686, 428
1435, 447, 903, 456
1436, 472, 864, 392
1437, 406, 739, 333
1438, 345, 614, 269
1439, 281, 457, 176
1440, 190, 355, 165
1441, 186, 497, 311
1442, 339, 845, 506
1443, 533, 1091, 558
1444, 562, 926, 364
1445, 370, 608, 238
1446, 247, 414, 167
1447, 175, 289, 114
1448, 136, 251, 115
1449, 138, 472, 334
1450, 363, 994, 631
1451, 653, 1252, 599
1452, 612, 935, 323
1453, 332, 543, 211
1454, 220, 347, 127
1455, 137, 268, 131
1456, 155, 405, 250
1457, 275, 726, 451
1458, 481, 1103, 622
1459, 643, 1165, 522
1460, 529, 796, 267
1461, 274, 398, 124
1462, 131, 260, 129
1463, 144, 353, 209
1464, 235, 588, 353
1465, 367, 773, 406
1466, 443, 980, 537
1467, 555, 1056, 501
1468, 508, 693, 185
1469, 192, 246, 54
1470, 71, 181, 110
1471, 132, 439, 307
1472, 343, 868, 525
1473, 552, 1201, 649
1474, 668, 1094, 426
1475, 435, 666, 231
1476, 237, 309, 72
1477, 78, 104, 26
1478, 55, 233, 178
1479, 206, 745, 539
1480, 568, 1378, 810
1481, 823, 1352, 529
1482, 534, 773, 239
1483, 243, 320, 77
1484, 80, 104, 24
1485, 40, 116, 76
1486, 98, 305, 207
1487, 249, 765, 516
1488, 545, 1244, 699
1489, 718, 1252, 534
1490, 541, 819, 278
1491, 280, 346, 66
1492, 69, 74, 5
1493, 21, 71, 50
1494, 80, 392, 312
1495, 342, 1022, 680
1496, 704, 1310, 606
1497, 619, 1114, 495
1498, 498, 698, 200
1499, 206, 242, 36
1500, 44, 71, 27
1501, 49, 204, 155
1502, 181, 636, 455
1503, 482, 1265, 783
1504, 802, 1367, 565
1505, 576, 856, 280
1506, 284, 392, 108
1507, 117, 169, 52
1508, 69, 228, 159
1509, 179, 514, 335
1510, 365, 950, 585
1511, 613, 1284, 671
1512, 683, 1081, 398
1513, 406, 550, 144
1514, 149, 208, 59
1515, 74, 168, 94
1516, 119, 388, 269
1517, 301, 766, 465
1518, 491, 1024, 533
1519, 553, 1072, 519
1520, 532, 932, 400
1521, 403, 487, 84
1522, 99, 185, 86
1523, 103, 343, 240
1524, 261, 570, 309
1525, 336, 799, 463
1526, 499, 1036, 537
1527, 545, 1028, 483
1528, 492, 707, 215
1529, 222, 320, 98
1530, 107, 246, 139
1531, 163, 487, 324
1532, 353, 842, 489
1533, 510, 1084, 574
1534, 587, 953, 366
1535, 371, 631, 260
1536, 264, 407, 143
1537, 159, 302, 143
1538, 163, 505, 342
1539, 357, 866, 509
1540, 528, 1033, 505
1541, 527, 936, 409
1542, 422, 747, 325
1543, 334, 495, 161
1544, 167, 269, 102
1545, 120, 268, 148
1546, 171, 523, 352
1547, 376, 858, 482
1548, 506, 1064, 558
1549, 574, 1011, 437
1550, 450, 704, 254
1551, 261, 418, 157
1552, 171, 285, 114
1553, 130, 356, 226
1554, 256, 691, 435
1555, 453, 929, 476
1556, 493, 927, 434
1557, 443, 856, 413
1558, 426, 589, 163
1559, 170, 293, 123
1560, 136, 342, 206
1561, 222, 526, 304
1562, 324, 718, 394
1563, 416, 865, 449
1564, 469, 941, 472
1565, 484, 852, 368
1566, 386, 564, 178
1567, 194, 390, 196
1568, 217, 512, 295
1569, 314, 678, 364
1570, 400, 915, 515
1571, 532, 1033, 501
1572, 512, 802, 290
1573, 299, 490, 191
1574, 201, 367, 166
1575, 178, 411, 233
1576, 260, 596, 336
1577, 361, 784, 423
1578, 437, 832, 395
1579, 415, 795, 380
1580, 395, 752, 357
1581, 372, 653, 281
1582, 289, 567, 278
1583, 297, 584, 287
1584, 303, 680, 377
1585, 395, 797, 402
1586, 418, 775, 357
1587, 379, 719, 340
1588, 349, 664, 315
1589, 321, 573, 252
1590, 269, 540, 271
1591, 289, 669, 380
1592, 390, 808, 418
1593, 441, 789, 348
1594, 365, 624, 259
1595, 272, 547, 275
1596, 291, 593, 302
1597, 316, 621, 305
1598, 328, 698, 370
1599, 400, 911, 511
1600, 525, 917, 392
1601, 402, 616, 214
1602, 228, 411, 183
1603, 208, 509, 301
1604, 316, 683, 367
1605, 393, 754, 361
1606, 383, 815, 432
1607, 453, 886, 433
1608, 443, 712, 269
1609, 282, 482, 200
1610, 217, 427, 210
1611, 232, 586, 354
1612, 373, 743, 370
1613, 388, 814, 426
1614, 449, 889, 440
1615, 446, 721, 275
1616, 289, 498, 209
1617, 224, 432, 208
1618, 226, 600, 374
1619, 392, 718, 326
1620, 350, 751, 401
1621, 413, 795, 382
1622, 399, 692, 293
1623, 300, 559, 259
1624, 272, 497, 225
1625, 240, 479, 239
1626, 259, 554, 295
1627, 325, 750, 425
1628, 454, 955, 501
1629, 516, 907, 391
1630, 409, 727, 318
1631, 328, 557, 229
1632, 240, 414, 174
1633, 187, 390, 203
1634, 227, 604, 377
1635, 397, 867, 470
1636, 490, 854, 364
1637, 382, 796, 414
1638, 426, 725, 299
1639, 312, 534, 222
1640, 235, 473, 238
1641, 257, 504, 247
1642, 262, 504, 242
1643, 266, 636, 370
1644, 398, 812, 414
1645, 423, 776, 353
1646, 368, 632, 264
1647, 273, 474, 201
1648, 212, 470, 258
1649, 280, 595, 315
1650, 331, 666, 335
1651, 365, 738, 373
1652, 386, 755, 369
1653, 391, 832, 441
1654, 452, 686, 234
1655, 251, 528, 277
1656, 295, 662, 367
1657, 377, 727, 350
1658, 363, 622, 259
1659, 276, 557, 281
1660, 304, 697, 393
1661, 410, 747, 337
1662, 356, 562, 206
1663, 228, 634, 406
1664, 428, 859, 431
1665, 441, 730, 289
1666, 309, 621, 312
1667, 332, 703, 371
1668, 384, 680, 296
1669, 312, 525, 213
1670, 232, 523, 291
1671, 308, 721, 413
1672, 430, 862, 432
1673, 454, 846, 392
1674, 401, 724, 323
1675, 341, 650, 309
1676, 323, 585, 262
1677, 274, 450, 176
1678, 191, 484, 293
1679, 308, 681, 373
1680, 394, 784, 390
1681, 416, 852, 436
1682, 457, 817, 360
1683, 369, 540, 171
1684, 195, 479, 284
1685, 303, 669, 366
1686, 379, 741, 362
1687, 376, 717, 341
1688, 358, 665, 307
1689, 317, 658, 341
1690, 362, 670, 308
1691, 326, 644, 318
1692, 333, 713, 380
1693, 399, 798, 399
1694, 411, 751, 340
1695, 350, 641, 291
1696, 307, 612, 305
1697, 319, 624, 305
1698, 324, 600, 276
1699, 292, 549, 257
1700, 282, 703, 421
1701, 434, 851, 417
1702, 434, 767, 333
1703, 346, 617, 271
1704, 288, 589, 301
1705, 313, 612, 299
1706, 319, 622, 303
1707, 321, 691, 370
1708, 394, 827, 433
1709, 449, 841, 392
1710, 408, 736, 328
1711, 336, 564, 228
1712, 246, 465, 219
1713, 236, 475, 239
1714, 264, 593, 329
1715, 348, 812, 464
1716, 483, 899, 416
1717, 432, 773, 341
1718, 354, 600, 246
1719, 260, 536, 276
1720, 287, 507, 220
1721, 236, 394, 158
1722, 182, 462, 280
1723, 309, 800, 491
1724, 498, 916, 418
1725, 434, 821, 387
1726, 395, 637, 242
1727, 255, 444, 189
1728, 204, 429, 225
1729, 245, 520, 275
1730, 305, 754, 449
1731, 469, 956, 487
1732, 504, 893, 389
1733, 401, 685, 284
1734, 295, 506, 211
1735, 232, 469, 237
1736, 245, 497, 252
1737, 269, 608, 339
1738, 357, 759, 402
1739, 421, 843, 422
1740, 445, 887, 442
1741, 448, 722, 274
1742, 283, 480, 197
1743, 216, 492, 276
1744, 292, 718, 426
1745, 443, 852, 409
1746, 421, 817, 396
1747, 411, 808, 397
1748, 407, 713, 306
1749, 317, 531, 214
1750, 225, 419, 194
1751, 206, 439, 233
1752, 256, 563, 307
1753, 329, 894, 565
1754, 578, 1038, 460
1755, 469, 811, 342
1756, 359, 625, 266
1757, 272, 386, 114
1758, 128, 264, 136
1759, 157, 431, 274
1760, 297, 664, 367
1761, 389, 818, 429
1762, 439, 867, 428
1763, 437, 786, 349
1764, 359, 664, 305
1765, 320, 487, 167
1766, 175, 313, 138
1767, 156, 433, 277
1768, 299, 773, 474
1769, 482, 989, 507
1770, 527, 993, 466
1771, 474, 776, 302
1772, 312, 513, 201
1773, 214, 397, 183
1774, 199, 486, 287
1775, 300, 704, 404
1776, 429, 912, 483
1777, 498, 1006, 508
1778, 522, 873, 351
1779, 363, 596, 233
1780, 244, 473, 229
1781, 245, 552, 307
1782, 322, 712, 390
1783, 409, 851, 442
1784, 459, 918, 459
1785, 468, 818, 350
1786, 365, 578, 213
1787, 235, 470, 235
1788, 246, 591, 345
1789, 358, 735, 377
1790, 406, 824, 418
1791, 437, 871, 434
1792, 445, 719, 274
1793, 287, 525, 238
1794, 247, 450, 203
1795, 225, 540, 315
1796, 339, 810, 471
1797, 493, 893, 400
1798, 421, 860, 439
1799, 448, 744, 296
1800, 305, 484, 179
1801, 195, 406, 211
1802, 226, 526, 300
1803, 320, 690, 370
1804, 393, 846, 453
1805, 476, 962, 486
1806, 494, 811, 317
1807, 331, 533, 202
1808, 217, 394, 177
1809, 198, 499, 301
1810, 327, 773, 446
1811, 467, 891, 424
1812, 435, 831, 396
1813, 409, 698, 289
1814, 304, 573, 269
1815, 284, 541, 257
1816, 276, 576, 300
1817, 314, 659, 345
1818, 365, 741, 376
1819, 399, 853, 454
1820, 463, 822, 359
1821, 371, 668, 297
1822, 310, 507, 197
1823, 211, 466, 255
1824, 274, 619, 345
1825, 361, 803, 442
1826, 459, 889, 430
1827, 445, 775, 330
1828, 342, 604, 262
1829, 269, 460, 191
1830, 204, 425, 221
1831, 236, 584, 348
1832, 368, 839, 471
1833, 486, 916, 430
1834, 443, 843, 400
1835, 413, 720, 307
1836, 320, 547, 227
1837, 236, 344, 108
1838, 124, 254, 130
1839, 149, 416, 267
1840, 292, 827, 535
1841, 559, 1190, 631
1842, 644, 1036, 392
1843, 406, 654, 248
1844, 250, 357, 107
1845, 114, 182, 68
1846, 84, 170, 86
1847, 118, 462, 344
1848, 376, 1002, 626
1849, 658, 1365, 707
1850, 720, 1095, 375
1851, 378, 537, 159
1852, 162, 245, 83
1853, 99, 186, 87
1854, 105, 352, 247
1855, 276, 796, 520
1856, 544, 1199, 655
1857, 675, 1159, 484
1858, 489, 776, 287
1859, 294, 386, 92
1860, 101, 164, 63
1861, 81, 197, 116
1862, 148, 535, 387
1863, 410, 996, 586
1864, 613, 1127, 514
1865, 536, 992, 456
1866, 459, 659, 200
1867, 209, 320, 111
1868, 121, 228, 107
1869, 122, 277, 155
1870, 184, 608, 424
1871, 452, 1061, 609
1872, 627, 1175, 548
1873, 557, 836, 279
1874, 289, 506, 217
1875, 224, 296, 72
1876, 88, 167, 79
1877, 99, 382, 283
1878, 314, 912, 598
1879, 621, 1285, 664
1880, 677, 1083, 406
1881, 411, 589, 178
1882, 184, 254, 70
1883, 84, 179, 95
1884, 115, 325, 210
1885, 229, 650, 421
1886, 439, 982, 543
1887, 572, 1017, 445
1888, 463, 820, 357
1889, 364, 598, 234
1890, 243, 363, 120
1891, 132, 273, 141
1892, 163, 414, 251
1893, 275, 745, 470
1894, 490, 1014, 524
1895, 546, 985, 439
1896, 446, 712, 266
1897, 280, 485, 205
1898, 216, 341, 125
1899, 141, 302, 161
1900, 178, 539, 361
1901, 382, 878, 496
1902, 518, 991, 473
1903, 489, 957, 468
1904, 477, 750, 273
1905, 277, 404, 127
1906, 136, 216, 80
1907, 92, 220, 128
1908, 160, 500, 340
1909, 373, 956, 583
1910, 603, 1164, 561
1911, 575, 959, 384
1912, 394, 606, 212
1913, 216, 303, 87
1914, 93, 142, 49
1915, 77, 225, 148
1916, 188, 785, 597
1917, 623, 1382, 759
1918, 770, 1237, 467
1919, 475, 725, 250
1920, 255, 361, 106
1921, 113, 160, 47
1922, 58, 138, 80
1923, 112, 430, 318
1924, 349, 986, 637
1925, 660, 1269, 609
1926, 619, 1042, 423
1927, 429, 668, 239
1928, 240, 305, 65
1929, 76, 129, 53
1930, 66, 203, 137
1931, 164, 527, 363
1932, 388, 931, 543
1933, 573, 1107, 534
1934, 546, 929, 383
1935, 391, 635, 244
1936, 251, 381, 130
1937, 143, 212, 69
1938, 91, 315, 224
1939, 240, 695, 455
1940, 473, 1025, 552
1941, 573, 1130, 557
1942, 568, 957, 389
1943, 395, 525, 130
1944, 139, 183, 44
1945, 59, 184, 125
1946, 153, 496, 343
1947, 374, 921, 547
1948, 574, 1207, 633
1949, 648, 1122, 474
1950, 476, 676, 200
1951, 207, 247, 40
1952, 48, 76, 28
1953, 54, 175, 121
1954, 158, 662, 504
1955, 538, 1309, 771
1956, 785, 1331, 546
1957, 554, 822, 268
1958, 274, 398, 124
1959, 128, 157, 29
1960, 42, 104, 62
1961, 88, 359, 271
1962, 315, 1008, 693
1963, 723, 1417, 694
1964, 705, 1098, 393
1965, 398, 613, 215
1966, 220, 286, 66
1967, 76, 151, 75
1968, 96, 334, 238
1969, 266, 809, 543
1970, 578, 1260, 682
1971, 702, 1144, 442
1972, 453, 750, 297
1973, 304, 395, 91
1974, 99, 152, 53
1975, 78, 283, 205
1976, 240, 805, 565
1977, 587, 1211, 624
1978, 644, 1064, 420
1979, 433, 747, 314
1980, 319, 468, 149
1981, 159, 227, 68
1982, 87, 263, 176
1983, 202, 637, 435
1984, 460, 1063, 603
1985, 625, 1143, 518
1986, 526, 867, 341
1987, 350, 529, 179
1988, 187, 283, 96
1989, 109, 249, 140
1990, 167, 440, 273
1991, 298, 779, 481
1992, 505, 1077, 572
1993, 591, 1040, 449
1994, 459, 763, 304
1995, 312, 468, 156
1996, 160, 243, 83
1997, 103, 235, 132
1998, 168, 518, 350
1999, 382, 989, 607
2000, 631, 1152, 521
2001, 535, 898, 363
2002, 378, 667, 289
2003, 299, 469, 170
2004, 175, 299, 124
2005, 138, 330, 192
2006, 215, 630, 415
2007, 435, 998, 563
2008, 581, 1004, 423
2009, 441, 761, 320
2010, 333, 542, 209
2011, 219, 373, 154
2012, 169, 400, 231
2013, 256, 593, 337
2014, 359, 833, 474
2015, 497, 970, 473
2016, 489, 898, 409
2017, 416, 671, 255
2018, 262, 427, 165
2019, 176, 344, 168
2020, 179, 408, 229
2021, 247, 592, 345
2022, 377, 876, 499
2023, 517, 990, 473
2024, 486, 796, 310
2025, 319, 577, 258
2026, 270, 487, 217
2027, 227, 474, 247
2028, 265, 546, 281
2029, 301, 655, 354
2030, 378, 774, 396
2031, 407, 883, 476
2032, 493, 858, 365
2033, 380, 655, 275
2034, 284, 512, 228
2035, 244, 518, 274
2036, 289, 588, 299
2037, 318, 749, 431
2038, 457, 934, 477
2039, 495, 895, 400
2040, 413, 720, 307
2041, 314, 554, 240
2042, 250, 467, 217
2043, 235, 484, 249
2044, 270, 599, 329
2045, 353, 817, 464
2046, 488, 954, 466
2047, 477, 785, 308
2048, 327, 574, 247
2049, 255, 500, 245
2050, 263, 548, 285
2051, 294, 600, 306
2052, 323, 636, 313
2053, 339, 753, 414
2054, 434, 850, 416
2055, 427, 736, 309
2056, 318, 566, 248
2057, 263, 558, 295
2058, 315, 609, 294
2059, 313, 631, 318
2060, 334, 695, 361
2061, 386, 758, 372
2062, 383, 718, 335
2063, 356, 683, 327
2064, 344, 635, 291
2065, 306, 617, 311
2066, 324, 662, 338
2067, 360, 757, 397
2068, 415, 782, 367
2069, 377, 709, 332
2070, 346, 657, 311
2071, 320, 647, 327
2072, 340, 654, 314
2073, 328, 657, 329
2074, 340, 705, 365
2075, 388, 755, 367
2076, 378, 731, 353
2077, 374, 717, 343
2078, 352, 666, 314
2079, 331, 628, 297
2080, 304, 552, 248
2081, 262, 544, 282
2082, 308, 709, 401
2083, 417, 831, 414
2084, 427, 782, 355
2085, 365, 601, 236
2086, 246, 460, 214
2087, 225, 503, 278
2088, 299, 657, 358
2089, 380, 823, 443
2090, 458, 890, 432
2091, 442, 741, 299
2092, 313, 605, 292
2093, 303, 552, 249
2094, 266, 562, 296
2095, 313, 639, 326
2096, 348, 672, 324
2097, 353, 825, 472
2098, 491, 898, 407
2099, 422, 732, 310
2100, 319, 547, 228
2101, 242, 517, 275
2102, 292, 649, 357
2103, 377, 754, 377
2104, 408, 811, 403
2105, 422, 852, 430
2106, 440, 805, 365
2107, 371, 603, 232
2108, 240, 446, 206
2109, 226, 502, 276
2110, 297, 664, 367
2111, 391, 813, 422
2112, 444, 851, 407
2113, 419, 741, 322
2114, 338, 619, 281
2115, 287, 543, 256
2116, 280, 600, 320
2117, 336, 655, 319
2118, 336, 680, 344
2119, 358, 692, 334
2120, 348, 601, 253
2121, 266, 519, 253
2122, 276, 563, 287
2123, 310, 738, 428
2124, 438, 795, 357
2125, 373, 685, 312
2126, 334, 667, 333
2127, 351, 680, 329
2128, 344, 651, 307
2129, 319, 572, 253
2130, 278, 590, 312
2131, 329, 732, 403
2132, 414, 754, 340
2133, 356, 631, 275
2134, 296, 648, 352
2135, 371, 688, 317
2136, 329, 696, 367
2137, 384, 722, 338
2138, 358, 673, 315
2139, 329, 587, 258
2140, 277, 583, 306
2141, 325, 685, 360
2142, 377, 693, 316
2143, 327, 650, 323
2144, 341, 690, 349
2145, 363, 692, 329
2146, 345, 676, 331
2147, 356, 718, 362
2148, 375, 711, 336
2149, 354, 681, 327
2150, 346, 673, 327
2151, 343, 719, 376
2152, 388, 725, 337
2153, 351, 649, 298
2154, 307, 574, 267
2155, 279, 538, 259
2156, 280, 607, 327
2157, 342, 723, 381
2158, 396, 825, 429
2159, 442, 766, 324
2160, 330, 670, 340
2161, 352, 662, 310
2162, 320, 603, 283
2163, 299, 604, 305
2164, 320, 568, 248
2165, 272, 673, 401
2166, 417, 801, 384
2167, 404, 835, 431
2168, 439, 782, 343
2169, 357, 667, 310
2170, 320, 585, 265
2171, 288, 508, 220
2172, 238, 518, 280
2173, 300, 720, 420
2174, 441, 945, 504
2175, 520, 891, 371
2176, 381, 653, 272
2177, 287, 527, 240
2178, 250, 427, 177
2179, 194, 378, 184
2180, 204, 503, 299
2181, 319, 724, 405
2182, 424, 827, 403
2183, 417, 919, 502
2184, 510, 902, 392
2185, 398, 587, 189
2186, 196, 283, 87
2187, 95, 143, 48
2188, 76, 273, 197
2189, 224, 690, 466
2190, 495, 1078, 583
2191, 608, 1102, 494
2192, 510, 949, 439
2193, 444, 566, 122
2194, 127, 156, 29
2195, 39, 63, 24
2196, 40, 154, 114
2197, 147, 517, 370
2198, 410, 1128, 718
2199, 747, 1379, 632
2200, 645, 953, 308
2201, 312, 458, 146
2202, 154, 219, 65
2203, 78, 145, 67
2204, 92, 331, 239
2205, 282, 829, 547
2206, 579, 1315, 736
2207, 750, 1211, 461
2208, 467, 685, 218
2209, 222, 298, 76
2210, 87, 162, 75
2211, 91, 305, 214
2212, 235, 530, 295
2213, 328, 765, 437
2214, 468, 1127, 659
2215, 671, 1191, 520
2216, 523, 704, 181
2217, 188, 210, 22
2218, 38, 131, 93
2219, 115, 358, 243
2220, 267, 664, 397
2221, 423, 1009, 586
2222, 599, 1199, 600
2223, 612, 976, 364
2224, 368, 459, 91
2225, 99, 128, 29
2226, 48, 204, 156
2227, 173, 468, 295
2228, 323, 703, 380
2229, 405, 955, 550
2230, 569, 1105, 536
2231, 547, 893, 346
2232, 356, 478, 122
2233, 134, 264, 130
2234, 142, 323, 181
2235, 210, 564, 354
2236, 381, 856, 475
2237, 493, 1010, 517
2238, 526, 905, 379
2239, 392, 591, 199
2240, 208, 370, 162
2241, 174, 414, 240
2242, 261, 558, 297
2243, 329, 767, 438
2244, 468, 1009, 541
2245, 553, 1006, 453
2246, 464, 703, 239
2247, 245, 361, 116
2248, 133, 314, 181
2249, 207, 554, 347
2250, 369, 827, 458
2251, 490, 1075, 585
2252, 604, 1085, 481
2253, 490, 734, 244
2254, 251, 348, 97
2255, 107, 237, 130
2256, 151, 495, 344
2257, 365, 884, 519
2258, 538, 1102, 564
2259, 576, 1039, 463
2260, 470, 743, 273
2261, 277, 358, 81
2262, 89, 108, 19
2263, 36, 83, 47
2264, 76, 364, 288
2265, 320, 919, 599
2266, 626, 1233, 607
2267, 621, 1097, 476
2268, 481, 725, 244
2269, 244, 329, 85
2270, 90, 126, 36
2271, 56, 190, 134
2272, 153, 464, 311
2273, 351, 923, 572
2274, 599, 1318, 719
2275, 728, 1122, 394
2276, 397, 602, 205
2277, 209, 251, 42
2278, 58, 94, 36
2279, 58, 263, 205
2280, 240, 763, 523
2281, 553, 1299, 746
2282, 759, 1201, 442
2283, 448, 735, 287
2284, 291, 393, 102
2285, 107, 140, 33
2286, 48, 80, 32
2287, 64, 238, 174
2288, 216, 770, 554
2289, 579, 1344, 765
2290, 783, 1315, 532
2291, 537, 736, 199
2292, 202, 290, 88
2293, 95, 137, 42
2294, 54, 188, 134
2295, 170, 596, 426
2296, 452, 1072, 620
2297, 641, 1217, 576
2298, 586, 942, 356
2299, 363, 537, 174
2300, 179, 284, 105
2301, 120, 224, 104
2302, 125, 435, 310
2303, 334, 861, 527
2304, 552, 1125, 573
2305, 587, 1129, 542
2306, 548, 803, 255
2307, 260, 323, 63
2308, 74, 118, 44
2309, 66, 277, 211
2310, 240, 658, 418
2311, 441, 905, 464
2312, 488, 1025, 537
2313, 550, 1055, 505
2314, 513, 687, 174
2315, 180, 224, 44
2316, 55, 183, 128
2317, 153, 447, 294
2318, 322, 806, 484
2319, 513, 1051, 538
2320, 554, 1074, 520
2321, 530, 818, 288
2322, 296, 396, 100
2323, 106, 125, 19
2324, 34, 145, 111
2325, 140, 478, 338
2326, 380, 1087, 707
2327, 728, 1339, 611
2328, 618, 983, 365
2329, 370, 528, 158
2330, 171, 270, 99
2331, 110, 292, 182
2332, 202, 498, 296
2333, 329, 831, 502
2334, 526, 1096, 570
2335, 595, 1112, 517
2336, 522, 724, 202
2337, 206, 282, 76
2338, 90, 216, 126
2339, 143, 402, 259
2340, 289, 768, 479
2341, 502, 1077, 575
2342, 595, 1183, 588
2343, 597, 861, 264
2344, 269, 344, 75
2345, 80, 157, 77
2346, 93, 245, 152
2347, 186, 582, 396
2348, 425, 1038, 613
2349, 646, 1257, 611
2350, 620, 987, 367
2351, 374, 499, 125
2352, 132, 170, 38
2353, 50, 144, 94
2354, 117, 376, 259
2355, 280, 705, 425
2356, 457, 1092, 635
2357, 653, 1144, 491
2358, 504, 849, 345
2359, 349, 459, 110
2360, 117, 160, 43
2361, 62, 217, 155
2362, 179, 610, 431
2363, 455, 1088, 633
2364, 649, 1130, 481
2365, 498, 795, 297
2366, 305, 513, 208
2367, 217, 333, 116
2368, 130, 248, 118
2369, 135, 301, 166
2370, 183, 484, 301
2371, 340, 948, 608
2372, 640, 1203, 563
2373, 577, 939, 362
2374, 372, 583, 211
2375, 215, 306, 91
2376, 102, 159, 57
2377, 86, 372, 286
2378, 322, 965, 643
2379, 670, 1205, 535
2380, 558, 994, 436
2381, 446, 725, 279
2382, 286, 377, 91
2383, 101, 131, 30
2384, 52, 195, 143
2385, 168, 612, 444
2386, 476, 1088, 612
2387, 637, 1195, 558
2388, 568, 929, 361
2389, 369, 567, 198
2390, 204, 262, 58
2391, 68, 166, 98
2392, 127, 465, 338
2393, 368, 906, 538
2394, 563, 1170, 607
2395, 629, 1068, 439
2396, 445, 692, 247
2397, 250, 327, 77
2398, 86, 152, 66
2399, 88, 304, 216
2400, 244, 654, 410
2401, 445, 1094, 649
2402, 668, 1145, 477
2403, 489, 819, 330
2404, 335, 523, 188
2405, 192, 241, 49
2406, 59, 96, 37
2407, 69, 357, 288
2408, 319, 979, 660
2409, 686, 1256, 570
2410, 583, 957, 374
2411, 388, 680, 292
2412, 296, 438, 142
2413, 150, 179, 29
2414, 55, 231, 176
2415, 209, 724, 515
2416, 536, 1129, 593
2417, 629, 1209, 580
2418, 589, 905, 316
2419, 320, 456, 136
2420, 143, 206, 63
2421, 69, 131, 62
2422, 88, 268, 180
2423, 209, 687, 478
2424, 501, 1156, 655
2425, 677, 1286, 609
2426, 619, 919, 300
2427, 304, 423, 119
2428, 126, 188, 62
2429, 79, 197, 118
2430, 137, 452, 315
2431, 343, 863, 520
2432, 548, 1176, 628
2433, 641, 1044, 403
2434, 415, 641, 226
2435, 234, 362, 128
2436, 142, 334, 192
2437, 202, 476, 274
2438, 294, 697, 403
2439, 427, 924, 497
2440, 517, 976, 459
2441, 473, 815, 342
2442, 351, 529, 178
2443, 188, 388, 200
2444, 218, 538, 320
2445, 336, 752, 416
2446, 432, 887, 455
2447, 471, 907, 436
2448, 453, 812, 359
2449, 368, 557, 189
2450, 196, 302, 106
2451, 126, 349, 223
2452, 250, 750, 500
2453, 521, 1026, 505
2454, 522, 961, 439
2455, 453, 788, 335
2456, 341, 542, 201
2457, 211, 309, 98
2458, 114, 265, 151
2459, 174, 449, 275
2460, 309, 794, 485
2461, 513, 1029, 516
2462, 533, 1020, 487
2463, 497, 796, 299
2464, 308, 451, 143
2465, 154, 352, 198
2466, 212, 522, 310
2467, 329, 719, 390
2468, 416, 872, 456
2469, 483, 965, 482
2470, 495, 806, 311
2471, 321, 515, 194
2472, 207, 378, 171
2473, 187, 473, 286
2474, 308, 673, 365
2475, 390, 890, 500
2476, 519, 957, 438
2477, 454, 761, 307
2478, 315, 505, 190
2479, 208, 386, 178
2480, 192, 442, 250
2481, 273, 619, 346
2482, 369, 851, 482
2483, 500, 965, 465
2484, 476, 814, 338
2485, 353, 605, 252
2486, 265, 521, 256
2487, 272, 587, 315
2488, 329, 637, 308
2489, 328, 731, 403
2490, 420, 862, 442
2491, 458, 844, 386
2492, 396, 673, 277
2493, 285, 543, 258
2494, 271, 576, 305
2495, 320, 631, 311
2496, 334, 693, 359
2497, 376, 793, 417
2498, 426, 794, 368
2499, 382, 698, 316
2500, 329, 538, 209
2501, 228, 422, 194
2502, 219, 536, 317
2503, 340, 756, 416
2504, 432, 805, 373
2505, 389, 782, 393
2506, 411, 756, 345
2507, 354, 592, 238
2508, 254, 437, 183
2509, 198, 382, 184
2510, 202, 497, 295
2511, 318, 669, 351
2512, 368, 820, 452
2513, 466, 846, 380
2514, 397, 775, 378
2515, 389, 632, 243
2516, 254, 401, 147
2517, 162, 360, 198
2518, 221, 576, 355
2519, 380, 852, 472
2520, 486, 874, 388
2521, 410, 777, 367
2522, 380, 708, 328
2523, 339, 567, 228
2524, 250, 459, 209
2525, 219, 485, 266
2526, 287, 688, 401
2527, 418, 926, 508
2528, 524, 898, 374
2529, 390, 717, 327
2530, 340, 615, 275
2531, 280, 482, 202
2532, 228, 486, 258
2533, 283, 731, 448
2534, 462, 988, 526
2535, 540, 891, 351
2536, 361, 640, 279
2537, 294, 560, 266
2538, 281, 467, 186
2539, 206, 454, 248
2540, 270, 723, 453
2541, 468, 997, 529
2542, 543, 958, 415
2543, 431, 772, 341
2544, 347, 568, 221
2545, 232, 336, 104
2546, 124, 299, 175
2547, 197, 567, 370
2548, 387, 935, 548
2549, 568, 1048, 480
2550, 496, 906, 410
2551, 418, 682, 264
2552, 278, 436, 158
2553, 168, 337, 169
2554, 194, 541, 347
2555, 372, 876, 504
2556, 527, 1124, 597
2557, 603, 1042, 439
2558, 446, 659, 213
2559, 219, 310, 91
2560, 103, 200, 97
2561, 119, 307, 188
2562, 224, 660, 436
2563, 467, 1172, 705
2564, 722, 1345, 623
2565, 629, 882, 253
2566, 257, 355, 98
2567, 101, 147, 46
2568, 60, 166, 106
2569, 136, 456, 320
2570, 348, 930, 582
2571, 602, 1309, 707
2572, 724, 1213, 489
2573, 492, 608, 116
2574, 118, 135, 17
2575, 27, 60, 33
2576, 51, 213, 162
2577, 189, 638, 449
2578, 481, 1222, 741
2579, 759, 1420, 661
2580, 665, 962, 297
2581, 297, 341, 44
2582, 49, 62, 13
2583, 23, 70, 47
2584, 72, 211, 139
2585, 180, 575, 395
2586, 433, 1348, 915
2587, 928, 1604, 676
2588, 689, 873, 184
2589, 186, 192, 6
2590, 12, 26, 14
2591, 29, 145, 116
2592, 158, 472, 314
2593, 355, 1008, 653
2594, 684, 1414, 730
2595, 741, 1162, 421
2596, 425, 502, 77
2597, 77, 107, 30
2598, 40, 58, 18
2599, 41, 184, 143
2600, 184, 642, 458
2601, 490, 1185, 695
2602, 709, 1373, 664
2603, 671, 991, 320
2604, 321, 397, 76
2605, 78, 86, 8
2606, 23, 71, 48
2607, 70, 264, 194
2608, 228, 713, 485
2609, 507, 1086, 579
2610, 605, 1282, 677
2611, 684, 1017, 333
2612, 336, 401, 65
2613, 69, 71, 2
2614, 21, 105, 84
2615, 122, 553, 431
2616, 464, 1179, 715
2617, 746, 1370, 624
2618, 635, 1016, 381
2619, 384, 507, 123
2620, 125, 129, 4
2621, 24, 106, 82
2622, 100, 318, 218
2623, 242, 646, 404
2624, 439, 1165, 726
2625, 749, 1383, 634
2626, 636, 877, 241
2627, 246, 321, 75
2628, 80, 141, 61
2629, 76, 239, 163
2630, 193, 625, 432
2631, 465, 1136, 671
2632, 694, 1278, 584
2633, 590, 916, 326
2634, 328, 440, 112
2635, 119, 160, 41
2636, 54, 157, 103
2637, 134, 480, 346
2638, 385, 1063, 678
2639, 709, 1345, 636
2640, 649, 971, 322
2641, 326, 479, 153
2642, 158, 230, 72
2643, 85, 169, 84
2644, 102, 291, 189
2645, 221, 630, 409
2646, 437, 1067, 630
2647, 655, 1249, 594
2648, 604, 883, 279
2649, 289, 458, 169
2650, 176, 314, 138
2651, 147, 288, 141
2652, 166, 442, 276
2653, 312, 865, 553
2654, 576, 1209, 633
2655, 640, 1098, 458
2656, 468, 636, 168
2657, 175, 292, 117
2658, 135, 343, 208
2659, 229, 573, 344
2660, 363, 836, 473
2661, 496, 1109, 613
2662, 628, 1040, 412
2663, 424, 643, 219
2664, 226, 361, 135
2665, 150, 298, 148
2666, 167, 427, 260
2667, 280, 724, 444
2668, 469, 1034, 565
2669, 583, 1068, 485
2670, 492, 694, 202
2671, 212, 366, 154
2672, 163, 283, 120
2673, 136, 305, 169
2674, 199, 564, 365
2675, 383, 911, 528
2676, 547, 1044, 497
2677, 512, 959, 447
2678, 463, 705, 242
2679, 252, 391, 139
2680, 150, 288, 138
2681, 168, 476, 308
2682, 317, 776, 459
2683, 486, 951, 465
2684, 480, 891, 411
2685, 418, 672, 254
2686, 262, 457, 195
2687, 205, 363, 158
2688, 171, 463, 292
2689, 311, 700, 389
2690, 412, 878, 466
2691, 487, 889, 402
2692, 414, 769, 355
2693, 366, 592, 226
2694, 242, 447, 205
2695, 219, 467, 248
2696, 265, 641, 376
2697, 395, 926, 531
2698, 545, 910, 365
2699, 380, 750, 370
2700, 381, 663, 282
2701, 289, 438, 149
2702, 158, 331, 173
2703, 193, 433, 240
2704, 267, 658, 391
2705, 417, 851, 434
2706, 454, 874, 420
2707, 431, 758, 327
2708, 338, 568, 230
2709, 248, 457, 209
2710, 226, 456, 230
2711, 246, 563, 317
2712, 341, 759, 418
2713, 436, 849, 413
2714, 424, 783, 359
2715, 370, 706, 336
2716, 351, 583, 232
2717, 247, 500, 253
2718, 264, 535, 271
2719, 295, 590, 295
2720, 311, 693, 382
2721, 400, 819, 419
2722, 440, 883, 443
2723, 452, 744, 292
2724, 307, 468, 161
2725, 179, 394, 215
2726, 230, 563, 333
2727, 354, 658, 304
2728, 336, 763, 427
2729, 447, 922, 475
2730, 485, 840, 355
2731, 364, 556, 192
2732, 211, 367, 156
2733, 179, 502, 323
2734, 336, 571, 235
2735, 259, 574, 315
2736, 345, 891, 546
2737, 557, 978, 421
2738, 433, 665, 232
2739, 251, 508, 257
2740, 271, 555, 284
2741, 298, 523, 225
2742, 251, 539, 288
2743, 311, 644, 333
2744, 354, 790, 436
2745, 452, 879, 427
2746, 441, 726, 285
2747, 300, 581, 281
2748, 294, 545, 251
2749, 269, 471, 202
2750, 225, 488, 263
2751, 279, 693, 414
2752, 438, 897, 459
2753, 475, 924, 449
2754, 461, 741, 280
2755, 291, 509, 218
2756, 233, 463, 230
2757, 247, 462, 215
2758, 246, 600, 354
2759, 375, 820, 445
2760, 460, 864, 404
2761, 418, 756, 338
2762, 350, 631, 281
2763, 292, 568, 276
2764, 288, 535, 247
2765, 261, 557, 296
2766, 318, 697, 379
2767, 391, 770, 379
2768, 398, 755, 357
2769, 371, 656, 285
2770, 301, 580, 279
2771, 292, 538, 246
2772, 265, 541, 276
2773, 296, 634, 338
2774, 364, 754, 390
2775, 405, 708, 303
2776, 315, 573, 258
2777, 274, 532, 258
2778, 275, 545, 270
2779, 298, 690, 392
2780, 409, 762, 353
2781, 370, 733, 363
2782, 379, 762, 383
2783, 397, 693, 296
2784, 315, 551, 236
2785, 254, 514, 260
2786, 279, 601, 322
2787, 337, 614, 277
2788, 292, 589, 297
2789, 322, 771, 449
2790, 463, 878, 415
2791, 432, 665, 233
2792, 255, 484, 229
2793, 245, 603, 358
2794, 373, 736, 363
2795, 382, 737, 355
2796, 374, 733, 359
2797, 373, 754, 381
2798, 390, 651, 261
2799, 278, 467, 189
2800, 207, 469, 262
2801, 283, 660, 377
2802, 393, 774, 381
2803, 398, 754, 356
2804, 369, 739, 370
2805, 383, 679, 296
2806, 311, 577, 266
2807, 279, 466, 187
2808, 201, 406, 205
2809, 226, 570, 344
2810, 355, 784, 429
2811, 448, 807, 359
2812, 375, 777, 402
2813, 419, 814, 395
2814, 406, 606, 200
2815, 213, 384, 171
2816, 186, 438, 252
2817, 269, 646, 377
2818, 396, 835, 439
2819, 456, 933, 477
2820, 492, 845, 353
2821, 359, 603, 244
2822, 258, 459, 201
2823, 212, 469, 257
2824, 278, 648, 370
2825, 401, 894, 493
2826, 502, 996, 494
2827, 503, 831, 328
2828, 340, 567, 227
2829, 240, 454, 214
2830, 222, 439, 217
2831, 239, 491, 252
2832, 284, 776, 492
2833, 513, 1054, 541
2834, 552, 987, 435
2835, 445, 642, 197
2836, 208, 380, 172
2837, 181, 372, 191
2838, 211, 524, 313
2839, 340, 766, 426
2840, 451, 972, 521
2841, 540, 1009, 469
2842, 480, 834, 354
2843, 356, 485, 129
2844, 137, 281, 144
2845, 163, 414, 251
2846, 269, 635, 366
2847, 389, 839, 450
2848, 474, 1001, 527
2849, 543, 921, 378
2850, 387, 626, 239
2851, 252, 450, 198
2852, 210, 395, 185
2853, 212, 555, 343
2854, 370, 866, 496
2855, 508, 938, 430
2856, 452, 822, 370
2857, 380, 702, 322
2858, 337, 590, 253
2859, 266, 505, 239
2860, 252, 514, 262
2861, 277, 603, 326
2862, 350, 765, 415
2863, 437, 855, 418
2864, 434, 814, 380
2865, 393, 706, 313
2866, 325, 574, 249
2867, 261, 521, 260
2868, 281, 614, 333
2869, 357, 762, 405
2870, 425, 871, 446
2871, 464, 812, 348
2872, 365, 686, 321
2873, 332, 546, 214
2874, 229, 435, 206
2875, 222, 527, 305
2876, 319, 726, 407
2877, 431, 921, 490
2878, 503, 947, 444
2879, 455, 771, 316
2880, 325, 561, 236
2881, 251, 501, 250
2882, 266, 576, 310
2883, 326, 758, 432
2884, 445, 892, 447
2885, 461, 834, 373
2886, 384, 641, 257
2887, 274, 482, 208
2888, 234, 524, 290
2889, 309, 663, 354
2890, 373, 721, 348
2891, 368, 771, 403
2892, 423, 866, 443
2893, 460, 835, 375
2894, 385, 651, 266
2895, 275, 541, 266
2896, 277, 625, 348
2897, 362, 725, 363
2898, 380, 699, 319
2899, 337, 739, 402
2900, 421, 848, 427
2901, 440, 705, 265
2902, 280, 453, 173
2903, 185, 471, 286
2904, 300, 652, 352
2905, 376, 786, 410
2906, 424, 745, 321
2907, 341, 716, 375
2908, 389, 691, 302
2909, 315, 598, 283
2910, 298, 616, 318
2911, 334, 612, 278
2912, 301, 703, 402
2913, 427, 812, 385
2914, 404, 681, 277
2915, 290, 513, 223
2916, 247, 596, 349
2917, 356, 658, 302
2918, 322, 612, 290
2919, 308, 655, 347
2920, 368, 825, 457
2921, 468, 782, 314
2922, 326, 529, 203
2923, 227, 548, 321
2924, 337, 744, 407
2925, 418, 749, 331
2926, 345, 650, 305
2927, 328, 707, 379
2928, 395, 757, 362
2929, 375, 601, 226
2930, 243, 513, 270
2931, 290, 667, 377
2932, 391, 715, 324
2933, 345, 668, 323
2934, 337, 754, 417
2935, 426, 780, 354
2936, 372, 681, 309
2937, 326, 575, 249
2938, 266, 591, 325
2939, 337, 703, 366
2940, 387, 739, 352
2941, 371, 675, 304
2942, 318, 599, 281
2943, 300, 604, 304
2944, 325, 741, 416
2945, 430, 845, 415
2946, 426, 743, 317
2947, 328, 595, 267
2948, 283, 597, 314
2949, 321, 585, 264
2950, 284, 586, 302
2951, 324, 720, 396
2952, 415, 789, 374
2953, 385, 699, 314
2954, 328, 573, 245
2955, 261, 557, 296
2956, 310, 693, 383
2957, 397, 681, 284
2958, 301, 572, 271
2959, 294, 673, 379
2960, 389, 764, 375
2961, 390, 737, 347
2962, 364, 669, 305
2963, 319, 684, 365
2964, 380, 704, 324
2965, 335, 548, 213
2966, 235, 466, 231
2967, 248, 577, 329
2968, 352, 687, 335
2969, 352, 762, 410
2970, 420, 804, 384
2971, 400, 709, 309
2972, 313, 546, 233
2973, 250, 487, 237
2974, 254, 528, 274
2975, 297, 652, 355
2976, 373, 782, 409
2977, 424, 783, 359
2978, 370, 713, 343
2979, 359, 675, 316
2980, 327, 627, 300
2981, 311, 588, 277
2982, 294, 573, 279
2983, 287, 558, 271
2984, 292, 620, 328
2985, 340, 747, 407
2986, 432, 867, 435
2987, 454, 818, 364
2988, 376, 694, 318
2989, 332, 604, 272
2990, 283, 505, 222
2991, 248, 592, 344
2992, 375, 856, 481
2993, 496, 878, 382
2994, 399, 690, 291
2995, 303, 541, 238
2996, 253, 454, 201
2997, 225, 551, 326
2998, 349, 778, 429
2999, 442, 774, 332
3000, 344, 660, 316
3001, 335, 728, 393
3002, 404, 705, 301
3003, 311, 467, 156
3004, 169, 291, 122
3005, 155, 529, 374
3006, 400, 883, 483
3007, 498, 926, 428
3008, 448, 848, 400
3009, 409, 748, 339
3010, 347, 564, 217
3011, 233, 395, 162
3012, 185, 415, 230
3013, 251, 670, 419
3014, 433, 781, 348
3015, 375, 838, 463
3016, 477, 944, 467
3017, 477, 743, 266
3018, 275, 417, 142
3019, 161, 348, 187
3020, 196, 469, 273
3021, 295, 680, 385
3022, 405, 851, 446
3023, 464, 836, 372
3024, 395, 818, 423
3025, 430, 629, 199
3026, 210, 304, 94
3027, 112, 266, 154
3028, 169, 485, 316
3029, 347, 713, 366
3030, 386, 862, 476
3031, 494, 886, 392
3032, 409, 747, 338
3033, 351, 626, 275
3034, 284, 367, 83
3035, 98, 232, 134
3036, 163, 479, 316
3037, 342, 853, 511
3038, 541, 1002, 461
3039, 474, 940, 466
3040, 474, 762, 288
3041, 297, 430, 133
3042, 142, 259, 117
3043, 142, 406, 264
3044, 287, 804, 517
3045, 546, 1126, 580
3046, 595, 1083, 488
3047, 494, 761, 267
3048, 270, 379, 109
3049, 119, 203, 84
3050, 110, 349, 239
3051, 265, 756, 491
3052, 516, 1044, 528
3053, 549, 1040, 491
3054, 495, 844, 349
3055, 355, 509, 154
3056, 160, 241, 81
3057, 98, 182, 84
3058, 108, 406, 298
3059, 328, 867, 539
3060, 568, 1138, 570
3061, 586, 989, 403
3062, 410, 665, 255
3063, 261, 389, 128
3064, 137, 244, 107
3065, 128, 365, 237
3066, 273, 798, 525
3067, 546, 1135, 589
3068, 606, 1051, 445
3069, 459, 763, 304
3070, 309, 456, 147
3071, 151, 271, 120
3072, 144, 378, 234
3073, 258, 774, 516
3074, 531, 1044, 513
3075, 531, 954, 423
3076, 444, 811, 367
3077, 378, 594, 216
3078, 225, 370, 145
3079, 157, 332, 175
3080, 191, 496, 305
3081, 328, 834, 506
3082, 529, 1029, 500
3083, 517, 901, 384
3084, 395, 649, 254
3085, 266, 456, 190
3086, 204, 327, 123
3087, 137, 404, 267
3088, 290, 730, 440
3089, 468, 1017, 549
3090, 568, 1101, 533
3091, 545, 866, 321
3092, 327, 491, 164
3093, 174, 309, 135
3094, 160, 439, 279
3095, 304, 729, 425
3096, 439, 845, 406
3097, 425, 837, 412
3098, 436, 867, 431
3099, 436, 724, 288
3100, 305, 416, 111
3101, 128, 376, 248
3102, 267, 684, 417
3103, 428, 827, 399
3104, 415, 846, 431
3105, 443, 771, 328
3106, 342, 599, 257
3107, 264, 504, 240
3108, 248, 305, 57
3109, 79, 208, 129
3110, 150, 549, 399
3111, 424, 974, 550
3112, 563, 1059, 496
3113, 515, 900, 385
3114, 397, 623, 226
3115, 231, 369, 138
3116, 152, 245, 93
3117, 117, 374, 257
3118, 276, 737, 461
3119, 488, 1071, 583
3120, 599, 1064, 465
3121, 475, 735, 260
3122, 265, 409, 144
3123, 154, 288, 134
3124, 155, 382, 227
3125, 255, 688, 433
3126, 462, 974, 512
3127, 542, 1055, 513
3128, 521, 920, 399
3129, 402, 580, 178
3130, 187, 286, 99
3131, 112, 303, 191
3132, 212, 548, 336
3133, 360, 834, 474
3134, 492, 922, 430
3135, 452, 850, 398
3136, 409, 720, 311
3137, 322, 533, 211
3138, 220, 432, 212
3139, 234, 594, 360
3140, 383, 842, 459
3141, 475, 846, 371
3142, 390, 789, 399
3143, 409, 726, 317
3144, 330, 571, 241
3145, 256, 444, 188
3146, 209, 442, 233
3147, 252, 606, 354
3148, 375, 844, 469
3149, 489, 983, 494
3150, 508, 885, 377
3151, 392, 668, 276
3152, 286, 446, 160
3153, 174, 377, 203
3154, 222, 571, 349
3155, 370, 827, 457
3156, 480, 874, 394
3157, 415, 795, 380
3158, 401, 757, 356
3159, 366, 558, 192
3160, 204, 415, 211
3161, 226, 494, 268
3162, 281, 624, 343
3163, 363, 792, 429
3164, 453, 936, 483
3165, 497, 851, 354
3166, 368, 630, 262
3167, 281, 545, 264
3168, 278, 526, 248
3169, 264, 584, 320
3170, 335, 709, 374
3171, 393, 848, 455
3172, 473, 860, 387
3173, 398, 645, 247
3174, 262, 473, 211
3175, 222, 498, 276
3176, 296, 586, 290
3177, 308, 672, 364
3178, 385, 746, 361
3179, 373, 712, 339
3180, 354, 665, 311
3181, 321, 572, 251
3182, 267, 476, 209
3183, 223, 495, 272
3184, 292, 729, 437
3185, 454, 863, 409
3186, 423, 790, 367
3187, 380, 703, 323
3188, 333, 616, 283
3189, 293, 439, 146
3190, 160, 329, 169
3191, 191, 538, 347
3192, 366, 768, 402
3193, 423, 865, 442
3194, 458, 866, 408
3195, 424, 761, 337
3196, 354, 585, 231
3197, 250, 442, 192
3198, 203, 455, 252
3199, 279, 712, 433
3200, 456, 1008, 552
3201, 568, 977, 409
3202, 421, 687, 266
3203, 271, 484, 213
3204, 227, 440, 213
3205, 232, 496, 264
3206, 282, 687, 405
3207, 429, 958, 529
3208, 545, 1026, 481
3209, 490, 765, 275
3210, 283, 494, 211
3211, 225, 453, 228
3212, 246, 508, 262
3213, 280, 589, 309
3214, 337, 767, 430
3215, 438, 877, 439
3216, 448, 757, 309
3217, 317, 554, 237
3218, 257, 461, 204
3219, 225, 471, 246
3220, 267, 602, 335
3221, 354, 767, 413
3222, 433, 884, 451
3223, 462, 842, 380
3224, 390, 691, 301
3225, 310, 512, 202
3226, 215, 429, 214
3227, 231, 529, 298
3228, 311, 613, 302
3229, 326, 740, 414
3230, 436, 938, 502
3231, 517, 898, 381
3232, 393, 665, 272
3233, 286, 420, 134
3234, 147, 278, 131
3235, 159, 421, 262
3236, 292, 706, 414
3237, 441, 964, 523
3238, 533, 998, 465
3239, 474, 770, 296
3240, 301, 465, 164
3241, 176, 308, 132
3242, 153, 351, 198
3243, 220, 657, 437
3244, 461, 941, 480
3245, 499, 1002, 503
3246, 514, 898, 384
3247, 393, 591, 198
3248, 203, 368, 165
3249, 183, 285, 102
3250, 116, 265, 149
3251, 173, 562, 389
3252, 415, 878, 463
3253, 490, 980, 490
3254, 512, 947, 435
3255, 450, 718, 268
3256, 278, 385, 107
3257, 125, 332, 207
3258, 226, 624, 398
3259, 417, 902, 485
3260, 509, 974, 465
3261, 485, 856, 371
3262, 384, 656, 272
3263, 281, 437, 156
3264, 166, 284, 118
3265, 133, 348, 215
3266, 248, 681, 433
3267, 458, 1070, 612
3268, 625, 1115, 490
3269, 500, 783, 283
3270, 293, 499, 206
3271, 211, 291, 80
3272, 93, 202, 109
3273, 140, 487, 347
3274, 379, 1009, 630
3275, 650, 1296, 646
3276, 657, 998, 341
3277, 353, 518, 165
3278, 168, 240, 72
3279, 88, 200, 112
3280, 129, 411, 282
3281, 313, 773, 460
3282, 483, 1118, 635
3283, 653, 1088, 435
3284, 441, 693, 252
3285, 257, 419, 162
3286, 173, 243, 70
3287, 94, 253, 159
3288, 178, 571, 393
3289, 417, 948, 531
3290, 547, 1090, 543
3291, 555, 987, 432
3292, 438, 671, 233
3293, 239, 342, 103
3294, 117, 204, 87
3295, 112, 357, 245
3296, 277, 726, 449
3297, 475, 1067, 592
3298, 612, 1067, 455
3299, 465, 775, 310
3300, 322, 525, 203
3301, 215, 288, 73
3302, 83, 182, 99
3303, 130, 365, 235
3304, 270, 781, 511
3305, 536, 1047, 511
3306, 527, 1045, 518
3307, 528, 836, 308
3308, 312, 422, 110
3309, 112, 161, 49
3310, 71, 191, 120
3311, 149, 536, 387
3312, 423, 1026, 603
3313, 623, 1195, 572
3314, 584, 976, 392
3315, 398, 614, 216
3316, 220, 290, 70
3317, 87, 155, 68
3318, 94, 386, 292
3319, 326, 960, 634
3320, 658, 1279, 621
3321, 636, 1034, 398
3322, 403, 641, 238
3323, 240, 338, 98
3324, 107, 187, 80
3325, 100, 284, 184
3326, 216, 610, 394
3327, 423, 1045, 622
3328, 641, 1155, 514
3329, 526, 789, 263
3330, 274, 502, 228
3331, 235, 354, 119
3332, 133, 238, 105
3333, 129, 399, 270
3334, 294, 735, 441
3335, 471, 1114, 643
3336, 653, 1146, 493
3337, 499, 782, 283
3338, 289, 408, 119
3339, 126, 198, 72
3340, 94, 292, 198
3341, 221, 607, 386
3342, 414, 956, 542
3343, 568, 1146, 578
3344, 589, 932, 343
3345, 357, 572, 215
3346, 224, 327, 103
3347, 116, 192, 76
3348, 96, 285, 189
3349, 221, 634, 413
3350, 447, 1029, 582
3351, 610, 1201, 591
3352, 600, 960, 360
3353, 368, 517, 149
3354, 162, 303, 141
3355, 157, 387, 230
3356, 246, 587, 341
3357, 372, 815, 443
3358, 468, 1005, 537
3359, 548, 949, 401
3360, 415, 655, 240
3361, 251, 426, 175
3362, 187, 401, 214
3363, 235, 545, 310
3364, 342, 770, 428
3365, 448, 941, 493
3366, 515, 974, 459
3367, 470, 737, 267
3368, 281, 494, 213
3369, 225, 441, 216
3370, 236, 570, 334
3371, 351, 768, 417
3372, 437, 841, 404
3373, 422, 842, 420
3374, 424, 710, 286
3375, 298, 481, 183
3376, 205, 518, 313
3377, 329, 733, 404
3378, 416, 777, 361
3379, 375, 741, 366
3380, 380, 696, 316
3381, 326, 619, 293
3382, 306, 548, 242
3383, 257, 530, 273
3384, 295, 634, 339
3385, 355, 747, 392
3386, 418, 866, 448
3387, 462, 853, 391
3388, 405, 715, 310
3389, 318, 530, 212
3390, 223, 374, 151
3391, 174, 399, 225
3392, 249, 710, 461
3393, 476, 1037, 561
3394, 581, 1030, 449
3395, 464, 810, 346
3396, 350, 562, 212
3397, 222, 343, 121
3398, 137, 350, 213
3399, 228, 567, 339
3400, 366, 836, 470
3401, 495, 1036, 541
3402, 553, 971, 418
3403, 430, 671, 241
3404, 249, 368, 119
3405, 131, 216, 85
3406, 106, 401, 295
3407, 322, 826, 504
3408, 531, 1179, 648
3409, 664, 1181, 517
3410, 526, 772, 246
3411, 249, 341, 92
3412, 105, 172, 67
3413, 77, 283, 206
3414, 229, 640, 411
3415, 446, 1094, 648
3416, 672, 1329, 657
3417, 665, 952, 287
3418, 291, 393, 102
3419, 110, 169, 59
3420, 70, 181, 111
3421, 141, 437, 296
3422, 345, 1028, 683
3423, 708, 1402, 694
3424, 703, 1029, 326
3425, 332, 508, 176
3426, 180, 230, 50
3427, 64, 136, 72
3428, 96, 374, 278
3429, 316, 834, 518
3430, 548, 1177, 629
3431, 645, 1094, 449
3432, 457, 705, 248
3433, 253, 353, 100
3434, 110, 208, 98
3435, 112, 273, 161
3436, 198, 523, 325
3437, 353, 955, 602
3438, 616, 1233, 617
3439, 625, 1019, 394
3440, 411, 614, 203
3441, 209, 327, 118
3442, 124, 282, 158
3443, 177, 390, 213
3444, 242, 599, 357
3445, 383, 889, 506
3446, 528, 1180, 652
3447, 663, 965, 302
3448, 308, 425, 117
3449, 124, 209, 85
3450, 101, 273, 172
3451, 193, 571, 378
3452, 403, 914, 511
3453, 534, 1081, 547
3454, 562, 983, 421
3455, 423, 600, 177
3456, 181, 263, 82
3457, 94, 163, 69
3458, 107, 374, 267
3459, 300, 905, 605
3460, 626, 1275, 649
3461, 663, 1097, 434
3462, 443, 662, 219
3463, 225, 351, 126
3464, 133, 180, 47
3465, 64, 146, 82
3466, 110, 450, 340
3467, 374, 1080, 706
3468, 726, 1352, 626
3469, 640, 975, 335
3470, 338, 473, 135
3471, 140, 216, 76
3472, 83, 160, 77
3473, 105, 312, 207
3474, 232, 645, 413
3475, 436, 1000, 564
3476, 580, 1092, 512
3477, 529, 922, 393
3478, 402, 595, 193
3479, 200, 271, 71
3480, 84, 137, 53
3481, 95, 425, 330
3482, 360, 924, 564
3483, 592, 1185, 593
3484, 604, 965, 361
3485, 370, 634, 264
3486, 269, 406, 137
3487, 153, 248, 95
3488, 117, 359, 242
3489, 276, 807, 531
3490, 554, 1191, 637
3491, 651, 1069, 418
3492, 431, 714, 283
3493, 287, 438, 151
3494, 158, 240, 82
3495, 98, 249, 151
3496, 175, 536, 361
3497, 394, 906, 512
3498, 527, 957, 430
3499, 454, 932, 478
3500, 491, 809, 318
3501, 324, 531, 207
3502, 218, 418, 200
3503, 213, 485, 272
3504, 292, 702, 410
3505, 436, 959, 523
3506, 541, 918, 377
3507, 395, 689, 294
3508, 302, 484, 182
3509, 194, 291, 97
3510, 119, 340, 221
3511, 253, 724, 471
3512, 494, 1066, 572
3513, 592, 1067, 475
3514, 485, 814, 329
3515, 336, 514, 178
3516, 185, 264, 79
3517, 97, 198, 101
3518, 127, 433, 306
3519, 335, 903, 568
3520, 596, 1233, 637
3521, 647, 1027, 380
3522, 391, 613, 222
3523, 230, 393, 163
3524, 176, 267, 91
3525, 115, 321, 206
3526, 234, 712, 478
3527, 495, 1112, 617
3528, 627, 1051, 424
3529, 440, 720, 280
3530, 293, 511, 218
3531, 223, 314, 91
3532, 101, 175, 74
3533, 100, 292, 192
3534, 226, 801, 575
3535, 601, 1350, 749
3536, 764, 1274, 510
3537, 514, 714, 200
3538, 203, 289, 86
3539, 90, 99, 9
3540, 24, 48, 24
3541, 68, 387, 319
3542, 354, 1136, 782
3543, 812, 1473, 661
3544, 677, 1098, 421
3545, 423, 546, 123
3546, 125, 155, 30
3547, 40, 61, 21
3548, 48, 239, 191
3549, 222, 665, 443
3550, 487, 1197, 710
3551, 730, 1301, 571
3552, 584, 876, 292
3553, 294, 389, 95
3554, 102, 164, 62
3555, 83, 257, 174
3556, 199, 580, 381
3557, 410, 1008, 598
3558, 624, 1268, 644
3559, 653, 1015, 362
3560, 367, 526, 159
3561, 163, 194, 31
3562, 48, 177, 129
3563, 161, 538, 377
3564, 413, 996, 583
3565, 604, 1178, 574
3566, 593, 1021, 428
3567, 436, 634, 198
3568, 202, 271, 69
3569, 87, 182, 95
3570, 125, 439, 314
3571, 336, 763, 427
3572, 453, 893, 440
3573, 462, 925, 463
3574, 478, 885, 407
3575, 417, 586, 169
3576, 178, 316, 138
3577, 153, 387, 234
3578, 253, 621, 368
3579, 386, 806, 420
3580, 441, 934, 493
3581, 513, 942, 429
3582, 440, 716, 276
3583, 279, 370, 91
3584, 104, 146, 42
3585, 66, 254, 188
3586, 218, 632, 414
3587, 442, 984, 542
3588, 563, 1074, 511
3589, 528, 982, 454
3590, 456, 659, 203
3591, 211, 267, 56
3592, 73, 252, 179
3593, 190, 412, 222
3594, 245, 567, 322
3595, 357, 873, 516
3596, 536, 1147, 611
3597, 624, 996, 372
3598, 377, 502, 125
3599, 129, 205, 76
3600, 87, 199, 112
3601, 142, 475, 333
3602, 363, 933, 570
3603, 597, 1279, 682
3604, 694, 1169, 475
3605, 480, 619, 139
3606, 143, 168, 25
3607, 33, 114, 81
3608, 102, 358, 256
3609, 282, 684, 402
3610, 448, 1091, 643
3611, 667, 1315, 648
3612, 655, 930, 275
3613, 278, 313, 35
3614, 42, 63, 21
3615, 37, 172, 135
3616, 161, 462, 301
3617, 344, 892, 548
3618, 575, 1255, 680
3619, 693, 1101, 408
3620, 415, 601, 186
3621, 188, 259, 71
3622, 83, 134, 51
3623, 73, 278, 205
3624, 242, 710, 468
3625, 497, 1099, 602
3626, 626, 1250, 624
3627, 635, 959, 324
3628, 328, 425, 97
3629, 102, 114, 12
3630, 29, 92, 63
3631, 91, 362, 271
3632, 306, 875, 569
3633, 598, 1347, 749
3634, 773, 1244, 471
3635, 478, 655, 177
3636, 180, 239, 59
3637, 65, 84, 19
3638, 38, 181, 143
3639, 177, 517, 340
3640, 373, 996, 623
3641, 647, 1387, 740
3642, 749, 1095, 346
3643, 356, 500, 144
3644, 150, 210, 60
3645, 76, 203, 127
3646, 149, 344, 195
3647, 226, 598, 372
3648, 403, 975, 572
3649, 585, 1086, 501
3650, 510, 867, 357
3651, 367, 505, 138
3652, 148, 286, 138
3653, 155, 411, 256
3654, 278, 590, 312
3655, 350, 854, 504
3656, 524, 1113, 589
3657, 594, 951, 357
3658, 364, 496, 132
3659, 149, 323, 174
3660, 186, 409, 223
3661, 245, 529, 284
3662, 311, 725, 414
3663, 439, 1048, 609
3664, 624, 1089, 465
3665, 471, 707, 236
3666, 241, 328, 87
3667, 101, 196, 95
3668, 111, 340, 229
3669, 253, 650, 397
3670, 432, 991, 559
3671, 580, 1133, 553
3672, 570, 958, 388
3673, 393, 556, 163
3674, 176, 282, 106
3675, 115, 313, 198
3676, 225, 610, 385
3677, 412, 915, 503
3678, 527, 955, 428
3679, 446, 853, 407
3680, 418, 691, 273
3681, 287, 430, 143
3682, 158, 347, 189
3683, 206, 489, 283
3684, 302, 670, 368
3685, 394, 866, 472
3686, 486, 959, 473
3687, 483, 822, 339
3688, 347, 496, 149
3689, 162, 291, 129
3690, 145, 453, 308
3691, 329, 663, 334
3692, 356, 814, 458
3693, 483, 998, 515
3694, 524, 916, 392
3695, 400, 619, 219
3696, 228, 338, 110
3697, 126, 300, 174
3698, 187, 474, 287
3699, 310, 696, 386
3700, 417, 928, 511
3701, 530, 1000, 470
3702, 480, 803, 323
3703, 330, 549, 219
3704, 224, 410, 186
3705, 198, 393, 195
3706, 218, 490, 272
3707, 307, 746, 439
3708, 468, 986, 518
3709, 535, 956, 421
3710, 439, 714, 275
3711, 287, 438, 151
3712, 165, 321, 156
3713, 166, 410, 244
3714, 259, 567, 308
3715, 330, 750, 420
3716, 433, 895, 462
3717, 473, 823, 350
3718, 364, 601, 237
3719, 248, 443, 195
3720, 210, 399, 189
3721, 204, 451, 247
3722, 279, 746, 467
3723, 482, 1039, 557
3724, 570, 985, 415
3725, 428, 693, 265
3726, 278, 449, 171
3727, 180, 287, 107
3728, 123, 334, 211
3729, 232, 638, 406
3730, 433, 1006, 573
3731, 593, 1113, 520
3732, 534, 867, 333
3733, 336, 507, 171
3734, 177, 255, 78
3735, 85, 169, 84
3736, 116, 383, 267
3737, 298, 898, 600
3738, 610, 1205, 595
3739, 608, 1041, 433
3740, 443, 692, 249
3741, 256, 415, 159
3742, 166, 269, 103
3743, 115, 278, 163
3744, 189, 534, 345
3745, 369, 892, 523
3746, 540, 1118, 578
3747, 592, 1034, 442
3748, 451, 681, 230
3749, 239, 402, 163
3750, 178, 381, 203
3751, 222, 592, 370
3752, 397, 879, 482
3753, 500, 963, 463
3754, 480, 910, 430
3755, 438, 708, 270
3756, 277, 418, 141
3757, 155, 316, 161
3758, 181, 508, 327
3759, 353, 798, 445
3760, 471, 964, 493
3761, 507, 962, 455
3762, 469, 777, 308
3763, 317, 436, 119
3764, 128, 244, 116
3765, 135, 402, 267
3766, 299, 798, 499
3767, 516, 1089, 573
3768, 578, 998, 420
3769, 431, 693, 262
3770, 273, 448, 175
3771, 185, 293, 108
3772, 128, 331, 203
3773, 225, 617, 392
3774, 425, 991, 566
3775, 586, 1163, 577
3776, 586, 927, 341
3777, 343, 511, 168
3778, 176, 297, 121
3779, 131, 301, 170
3780, 191, 436, 245
3781, 272, 759, 487
3782, 509, 1159, 650
3783, 664, 1157, 493
3784, 500, 710, 210
3785, 215, 338, 123
3786, 136, 296, 160
3787, 175, 405, 230
3788, 262, 665, 403
3789, 428, 1094, 666
3790, 685, 1241, 556
3791, 564, 774, 210
3792, 212, 276, 64
3793, 73, 136, 63
3794, 83, 237, 154
3795, 185, 683, 498
3796, 532, 1175, 643
3797, 665, 1217, 552
3798, 557, 855, 298
3799, 305, 463, 158
3800, 161, 212, 51
3801, 70, 144, 74
3802, 103, 294, 191
3803, 223, 714, 491
3804, 525, 1230, 705
3805, 725, 1235, 510
3806, 517, 799, 282
3807, 288, 381, 93
3808, 100, 161, 61
3809, 74, 211, 137
3810, 169, 555, 386
3811, 409, 951, 542
3812, 567, 1090, 523
3813, 541, 975, 434
3814, 440, 658, 218
3815, 229, 369, 140
3816, 153, 337, 184
3817, 203, 509, 306
3818, 326, 735, 409
3819, 427, 940, 513
3820, 532, 1044, 512
3821, 525, 873, 348
3822, 356, 495, 139
3823, 152, 279, 127
3824, 143, 384, 241
3825, 263, 668, 405
3826, 432, 902, 470
3827, 495, 993, 498
3828, 508, 936, 428
3829, 436, 592, 156
3830, 163, 240, 77
3831, 96, 302, 206
3832, 228, 648, 420
3833, 447, 902, 455
3834, 479, 977, 498
3835, 514, 967, 453
3836, 460, 708, 248
3837, 259, 340, 81
3838, 96, 305, 209
3839, 224, 541, 317
3840, 338, 700, 362
3841, 386, 831, 445
3842, 467, 928, 461
3843, 471, 807, 336
3844, 346, 493, 147
3845, 161, 268, 107
3846, 130, 386, 256
3847, 277, 688, 411
3848, 434, 866, 432
3849, 458, 969, 511
3850, 525, 937, 412
3851, 415, 595, 180
3852, 197, 341, 144
3853, 155, 327, 172
3854, 195, 555, 360
3855, 387, 924, 537
3856, 552, 1102, 550
3857, 561, 933, 372
3858, 377, 617, 240
3859, 247, 376, 129
3860, 144, 298, 154
3861, 172, 436, 264
3862, 295, 761, 466
3863, 487, 1046, 559
3864, 583, 1107, 524
3865, 537, 823, 286
3866, 288, 397, 109
3867, 115, 166, 51
3868, 76, 279, 203
3869, 231, 693, 462
3870, 490, 991, 501
3871, 515, 1048, 533
3872, 552, 1000, 448
3873, 456, 621, 165
3874, 169, 218, 49
3875, 69, 133, 64
3876, 95, 485, 390
3877, 426, 976, 550
3878, 571, 1110, 539
3879, 552, 932, 380
3880, 392, 688, 296
3881, 301, 450, 149
3882, 158, 211, 53
3883, 74, 214, 140
3884, 167, 514, 347
3885, 372, 981, 609
3886, 624, 1188, 564
3887, 579, 1004, 425
3888, 432, 631, 199
3889, 203, 276, 73
3890, 81, 186, 105
3891, 132, 427, 295
3892, 326, 890, 564
3893, 594, 1233, 639
3894, 648, 1084, 436
3895, 442, 682, 240
3896, 244, 320, 76
3897, 81, 145, 64
3898, 89, 255, 166
3899, 196, 616, 420
3900, 448, 1060, 612
3901, 632, 1176, 544
3902, 550, 914, 364
3903, 369, 528, 159
3904, 169, 257, 88
3905, 105, 235, 130
3906, 148, 477, 329
3907, 355, 961, 606
3908, 630, 1138, 508
3909, 525, 942, 417
3910, 432, 715, 283
3911, 292, 394, 102
3912, 112, 197, 85
3913, 103, 302, 199
3914, 236, 774, 538
3915, 557, 1152, 595
3916, 611, 1037, 426
3917, 444, 754, 310
3918, 313, 539, 226
3919, 233, 359, 126
3920, 139, 296, 157
3921, 177, 509, 332
3922, 364, 945, 581
3923, 601, 1097, 496
3924, 511, 866, 355
3925, 360, 553, 193
3926, 201, 347, 146
3927, 160, 340, 180
3928, 208, 492, 284
3929, 305, 730, 425
3930, 450, 863, 413
3931, 431, 831, 400
3932, 415, 722, 307
3933, 320, 539, 219
3934, 233, 444, 211
3935, 224, 486, 262
3936, 286, 591, 305
3937, 329, 748, 419
3938, 441, 926, 485
3939, 505, 891, 386
3940, 401, 606, 205
3941, 216, 380, 164
3942, 181, 387, 206
3943, 218, 442, 224
3944, 247, 580, 333
3945, 359, 926, 567
3946, 585, 1148, 563
3947, 573, 840, 267
3948, 273, 411, 138
3949, 151, 272, 121
3950, 140, 305, 165
3951, 190, 489, 299
3952, 324, 789, 465
3953, 488, 1108, 620
3954, 635, 1072, 437
3955, 446, 687, 241
3956, 247, 353, 106
3957, 120, 185, 65
3958, 90, 279, 189
3959, 215, 667, 452
3960, 476, 1010, 534
3961, 553, 1026, 473
3962, 488, 849, 361
3963, 370, 568, 198
3964, 206, 344, 138
3965, 148, 243, 95
3966, 121, 308, 187
3967, 217, 718, 501
3968, 533, 1193, 660
3969, 677, 1163, 486
3970, 495, 699, 204
3971, 206, 306, 100
3972, 111, 221, 110
3973, 130, 308, 178
3974, 205, 558, 353
3975, 383, 971, 588
3976, 604, 1192, 588
3977, 597, 1042, 445
3978, 447, 592, 145
3979, 150, 246, 96
3980, 104, 196, 92
3981, 113, 266, 153
3982, 178, 560, 382
3983, 409, 968, 559
3984, 593, 1218, 625
3985, 641, 1017, 376
3986, 383, 556, 173
3987, 182, 248, 66
3988, 78, 209, 131
3989, 152, 429, 277
3990, 310, 865, 555
3991, 578, 1180, 602
3992, 623, 1122, 499
3993, 504, 731, 227
3994, 234, 307, 73
3995, 84, 245, 161
3996, 182, 507, 325
3997, 351, 806, 455
3998, 483, 1043, 560
3999, 577, 1129, 552
4000, 561, 807, 246
4001, 251, 333, 82
4002, 87, 106, 19
4003, 39, 136, 97
4004, 137, 534, 397
4005, 421, 1099, 678
4006, 707, 1334, 627
4007, 638, 928, 290
4008, 300, 490, 190
4009, 197, 288, 91
4010, 105, 200, 95
4011, 112, 316, 204
4012, 233, 707, 474
4013, 499, 1147, 648
4014, 666, 1097, 431
4015, 437, 731, 294
4016, 302, 501, 199
4017, 210, 282, 72
4018, 89, 239, 150
4019, 174, 508, 334
4020, 360, 784, 424
4021, 446, 965, 519
4022, 537, 1038, 501
4023, 508, 798, 290
4024, 301, 438, 137
4025, 150, 315, 165
4026, 182, 463, 281
4027, 304, 621, 317
4028, 341, 802, 461
4029, 477, 932, 455
4030, 471, 911, 440
4031, 452, 667, 215
4032, 224, 315, 91
4033, 104, 217, 113
4034, 135, 366, 231
4035, 257, 750, 493
4036, 514, 991, 477
4037, 490, 853, 363
4038, 374, 651, 277
4039, 292, 534, 242
4040, 249, 408, 159
4041, 179, 403, 224
4042, 243, 669, 426
4043, 449, 997, 548
4044, 560, 952, 392
4045, 404, 708, 304
4046, 316, 542, 226
4047, 238, 431, 193
4048, 206, 403, 197
4049, 217, 482, 265
4050, 291, 681, 390
4051, 411, 807, 396
4052, 419, 809, 390
4053, 400, 724, 324
4054, 338, 599, 261
4055, 270, 462, 192
4056, 208, 420, 212
4057, 238, 571, 333
4058, 353, 795, 442
4059, 458, 941, 483
4060, 503, 949, 446
4061, 459, 673, 214
4062, 224, 381, 157
4063, 170, 383, 213
4064, 235, 551, 316
4065, 338, 835, 497
4066, 529, 1044, 515
4067, 531, 846, 315
4068, 332, 577, 245
4069, 255, 511, 256
4070, 269, 505, 236
4071, 244, 474, 230
4072, 254, 531, 277
4073, 304, 750, 446
4074, 468, 973, 505
4075, 520, 889, 369
4076, 387, 682, 295
4077, 299, 556, 257
4078, 267, 446, 179
4079, 193, 348, 155
4080, 190, 516, 326
4081, 352, 879, 527
4082, 545, 1096, 551
4083, 562, 957, 395
4084, 401, 693, 292
4085, 301, 485, 184
4086, 198, 384, 186
4087, 202, 448, 246
4088, 271, 597, 326
4089, 357, 843, 486
4090, 505, 973, 468
4091, 481, 848, 367
4092, 376, 656, 280
4093, 295, 539, 244
4094, 250, 481, 231
4095, 242, 499, 257
4096, 281, 562, 281
4097, 298, 688, 390
4098, 407, 833, 426
4099, 442, 825, 383
4100, 401, 725, 324
4101, 337, 653, 316
4102, 329, 585, 256
4103, 272, 503, 231
4104, 254, 518, 264
4105, 292, 665, 373
4106, 385, 862, 477
4107, 490, 826, 336
4108, 352, 616, 264
4109, 285, 622, 337
4110, 353, 676, 323
4111, 335, 568, 233
4112, 253, 579, 326
4113, 338, 678, 340
4114, 358, 748, 390
4115, 407, 781, 374
4116, 386, 693, 307
4117, 324, 610, 286
4118, 301, 605, 304
4119, 322, 605, 283
4120, 300, 667, 367
4121, 387, 779, 392
4122, 412, 805, 393
4123, 405, 776, 371
4124, 390, 725, 335
4125, 344, 624, 280
4126, 288, 479, 191
4127, 203, 392, 189
4128, 207, 481, 274
4129, 296, 686, 390
4130, 408, 762, 354
4131, 373, 754, 381
4132, 389, 731, 342
4133, 355, 625, 270
4134, 283, 534, 251
4135, 271, 501, 230
4136, 251, 602, 351
4137, 369, 718, 349
4138, 372, 787, 415
4139, 433, 843, 410
4140, 426, 788, 362
4141, 373, 627, 254
4142, 272, 527, 255
4143, 275, 629, 354
4144, 373, 709, 336
4145, 356, 697, 341
4146, 355, 701, 346
4147, 363, 688, 325
4148, 339, 659, 320
4149, 336, 577, 241
4150, 257, 551, 294
4151, 310, 650, 340
4152, 355, 697, 342
4153, 358, 693, 335
4154, 350, 753, 403
4155, 424, 767, 343
4156, 359, 620, 261
4157, 269, 501, 232
4158, 249, 482, 233
4159, 249, 538, 289
4160, 317, 714, 397
4161, 418, 867, 449
4162, 457, 804, 347
4163, 357, 635, 278
4164, 286, 534, 248
4165, 263, 501, 238
4166, 250, 540, 290
4167, 318, 660, 342
4168, 364, 787, 423
4169, 440, 856, 416
4170, 425, 776, 351
4171, 361, 647, 286
4172, 297, 535, 238
4173, 245, 422, 177
4174, 192, 406, 214
4175, 229, 597, 368
4176, 400, 863, 463
4177, 473, 996, 523
4178, 538, 892, 354
4179, 369, 613, 244
4180, 252, 416, 164
4181, 176, 329, 153
4182, 182, 501, 319
4183, 350, 824, 474
4184, 497, 991, 494
4185, 510, 958, 448
4186, 463, 739, 276
4187, 282, 454, 172
4188, 183, 303, 120
4189, 130, 336, 206
4190, 222, 535, 313
4191, 336, 800, 464
4192, 481, 963, 482
4193, 496, 850, 354
4194, 364, 669, 305
4195, 313, 502, 189
4196, 199, 363, 164
4197, 183, 423, 240
4198, 269, 714, 445
4199, 465, 1033, 568
4200, 584, 1006, 422
4201, 431, 712, 281
4202, 287, 535, 248
4203, 253, 372, 119
4204, 136, 252, 116
4205, 145, 432, 287
4206, 317, 892, 575
4207, 591, 1172, 581
4208, 591, 971, 380
4209, 391, 639, 248
4210, 256, 452, 196
4211, 206, 302, 96
4212, 111, 216, 105
4213, 124, 420, 296
4214, 325, 837, 512
4215, 539, 1202, 663
4216, 672, 1036, 364
4217, 371, 629, 258
4218, 266, 417, 151
4219, 156, 220, 64
4220, 83, 135, 52
4221, 85, 358, 273
4222, 318, 1020, 702
4223, 725, 1390, 665
4224, 682, 1056, 374
4225, 382, 541, 159
4226, 160, 234, 74
4227, 85, 160, 75
4228, 102, 308, 206
4229, 231, 612, 381
4230, 408, 1025, 617
4231, 627, 1205, 578
4232, 587, 946, 359
4233, 363, 535, 172
4234, 182, 282, 100
4235, 113, 212, 99
4236, 120, 337, 217
4237, 235, 656, 421
4238, 452, 1131, 679
4239, 698, 1351, 653
4240, 661, 903, 242
4241, 247, 296, 49
4242, 53, 109, 56
4243, 75, 223, 148
4244, 181, 590, 409
4245, 433, 1052, 619
4246, 640, 1300, 660
4247, 672, 1013, 341
4248, 348, 474, 126
4249, 130, 195, 65
4250, 83, 206, 123
4251, 152, 381, 229
4252, 262, 772, 510
4253, 537, 1222, 685
4254, 700, 1217, 517
4255, 521, 760, 239
4256, 244, 342, 98
4257, 103, 170, 67
4258, 76, 161, 85
4259, 114, 321, 207
4260, 249, 813, 564
4261, 599, 1395, 796
4262, 810, 1337, 527
4263, 528, 637, 109
4264, 114, 172, 58
4265, 66, 163, 97
4266, 120, 322, 202
4267, 239, 688, 449
4268, 481, 1125, 644
4269, 661, 1210, 549
4270, 559, 859, 300
4271, 304, 415, 111
4272, 118, 193, 75
4273, 84, 199, 115
4274, 148, 442, 294
4275, 316, 807, 491
4276, 513, 1101, 588
4277, 608, 1123, 515
4278, 523, 746, 223
4279, 232, 379, 147
4280, 158, 302, 144
4281, 160, 363, 203
4282, 227, 555, 328
4283, 355, 868, 513
4284, 541, 1081, 540
4285, 549, 934, 385
4286, 396, 562, 166
4287, 178, 340, 162
4288, 175, 388, 213
4289, 233, 602, 369
4290, 398, 897, 499
4291, 523, 1017, 494
4292, 506, 904, 398
4293, 413, 606, 193
4294, 208, 373, 165
4295, 180, 407, 227
4296, 243, 546, 303
4297, 321, 692, 371
4298, 392, 916, 524
4299, 535, 1041, 506
4300, 517, 760, 243
4301, 254, 406, 152
4302, 161, 325, 164
4303, 184, 436, 252
4304, 283, 742, 459
4305, 483, 1109, 626
4306, 641, 1118, 477
4307, 482, 745, 263
4308, 275, 366, 91
4309, 99, 253, 154
4310, 176, 476, 300
4311, 319, 675, 356
4312, 375, 819, 444
4313, 465, 963, 498
4314, 518, 876, 358
4315, 364, 536, 172
4316, 183, 314, 131
4317, 154, 448, 294
4318, 307, 670, 363
4319, 380, 762, 382
4320, 399, 799, 400
4321, 421, 826, 405
4322, 419, 694, 275
4323, 290, 529, 239
4324, 251, 464, 213
4325, 228, 508, 280
4326, 306, 666, 360
4327, 376, 796, 420
4328, 444, 812, 368
4329, 384, 771, 387
4330, 403, 695, 292
4331, 302, 487, 185
4332, 203, 466, 263
4333, 281, 615, 334
4334, 347, 670, 323
4335, 342, 715, 373
4336, 392, 843, 451
4337, 463, 800, 337
4338, 349, 545, 196
4339, 208, 454, 246
4340, 260, 598, 338
4341, 357, 755, 398
4342, 415, 823, 408
4343, 432, 857, 425
4344, 436, 659, 223
4345, 239, 427, 188
4346, 208, 463, 255
4347, 274, 512, 238
4348, 263, 620, 357
4349, 376, 778, 402
4350, 418, 855, 437
4351, 450, 785, 335
4352, 347, 546, 199
4353, 209, 353, 144
4354, 164, 356, 192
4355, 210, 617, 407
4356, 432, 849, 417
4357, 436, 865, 429
4358, 447, 867, 420
4359, 432, 728, 296
4360, 302, 475, 173
4361, 186, 321, 135
4362, 159, 390, 231
4363, 265, 816, 551
4364, 571, 1120, 549
4365, 559, 920, 361
4366, 374, 693, 319
4367, 328, 535, 207
4368, 221, 405, 184
4369, 206, 474, 268
4370, 289, 704, 415
4371, 435, 855, 420
4372, 433, 737, 304
4373, 322, 590, 268
4374, 280, 544, 264
4375, 277, 484, 207
4376, 231, 507, 276
4377, 296, 707, 411
4378, 429, 937, 508
4379, 529, 1040, 511
4380, 520, 807, 287
4381, 300, 502, 202
4382, 209, 407, 198
4383, 210, 371, 161
4384, 179, 367, 188
4385, 225, 628, 403
4386, 419, 1038, 619
4387, 628, 1081, 453
4388, 466, 765, 299
4389, 305, 533, 228
4390, 236, 372, 136
4391, 153, 293, 140
4392, 166, 463, 297
4393, 311, 777, 466
4394, 492, 1074, 582
4395, 603, 1101, 498
4396, 506, 777, 271
4397, 278, 412, 134
4398, 148, 245, 97
4399, 111, 276, 165
4400, 190, 526, 336
4401, 364, 857, 493
4402, 518, 1097, 579
4403, 590, 1020, 430
4404, 435, 673, 238
4405, 242, 348, 106
4406, 115, 165, 50
4407, 68, 180, 112
4408, 143, 518, 375
4409, 400, 1037, 637
4410, 651, 1305, 654
4411, 659, 1078, 419
4412, 422, 569, 147
4413, 152, 204, 52
4414, 58, 113, 55
4415, 81, 248, 167
4416, 201, 653, 452
4417, 482, 1169, 687
4418, 703, 1371, 668
4419, 677, 956, 279
4420, 282, 353, 71
4421, 78, 112, 34
4422, 46, 219, 173
4423, 199, 533, 334
4424, 362, 899, 537
4425, 567, 1243, 676
4426, 691, 1211, 520
4427, 525, 636, 111
4428, 114, 115, 1
4429, 15, 81, 66
4430, 94, 342, 248
4431, 279, 796, 517
4432, 544, 1169, 625
4433, 643, 1146, 503
4434, 513, 813, 300
4435, 304, 395, 91
4436, 101, 160, 59
4437, 79, 336, 257
4438, 287, 736, 449
4439, 481, 1007, 526
4440, 543, 1083, 540
4441, 558, 952, 394
4442, 401, 536, 135
4443, 146, 210, 64
4444, 77, 232, 155
4445, 175, 533, 358
4446, 382, 839, 457
4447, 487, 1012, 525
4448, 544, 1038, 494
4449, 499, 737, 238
4450, 246, 372, 126
4451, 138, 230, 92
4452, 109, 322, 213
4453, 236, 632, 396
4454, 425, 946, 521
4455, 536, 1045, 509
4456, 522, 815, 293
4457, 300, 478, 178
4458, 190, 302, 112
4459, 137, 267, 130
4460, 157, 502, 345
4461, 373, 832, 459
4462, 486, 997, 511
4463, 528, 957, 429
4464, 440, 751, 311
4465, 319, 478, 159
4466, 172, 265, 93
4467, 111, 273, 162
4468, 192, 601, 409
4469, 428, 1021, 593
4470, 621, 1102, 481
4471, 491, 873, 382
4472, 385, 602, 217
4473, 222, 321, 99
4474, 104, 165, 61
4475, 94, 342, 248
4476, 283, 855, 572
4477, 586, 1156, 570
4478, 594, 1025, 431
4479, 443, 813, 370
4480, 377, 509, 132
4481, 140, 191, 51
4482, 65, 175, 110
4483, 142, 494, 352
4484, 382, 909, 527
4485, 558, 1137, 579
4486, 604, 1030, 426
4487, 429, 642, 213
4488, 220, 324, 104
4489, 118, 237, 119
4490, 138, 328, 190
4491, 216, 615, 399
4492, 434, 1026, 592
4493, 614, 1201, 587
4494, 594, 926, 332
4495, 338, 482, 144
4496, 153, 226, 73
4497, 89, 210, 121
4498, 147, 480, 333
4499, 358, 936, 578
4500, 600, 1225, 625
4501, 641, 1058, 417
4502, 420, 622, 202
4503, 206, 319, 113
4504, 128, 289, 161
4505, 182, 513, 331
4506, 357, 843, 486
4507, 512, 1016, 504
4508, 519, 940, 421
4509, 432, 685, 253
4510, 260, 432, 172
4511, 184, 308, 124
4512, 146, 370, 224
4513, 255, 666, 411
4514, 435, 957, 522
4515, 547, 1092, 545
4516, 557, 836, 279
4517, 286, 424, 138
4518, 150, 243, 93
4519, 111, 330, 219
4520, 235, 533, 298
4521, 323, 719, 396
4522, 419, 917, 498
4523, 515, 932, 417
4524, 432, 747, 315
4525, 329, 524, 195
4526, 207, 425, 218
4527, 233, 514, 281
4528, 292, 569, 277
4529, 300, 678, 378
4530, 396, 929, 533
4531, 554, 997, 443
4532, 450, 699, 249
4533, 258, 357, 99
4534, 114, 226, 112
4535, 131, 358, 227
4536, 250, 602, 352
4537, 379, 793, 414
4538, 445, 953, 508
4539, 525, 943, 418
4540, 425, 612, 187
4541, 192, 288, 96
4542, 116, 222, 106
4543, 130, 374, 244
4544, 277, 837, 560
4545, 588, 1126, 538
4546, 554, 991, 437
4547, 446, 709, 263
4548, 268, 450, 182
4549, 191, 261, 70
4550, 81, 193, 112
4551, 148, 491, 343
4552, 371, 959, 588
4553, 618, 1147, 529
4554, 542, 983, 441
4555, 447, 676, 229
4556, 234, 315, 81
4557, 98, 171, 73
4558, 92, 355, 263
4559, 291, 742, 451
4560, 478, 1043, 565
4561, 584, 1034, 450
4562, 459, 779, 320
4563, 326, 527, 201
4564, 206, 353, 147
4565, 167, 418, 251
4566, 283, 791, 508
4567, 526, 978, 452
4568, 470, 877, 407
4569, 421, 766, 345
4570, 353, 604, 251
4571, 260, 475, 215
4572, 232, 476, 244
4573, 261, 622, 361
4574, 380, 795, 415
4575, 434, 790, 356
4576, 371, 665, 294
4577, 310, 610, 300
4578, 315, 575, 260
4579, 277, 547, 270
4580, 291, 646, 355
4581, 373, 740, 367
4582, 394, 843, 449
4583, 462, 859, 397
4584, 405, 649, 244
4585, 255, 424, 169
4586, 185, 404, 219
4587, 238, 573, 335
4588, 359, 832, 473
4589, 497, 1010, 513
4590, 524, 875, 351
4591, 361, 567, 206
4592, 219, 465, 246
4593, 260, 444, 184
4594, 195, 421, 226
4595, 251, 638, 387
4596, 414, 918, 504
4597, 527, 975, 448
4598, 456, 769, 313
4599, 322, 547, 225
4600, 239, 429, 190
4601, 203, 324, 121
4602, 150, 412, 262
4603, 284, 703, 419
4604, 447, 915, 468
4605, 494, 922, 428
4606, 439, 773, 334
4607, 350, 606, 256
4608, 262, 397, 135
4609, 149, 248, 99
4610, 115, 367, 252
4611, 281, 724, 443
4612, 470, 1037, 567
4613, 580, 1015, 435
4614, 451, 758, 307
4615, 317, 510, 193
4616, 203, 318, 115
4617, 130, 241, 111
4618, 129, 380, 251
4619, 278, 697, 419
4620, 442, 933, 491
4621, 522, 1041, 519
4622, 532, 957, 425
4623, 433, 562, 129
4624, 138, 215, 77
4625, 88, 194, 106
4626, 141, 483, 342
4627, 370, 900, 530
4628, 552, 1128, 576
4629, 589, 988, 399
4630, 409, 645, 236
4631, 241, 371, 130
4632, 140, 210, 70
4633, 93, 295, 202
4634, 222, 658, 436
4635, 469, 1073, 604
4636, 629, 1191, 562
4637, 571, 863, 292
4638, 297, 430, 133
4639, 141, 237, 96
4640, 113, 192, 79
4641, 111, 338, 227
4642, 266, 823, 557
4643, 581, 1263, 682
4644, 699, 1201, 502
4645, 508, 735, 227
4646, 234, 345, 111
4647, 119, 149, 30
4648, 46, 120, 74
4649, 105, 393, 288
4650, 320, 981, 661
4651, 691, 1425, 734
4652, 742, 1169, 427
4653, 433, 592, 159
4654, 166, 223, 57
4655, 68, 187, 119
4656, 136, 353, 217
4657, 261, 767, 506
4658, 540, 1322, 782
4659, 795, 1259, 464
4660, 469, 680, 211
4661, 221, 303, 82
4662, 91, 239, 148
4663, 165, 442, 277
4664, 300, 803, 503
4665, 523, 1137, 614
4666, 631, 1142, 511
4667, 522, 741, 219
4668, 227, 322, 95
4669, 101, 203, 102
4670, 113, 288, 175
4671, 201, 494, 293
4672, 321, 802, 481
4673, 503, 1133, 630
4674, 647, 1120, 473
4675, 481, 733, 252
4676, 260, 425, 165
4677, 173, 380, 207
4678, 217, 485, 268
4679, 286, 687, 401
4680, 426, 1007, 581
4681, 596, 1123, 527
4682, 532, 816, 284
4683, 294, 459, 165
4684, 172, 344, 172
4685, 193, 474, 281
4686, 298, 599, 301
4687, 331, 717, 386
4688, 408, 941, 533
4689, 548, 1045, 497
4690, 507, 795, 288
4691, 294, 471, 177
4692, 187, 387, 200
4693, 214, 463, 249
4694, 271, 618, 347
4695, 366, 776, 410
4696, 427, 838, 411
4697, 427, 866, 439
4698, 446, 755, 309
4699, 317, 540, 223
4700, 233, 450, 217
4701, 236, 509, 273
4702, 297, 713, 416
4703, 432, 896, 464
4704, 484, 928, 444
4705, 450, 835, 385
4706, 394, 690, 296
4707, 302, 520, 218
4708, 236, 473, 237
4709, 249, 546, 297
4710, 320, 794, 474
4711, 499, 1114, 615
4712, 625, 1043, 418
4713, 424, 687, 263
4714, 270, 486, 216
4715, 229, 436, 207
4716, 220, 517, 297
4717, 326, 793, 467
4718, 482, 1011, 529
4719, 544, 1001, 457
4720, 467, 781, 314
4721, 319, 524, 205
4722, 211, 400, 189
4723, 212, 504, 292
4724, 309, 740, 431
4725, 444, 975, 531
4726, 548, 982, 434
4727, 442, 726, 284
4728, 295, 524, 229
4729, 241, 457, 216
4730, 227, 464, 237
4731, 252, 589, 337
4732, 358, 824, 466
4733, 485, 1010, 525
4734, 538, 982, 444
4735, 450, 722, 272
4736, 278, 493, 215
4737, 226, 435, 209
4738, 228, 508, 280
4739, 297, 670, 373
4740, 386, 845, 459
4741, 480, 935, 455
4742, 466, 844, 378
4743, 387, 687, 300
4744, 311, 554, 243
4745, 255, 477, 222
4746, 234, 475, 241
4747, 260, 587, 327
4748, 348, 733, 385
4749, 413, 838, 425
4750, 444, 893, 449
4751, 457, 811, 354
4752, 363, 626, 263
4753, 269, 455, 186
4754, 204, 342, 138
4755, 168, 451, 283
4756, 310, 829, 519
4757, 536, 1048, 512
4758, 531, 1029, 498
4759, 508, 795, 287
4760, 296, 475, 179
4761, 182, 277, 95
4762, 108, 242, 134
4763, 167, 468, 301
4764, 323, 886, 563
4765, 591, 1284, 693
4766, 707, 1121, 414
4767, 424, 616, 192
4768, 196, 282, 86
4769, 95, 211, 116
4770, 128, 329, 201
4771, 223, 609, 386
4772, 421, 1048, 627
4773, 649, 1197, 548
4774, 559, 880, 321
4775, 328, 469, 141
4776, 149, 253, 104
4777, 117, 257, 140
4778, 165, 481, 316
4779, 348, 923, 575
4780, 585, 1138, 553
4781, 562, 876, 314
4782, 322, 578, 256
4783, 264, 421, 157
4784, 171, 347, 176
4785, 199, 481, 282
4786, 307, 701, 394
4787, 411, 898, 487
4788, 501, 914, 413
4789, 428, 769, 341
4790, 356, 568, 212
4791, 226, 420, 194
4792, 209, 449, 240
4793, 257, 593, 336
4794, 363, 898, 535
4795, 550, 1021, 471
4796, 486, 886, 400
4797, 408, 640, 232
4798, 240, 340, 100
4799, 114, 206, 92
4800, 116, 365, 249
4801, 277, 771, 494
4802, 522, 1071, 549
4803, 568, 1083, 515
4804, 526, 859, 333
4805, 338, 445, 107
4806, 115, 176, 61
4807, 72, 212, 140
4808, 167, 554, 387
4809, 423, 1067, 644
4810, 664, 1196, 532
4811, 545, 903, 358
4812, 363, 581, 218
4813, 225, 324, 99
4814, 109, 190, 81
4815, 104, 353, 249
4816, 271, 782, 511
4817, 533, 1071, 538
4818, 561, 992, 431
4819, 438, 764, 326
4820, 334, 528, 194
4821, 199, 288, 89
4822, 106, 221, 115
4823, 142, 537, 395
4824, 418, 1029, 611
4825, 630, 1183, 553
4826, 566, 941, 375
4827, 380, 570, 190
4828, 199, 328, 129
4829, 141, 260, 119
4830, 147, 428, 281
4831, 311, 886, 575
4832, 599, 1164, 565
4833, 580, 991, 411
4834, 415, 659, 244
4835, 250, 406, 156
4836, 164, 316, 152
4837, 177, 471, 294
4838, 316, 789, 473
4839, 503, 1104, 601
4840, 621, 1093, 472
4841, 480, 721, 241
4842, 251, 394, 143
4843, 150, 292, 142
4844, 163, 403, 240
4845, 259, 599, 340
4846, 371, 860, 489
4847, 519, 1162, 643
4848, 657, 995, 338
4849, 342, 506, 164
4850, 173, 270, 97
4851, 114, 268, 154
4852, 181, 568, 387
4853, 403, 854, 451
4854, 476, 997, 521
4855, 535, 939, 404
4856, 420, 726, 306
4857, 312, 427, 115
4858, 125, 189, 64
4859, 90, 334, 244
4860, 272, 756, 484
4861, 513, 1044, 531
4862, 552, 946, 394
4863, 412, 703, 291
4864, 302, 518, 216
4865, 222, 364, 142
4866, 163, 278, 115
4867, 140, 541, 401
4868, 432, 1082, 650
4869, 672, 1124, 452
4870, 461, 783, 322
4871, 332, 556, 224
4872, 232, 354, 122
4873, 136, 239, 103
4874, 134, 414, 280
4875, 311, 890, 579
4876, 592, 1160, 568
4877, 582, 1047, 465
4878, 474, 719, 245
4879, 248, 386, 138
4880, 144, 217, 73
4881, 90, 171, 81
4882, 106, 373, 267
4883, 304, 899, 595
4884, 620, 1363, 743
4885, 757, 1210, 453
4886, 458, 614, 156
4887, 162, 253, 91
4888, 99, 183, 84
4889, 98, 268, 170
4890, 200, 551, 351
4891, 380, 1000, 620
4892, 636, 1249, 613
4893, 624, 979, 355
4894, 360, 549, 189
4895, 196, 265, 69
4896, 82, 198, 116
4897, 148, 475, 327
4898, 363, 959, 596
4899, 618, 1237, 619
4900, 630, 991, 361
4901, 371, 584, 213
4902, 217, 308, 91
4903, 100, 175, 75
4904, 90, 248, 158
4905, 191, 578, 387
4906, 422, 1032, 610
4907, 639, 1224, 585
4908, 592, 1000, 408
4909, 412, 565, 153
4910, 157, 203, 46
4911, 64, 133, 69
4912, 93, 375, 282
4913, 305, 772, 467
4914, 499, 1103, 604
4915, 617, 1126, 509
4916, 519, 838, 319
4917, 327, 428, 101
4918, 107, 149, 42
4919, 54, 151, 97
4920, 134, 448, 314
4921, 334, 876, 542
4922, 576, 1170, 594
4923, 614, 1056, 442
4924, 449, 657, 208
4925, 215, 318, 103
4926, 113, 196, 83
4927, 115, 386, 271
4928, 293, 781, 488
4929, 502, 1095, 593
4930, 618, 1137, 519
4931, 523, 780, 257
4932, 270, 457, 187
4933, 195, 237, 42
4934, 66, 238, 172
4935, 195, 580, 385
4936, 409, 1055, 646
4937, 670, 1252, 582
4938, 586, 860, 274
4939, 281, 467, 186
4940, 199, 321, 122
4941, 137, 305, 168
4942, 195, 542, 347
4943, 384, 965, 581
4944, 607, 1231, 624
4945, 631, 1000, 369
4946, 375, 556, 181
4947, 185, 282, 97
4948, 105, 157, 52
4949, 75, 313, 238
4950, 269, 712, 443
4951, 467, 1040, 573
4952, 601, 1240, 639
4953, 644, 995, 351
4954, 355, 459, 104
4955, 112, 139, 27
4956, 37, 113, 76
4957, 109, 334, 225
4958, 261, 820, 559
4959, 595, 1288, 693
4960, 714, 1244, 530
4961, 535, 745, 210
4962, 210, 249, 39
4963, 49, 71, 22
4964, 37, 113, 76
4965, 105, 451, 346
4966, 381, 1088, 707
4967, 729, 1430, 701
4968, 712, 1089, 377
4969, 381, 526, 145
4970, 152, 181, 29
4971, 35, 83, 48
4972, 65, 203, 138
4973, 179, 554, 375
4974, 403, 1013, 610
4975, 635, 1121, 486
4976, 499, 843, 344
4977, 354, 621, 267
4978, 271, 410, 139
4979, 155, 294, 139
4980, 160, 418, 258
4981, 282, 643, 361
4982, 382, 768, 386
4983, 410, 820, 410
4984, 427, 776, 349
4985, 366, 556, 190
4986, 204, 374, 170
4987, 183, 455, 272
4988, 294, 670, 376
4989, 390, 832, 442
4990, 459, 884, 425
4991, 444, 851, 407
4992, 419, 695, 276
4993, 283, 460, 177
4994, 196, 452, 256
4995, 280, 554, 274
4996, 286, 671, 385
4997, 396, 858, 462
4998, 480, 913, 433
4999, 444, 722, 278
5000, 285, 491, 206
5001, 221, 444, 223
5002, 238, 486, 248
5003, 266, 575, 309
5004, 334, 802, 468
5005, 487, 954, 467
5006, 482, 864, 382
5007, 390, 664, 274
5008, 286, 476, 190
5009, 198, 368, 170
5010, 189, 431, 242
5011, 268, 661, 393
5012, 421, 919, 498
5013, 519, 930, 411
5014, 424, 764, 340
5015, 348, 591, 243
5016, 252, 469, 217
5017, 237, 503, 266
5018, 286, 642, 356
5019, 375, 785, 410
5020, 427, 858, 431
5021, 452, 830, 378
5022, 392, 648, 256
5023, 266, 475, 209
5024, 226, 489, 263
5025, 285, 650, 365
5026, 379, 764, 385
5027, 403, 757, 354
5028, 366, 688, 322
5029, 332, 625, 293
5030, 303, 575, 272
5031, 293, 648, 355
5032, 370, 769, 399
5033, 418, 816, 398
5034, 414, 742, 328
5035, 338, 652, 314
5036, 322, 558, 236
5037, 257, 476, 219
5038, 238, 553, 315
5039, 334, 677, 343
5040, 364, 768, 404
5041, 422, 840, 418
5042, 428, 734, 306
5043, 312, 516, 204
5044, 224, 467, 243
5045, 260, 640, 380
5046, 397, 736, 339
5047, 358, 763, 405
5048, 422, 826, 404
5049, 417, 775, 358
5050, 367, 614, 247
5051, 261, 458, 197
5052, 219, 502, 283
5053, 304, 717, 413
5054, 426, 753, 327
5055, 342, 690, 348
5056, 366, 748, 382
5057, 399, 752, 353
5058, 369, 626, 257
5059, 272, 473, 201
5060, 221, 520, 299
5061, 320, 752, 432
5062, 443, 865, 422
5063, 448, 861, 413
5064, 420, 733, 313
5065, 324, 559, 235
5066, 249, 480, 231
5067, 251, 525, 274
5068, 291, 668, 377
5069, 396, 817, 421
5070, 436, 840, 404
5071, 413, 770, 357
5072, 370, 629, 259
5073, 275, 502, 227
5074, 240, 489, 249
5075, 270, 575, 305
5076, 322, 656, 334
5077, 353, 714, 361
5078, 371, 751, 380
5079, 393, 695, 302
5080, 324, 654, 330
5081, 340, 635, 295
5082, 311, 617, 306
5083, 323, 672, 349
5084, 365, 790, 425
5085, 444, 855, 411
5086, 427, 702, 275
5087, 292, 531, 239
5088, 256, 564, 308
5089, 323, 698, 375
5090, 387, 782, 395
5091, 409, 751, 342
5092, 361, 741, 380
5093, 396, 733, 337
5094, 347, 578, 231
5095, 251, 506, 255
5096, 280, 673, 393
5097, 411, 839, 428
5098, 448, 862, 414
5099, 432, 812, 380
5100, 383, 633, 250
5101, 259, 440, 181
5102, 198, 422, 224
5103, 246, 544, 298
5104, 319, 605, 286
5105, 311, 656, 345
5106, 361, 773, 412
5107, 438, 952, 514
5108, 525, 847, 322
5109, 331, 526, 195
5110, 203, 393, 190
5111, 211, 480, 269
5112, 285, 603, 318
5113, 336, 778, 442
5114, 455, 940, 485
5115, 498, 926, 428
5116, 434, 693, 259
5117, 274, 496, 222
5118, 232, 482, 250
5119, 270, 574, 304
5120, 324, 613, 289
5121, 318, 761, 443
5122, 458, 934, 476
5123, 491, 851, 360
5124, 374, 663, 289
5125, 301, 543, 242
5126, 253, 446, 193
5127, 212, 457, 245
5128, 262, 626, 364
5129, 388, 821, 433
5130, 454, 897, 443
5131, 462, 804, 342
5132, 354, 579, 225
5133, 238, 431, 193
5134, 207, 422, 215
5135, 240, 572, 332
5136, 358, 816, 458
5137, 475, 963, 488
5138, 502, 891, 389
5139, 402, 668, 266
5140, 275, 459, 184
5141, 198, 408, 210
5142, 232, 486, 254
5143, 280, 694, 414
5144, 433, 779, 346
5145, 366, 743, 377
5146, 392, 745, 353
5147, 369, 682, 313
5148, 326, 580, 254
5149, 270, 529, 259
5150, 275, 570, 295
5151, 314, 731, 417
5152, 431, 880, 449
5153, 465, 816, 351
5154, 370, 639, 269
5155, 290, 653, 363
5156, 375, 657, 282
5157, 294, 540, 246
5158, 270, 577, 307
5159, 325, 771, 446
5160, 458, 839, 381
5161, 392, 677, 285
5162, 302, 600, 298
5163, 311, 633, 322
5164, 336, 608, 272
5165, 294, 608, 314
5166, 329, 770, 441
5167, 450, 791, 341
5168, 352, 640, 288
5169, 307, 563, 256
5170, 272, 624, 352
5171, 369, 750, 381
5172, 391, 716, 325
5173, 338, 718, 380
5174, 405, 831, 426
5175, 436, 714, 278
5176, 292, 522, 230
5177, 251, 589, 338
5178, 358, 792, 434
5179, 444, 769, 325
5180, 340, 633, 293
5181, 305, 620, 315
5182, 329, 673, 344
5183, 355, 640, 285
5184, 300, 549, 249
5185, 270, 576, 306
5186, 319, 608, 289
5187, 313, 693, 380
5188, 403, 841, 438
5189, 453, 784, 331
5190, 348, 661, 313
5191, 330, 602, 272
5192, 289, 551, 262
5193, 276, 550, 274
5194, 288, 615, 327
5195, 342, 707, 365
5196, 378, 791, 413
5197, 429, 808, 379
5198, 394, 667, 273
5199, 293, 530, 237
5200, 256, 597, 341
5201, 357, 732, 375
5202, 393, 790, 397
5203, 419, 843, 424
5204, 444, 823, 379
5205, 391, 618, 227
5206, 234, 360, 126
5207, 142, 294, 152
5208, 173, 540, 367
5209, 393, 871, 478
5210, 497, 891, 394
5211, 408, 757, 349
5212, 366, 699, 333
5213, 349, 596, 247
5214, 256, 448, 192
5215, 213, 519, 306
5216, 327, 716, 389
5217, 410, 834, 424
5218, 435, 866, 431
5219, 447, 796, 349
5220, 356, 521, 165
5221, 178, 292, 114
5222, 135, 399, 264
5223, 281, 651, 370
5224, 401, 879, 478
5225, 505, 1002, 497
5226, 516, 969, 453
5227, 459, 654, 195
5228, 207, 320, 113
5229, 123, 281, 158
5230, 177, 444, 267
5231, 292, 727, 435
5232, 465, 998, 533
5233, 554, 1082, 528
5234, 534, 799, 265
5235, 273, 407, 134
5236, 150, 285, 135
5237, 155, 386, 231
5238, 256, 604, 348
5239, 377, 893, 516
5240, 538, 1043, 505
5241, 519, 862, 343
5242, 350, 559, 209
5243, 221, 427, 206
5244, 218, 436, 218
5245, 241, 535, 294
5246, 321, 749, 428
5247, 453, 928, 475
5248, 497, 996, 499
5249, 508, 808, 300
5250, 306, 475, 169
5251, 180, 308, 128
5252, 141, 310, 169
5253, 186, 405, 219
5254, 258, 642, 384
5255, 423, 1056, 633
5256, 647, 1078, 431
5257, 436, 643, 207
5258, 216, 331, 115
5259, 126, 241, 115
5260, 133, 392, 259
5261, 288, 713, 425
5262, 453, 960, 507
5263, 528, 1044, 516
5264, 530, 875, 345
5265, 348, 529, 181
5266, 188, 261, 73
5267, 88, 225, 137
5268, 153, 387, 234
5269, 266, 822, 556
5270, 589, 1308, 719
5271, 730, 1119, 389
5272, 395, 623, 228
5273, 235, 364, 129
5274, 133, 211, 78
5275, 101, 319, 218
5276, 248, 798, 550
5277, 573, 1162, 589
5278, 605, 1099, 494
5279, 502, 790, 288
5280, 293, 423, 130
5281, 137, 196, 59
5282, 76, 203, 127
5283, 158, 454, 296
5284, 317, 817, 500
5285, 523, 1060, 537
5286, 560, 1083, 523
5287, 534, 826, 292
5288, 300, 384, 84
5289, 99, 176, 77
5290, 97, 407, 310
5291, 332, 722, 390
5292, 417, 889, 472
5293, 486, 956, 470
5294, 481, 849, 368
5295, 379, 612, 233
5296, 242, 363, 121
5297, 134, 320, 186
5298, 207, 578, 371
5299, 390, 848, 458
5300, 472, 919, 447
5301, 464, 871, 407
5302, 415, 635, 220
5303, 236, 425, 189
5304, 209, 435, 226
5305, 247, 584, 337
5306, 356, 742, 386
5307, 405, 784, 379
5308, 403, 871, 468
5309, 482, 822, 340
5310, 350, 542, 192
5311, 207, 354, 147
5312, 161, 427, 266
5313, 287, 696, 409
5314, 435, 918, 483
5315, 492, 850, 358
5316, 371, 655, 284
5317, 306, 624, 318
5318, 328, 493, 165
5319, 182, 324, 142
5320, 169, 537, 368
5321, 385, 917, 532
5322, 552, 1003, 451
5323, 470, 818, 348
5324, 358, 589, 231
5325, 242, 410, 168
5326, 181, 374, 193
5327, 209, 446, 237
5328, 259, 669, 410
5329, 434, 988, 554
5330, 571, 985, 414
5331, 423, 678, 255
5332, 265, 493, 228
5333, 235, 404, 169
5334, 187, 317, 130
5335, 159, 448, 289
5336, 315, 853, 538
5337, 553, 1105, 552
5338, 569, 1001, 432
5339, 445, 732, 287
5340, 293, 453, 160
5341, 167, 243, 76
5342, 104, 286, 182
5343, 215, 662, 447
5344, 463, 1104, 641
5345, 668, 1202, 534
5346, 543, 836, 293
5347, 306, 510, 204
5348, 211, 295, 84
5349, 101, 186, 85
5350, 111, 364, 253
5351, 287, 811, 524
5352, 557, 1224, 667
5353, 687, 1169, 482
5354, 488, 756, 268
5355, 273, 367, 94
5356, 99, 109, 10
5357, 35, 165, 130
5358, 154, 571, 417
5359, 446, 988, 542
5360, 564, 1131, 567
5361, 577, 924, 347
5362, 357, 587, 230
5363, 233, 350, 117
5364, 130, 193, 63
5365, 83, 252, 169
5366, 200, 699, 499
5367, 537, 1205, 668
5368, 686, 1182, 496
5369, 504, 791, 287
5370, 289, 423, 134
5371, 148, 267, 119
5372, 134, 312, 178
5373, 207, 614, 407
5374, 434, 1042, 608
5375, 627, 1167, 540
5376, 549, 841, 292
5377, 300, 468, 168
5378, 173, 293, 120
5379, 134, 242, 108
5380, 144, 490, 346
5381, 386, 1035, 649
5382, 674, 1218, 544
5383, 556, 961, 405
5384, 415, 595, 180
5385, 184, 302, 118
5386, 129, 229, 100
5387, 129, 415, 286
5388, 309, 865, 556
5389, 580, 1114, 534
5390, 547, 925, 378
5391, 388, 670, 282
5392, 290, 421, 131
5393, 140, 253, 113
5394, 137, 376, 239
5395, 269, 709, 440
5396, 459, 945, 486
5397, 503, 1027, 524
5398, 540, 975, 435
5399, 442, 595, 153
5400, 161, 263, 102
5401, 110, 264, 154
5402, 178, 527, 349
5403, 374, 843, 469
5404, 496, 966, 470
5405, 485, 979, 494
5406, 505, 788, 283
5407, 286, 408, 122
5408, 134, 212, 78
5409, 91, 246, 155
5410, 187, 562, 375
5411, 399, 916, 517
5412, 536, 1065, 529
5413, 545, 985, 440
5414, 450, 716, 266
5415, 270, 346, 76
5416, 92, 176, 84
5417, 110, 457, 347
5418, 377, 905, 528
5419, 563, 1162, 599
5420, 620, 1070, 450
5421, 458, 749, 291
5422, 295, 361, 66
5423, 71, 92, 21
5424, 50, 173, 123
5425, 156, 607, 451
5426, 479, 1165, 686
5427, 709, 1250, 541
5428, 551, 879, 328
5429, 329, 496, 167
5430, 172, 263, 91
5431, 106, 184, 78
5432, 102, 362, 260
5433, 289, 799, 510
5434, 530, 1095, 565
5435, 580, 904, 324
5436, 334, 595, 261
5437, 274, 527, 253
5438, 264, 386, 122
5439, 137, 247, 110
5440, 142, 555, 413
5441, 431, 984, 553
5442, 578, 1115, 537
5443, 551, 919, 368
5444, 380, 597, 217
5445, 226, 353, 127
5446, 147, 244, 97
5447, 115, 292, 177
5448, 208, 670, 462
5449, 481, 1104, 623
5450, 644, 1203, 559
5451, 567, 841, 274
5452, 284, 438, 154
5453, 161, 263, 102
5454, 117, 287, 170
5455, 194, 515, 321
5456, 347, 930, 583
5457, 607, 1217, 610
5458, 615, 983, 368
5459, 378, 576, 198
5460, 206, 289, 83
5461, 100, 203, 103
5462, 134, 463, 329
5463, 357, 953, 596
5464, 614, 1189, 575
5465, 587, 962, 375
5466, 382, 620, 238
5467, 243, 398, 155
5468, 165, 249, 84
5469, 103, 291, 188
5470, 216, 683, 467
5471, 495, 1042, 547
5472, 567, 1043, 476
5473, 486, 804, 318
5474, 325, 530, 205
5475, 209, 301, 92
5476, 108, 208, 100
5477, 124, 384, 260
5478, 290, 757, 467
5479, 494, 1109, 615
5480, 637, 1183, 546
5481, 550, 773, 223
5482, 230, 346, 116
5483, 123, 184, 61
5484, 78, 205, 127
5485, 152, 456, 304
5486, 323, 777, 454
5487, 483, 1064, 581
5488, 599, 1091, 492
5489, 502, 749, 247
5490, 255, 371, 116
5491, 130, 318, 188
5492, 209, 468, 259
5493, 281, 655, 374
5494, 402, 848, 446
5495, 465, 971, 506
5496, 517, 906, 389
5497, 398, 605, 207
5498, 223, 356, 133
5499, 138, 249, 111
5500, 131, 368, 237
5501, 255, 657, 402
5502, 433, 996, 563
5503, 576, 1152, 576
5504, 582, 855, 273
5505, 285, 431, 146
5506, 156, 263, 107
5507, 123, 351, 228
5508, 249, 628, 379
5509, 407, 920, 513
5510, 528, 1039, 511
5511, 528, 879, 351
5512, 358, 594, 236
5513, 248, 380, 132
5514, 143, 284, 141
5515, 164, 434, 270
5516, 294, 757, 463
5517, 489, 1027, 538
5518, 555, 945, 390
5519, 408, 697, 289
5520, 298, 512, 214
5521, 220, 335, 115
5522, 140, 345, 205
5523, 228, 641, 413
5524, 435, 990, 555
5525, 573, 1090, 517
5526, 535, 852, 317
5527, 326, 501, 175
5528, 184, 346, 162
5529, 174, 358, 184
5530, 204, 546, 342
5531, 379, 867, 488
5532, 504, 998, 494
5533, 505, 898, 393
5534, 402, 629, 227
5535, 234, 376, 142
5536, 154, 291, 137
5537, 155, 383, 228
5538, 255, 630, 375
5539, 402, 840, 438
5540, 457, 978, 521
5541, 534, 940, 406
5542, 410, 595, 185
5543, 196, 292, 96
5544, 117, 283, 166
5545, 191, 624, 433
5546, 459, 1020, 561
5547, 586, 1106, 520
5548, 532, 885, 353
5549, 358, 558, 200
5550, 209, 340, 131
5551, 148, 284, 136
5552, 149, 431, 282
5553, 308, 719, 411
5554, 430, 849, 419
5555, 440, 864, 424
5556, 439, 800, 361
5557, 372, 599, 227
5558, 239, 394, 155
5559, 177, 423, 246
5560, 264, 696, 432
5561, 458, 909, 451
5562, 477, 948, 471
5563, 489, 913, 424
5564, 434, 661, 227
5565, 234, 350, 116
5566, 132, 257, 125
5567, 139, 347, 208
5568, 234, 577, 343
5569, 363, 840, 477
5570, 513, 1081, 568
5571, 578, 967, 389
5572, 395, 585, 190
5573, 198, 308, 110
5574, 126, 278, 152
5575, 174, 462, 288
5576, 318, 703, 385
5577, 405, 873, 468
5578, 490, 1000, 510
5579, 521, 886, 365
5580, 377, 586, 209
5581, 218, 375, 157
5582, 172, 396, 224
5583, 244, 556, 312
5584, 342, 873, 531
5585, 553, 1150, 597
5586, 608, 967, 359
5587, 368, 560, 192
5588, 202, 289, 87
5589, 102, 321, 219
5590, 250, 650, 400
5591, 420, 938, 518
5592, 539, 1032, 493
5593, 510, 957, 447
5594, 452, 658, 206
5595, 212, 258, 46
5596, 64, 185, 121
5597, 144, 480, 336
5598, 367, 949, 582
5599, 608, 1164, 556
5600, 573, 1027, 454
5601, 462, 722, 260
5602, 266, 342, 76
5603, 90, 127, 37
5604, 54, 257, 203
5605, 222, 649, 427
5606, 445, 973, 528
5607, 552, 1032, 480
5608, 499, 928, 429
5609, 437, 634, 197
5610, 207, 324, 117
5611, 129, 279, 150
5612, 180, 496, 316
5613, 342, 851, 509
5614, 538, 1090, 552
5615, 572, 1078, 506
5616, 514, 742, 228
5617, 232, 347, 115
5618, 123, 220, 97
5619, 111, 294, 183
5620, 206, 599, 393
5621, 418, 946, 528
5622, 543, 1059, 516
5623, 528, 924, 396
5624, 408, 599, 191
5625, 201, 335, 134
5626, 153, 352, 199
5627, 226, 558, 332
5628, 354, 828, 474
5629, 491, 1022, 531
5630, 545, 890, 345
5631, 354, 591, 237
5632, 246, 415, 169
5633, 180, 377, 197
5634, 219, 532, 313
5635, 344, 736, 392
5636, 420, 928, 508
5637, 518, 957, 439
5638, 448, 765, 317
5639, 325, 483, 158
5640, 168, 233, 65
5641, 85, 221, 136
5642, 163, 544, 381
5643, 416, 976, 560
5644, 580, 1074, 494
5645, 505, 876, 371
5646, 384, 692, 308
5647, 313, 449, 136
5648, 143, 258, 115
5649, 137, 416, 279
5650, 303, 778, 475
5651, 501, 1032, 531
5652, 548, 1006, 458
5653, 469, 806, 337
5654, 344, 491, 147
5655, 156, 221, 65
5656, 83, 272, 189
5657, 214, 601, 387
5658, 422, 1030, 608
5659, 635, 1207, 572
5660, 587, 937, 350
5661, 355, 538, 183
5662, 187, 250, 63
5663, 82, 187, 105
5664, 128, 457, 329
5665, 365, 918, 553
5666, 580, 1130, 550
5667, 566, 1026, 460
5668, 470, 722, 252
5669, 260, 362, 102
5670, 112, 186, 74
5671, 89, 278, 189
5672, 223, 697, 474
5673, 511, 1133, 622
5674, 646, 1220, 574
5675, 581, 901, 320
5676, 323, 424, 101
5677, 112, 176, 64
5678, 72, 233, 161
5679, 183, 490, 307
5680, 329, 867, 538
5681, 568, 1242, 674
5682, 685, 1073, 388
5683, 391, 580, 189
5684, 199, 275, 76
5685, 84, 158, 74
5686, 99, 313, 214
5687, 241, 662, 421
5688, 457, 1076, 619
5689, 644, 1295, 651
5690, 660, 965, 305
5691, 310, 407, 97
5692, 104, 178, 74
5693, 95, 269, 174
5694, 195, 490, 295
5695, 329, 856, 527
5696, 548, 1126, 578
5697, 595, 1068, 473
5698, 484, 707, 223
5699, 229, 339, 110
5700, 120, 249, 129
5701, 141, 333, 192
5702, 221, 578, 357
5703, 383, 868, 485
5704, 506, 1082, 576
5705, 593, 973, 380
5706, 388, 607, 219
5707, 230, 390, 160
5708, 169, 339, 170
5709, 186, 406, 220
5710, 245, 649, 404
5711, 433, 1011, 578
5712, 592, 994, 402
5713, 414, 723, 309
5714, 321, 534, 213
5715, 218, 431, 213
5716, 231, 481, 250
5717, 276, 666, 390
5718, 407, 793, 386
5719, 408, 772, 364
5720, 373, 699, 326
5721, 340, 561, 221
5722, 233, 401, 168
5723, 193, 440, 247
5724, 267, 725, 458
5725, 476, 1005, 529
5726, 537, 926, 389
5727, 395, 730, 335
5728, 341, 563, 222
5729, 242, 444, 202
5730, 214, 450, 236
5731, 252, 610, 358
5732, 379, 795, 416
5733, 428, 802, 374
5734, 388, 771, 383
5735, 396, 659, 263
5736, 273, 426, 153
5737, 172, 299, 127
5738, 151, 373, 222
5739, 248, 660, 412
5740, 430, 986, 556
5741, 572, 1079, 507
5742, 516, 829, 313
5743, 320, 482, 162
5744, 172, 314, 142
5745, 159, 320, 161
5746, 188, 465, 277
5747, 305, 811, 506
5748, 524, 991, 467
5749, 483, 901, 418
5750, 425, 706, 281
5751, 290, 544, 254
5752, 268, 466, 198
5753, 216, 440, 224
5754, 249, 600, 351
5755, 366, 823, 457
5756, 482, 938, 456
5757, 465, 856, 391
5758, 398, 630, 232
5759, 239, 364, 125
5760, 140, 250, 110
5761, 132, 380, 248
5762, 276, 741, 465
5763, 505, 1169, 664
5764, 678, 1189, 511
5765, 517, 779, 262
5766, 267, 384, 117
5767, 127, 209, 82
5768, 99, 221, 122
5769, 151, 473, 322
5770, 350, 875, 525
5771, 546, 1104, 558
5772, 574, 1100, 526
5773, 534, 773, 239
5774, 242, 363, 121
5775, 133, 273, 140
5776, 158, 417, 259
5777, 288, 652, 364
5778, 396, 978, 582
5779, 608, 1210, 602
5780, 611, 871, 260
5781, 264, 381, 117
5782, 126, 185, 59
5783, 73, 215, 142
5784, 170, 509, 339
5785, 361, 786, 425
5786, 446, 898, 452
5787, 468, 906, 438
5788, 444, 722, 278
5789, 289, 455, 166
5790, 180, 358, 178
5791, 200, 557, 357
5792, 375, 894, 519
5793, 538, 933, 395
5794, 420, 792, 372
5795, 379, 645, 266
5796, 278, 450, 172
5797, 190, 384, 194
5798, 210, 401, 191
5799, 216, 553, 337
5800, 361, 838, 477
5801, 505, 978, 473
5802, 488, 963, 475
5803, 486, 732, 246
5804, 258, 471, 213
5805, 225, 452, 227
5806, 246, 538, 292
5807, 314, 711, 397
5808, 415, 841, 426
5809, 442, 792, 350
5810, 363, 684, 321
5811, 332, 655, 323
5812, 335, 598, 263
5813, 274, 516, 242
5814, 262, 578, 316
5815, 333, 742, 409
5816, 431, 878, 447
5817, 469, 869, 400
5818, 418, 717, 299
5819, 313, 593, 280
5820, 289, 540, 251
5821, 270, 572, 302
5822, 323, 721, 398
5823, 407, 763, 356
5824, 375, 691, 316
5825, 333, 647, 314
5826, 322, 619, 297
5827, 309, 568, 259
5828, 275, 588, 313
5829, 329, 680, 351
5830, 367, 723, 356
5831, 380, 785, 405
5832, 422, 797, 375
5833, 392, 716, 324
5834, 342, 611, 269
5835, 285, 594, 309
5836, 317, 656, 339
5837, 362, 739, 377
5838, 396, 787, 391
5839, 405, 792, 387
5840, 396, 719, 323
5841, 329, 531, 202
5842, 216, 429, 213
5843, 235, 609, 374
5844, 393, 904, 511
5845, 522, 896, 374
5846, 390, 721, 331
5847, 339, 588, 249
5848, 261, 526, 265
5849, 279, 502, 223
5850, 238, 536, 298
5851, 321, 797, 476
5852, 501, 1009, 508
5853, 520, 834, 314
5854, 330, 541, 211
5855, 220, 366, 146
5856, 166, 333, 167
5857, 191, 562, 371
5858, 398, 882, 484
5859, 506, 978, 472
5860, 487, 918, 431
5861, 442, 700, 258
5862, 267, 430, 163
5863, 172, 237, 65
5864, 81, 156, 75
5865, 106, 411, 305
5866, 337, 978, 641
5867, 660, 1243, 583
5868, 599, 999, 400
5869, 409, 671, 262
5870, 268, 383, 115
5871, 129, 179, 50
5872, 69, 274, 205
5873, 235, 715, 480
5874, 504, 1023, 519
5875, 539, 1003, 464
5876, 480, 867, 387
5877, 390, 595, 205
5878, 212, 300, 88
5879, 107, 222, 115
5880, 141, 463, 322
5881, 351, 906, 555
5882, 580, 1203, 623
5883, 630, 1014, 384
5884, 396, 576, 180
5885, 184, 307, 123
5886, 139, 326, 187
5887, 201, 454, 253
5888, 281, 675, 394
5889, 422, 928, 506
5890, 530, 1069, 539
5891, 549, 853, 304
5892, 317, 492, 175
5893, 190, 339, 149
5894, 157, 363, 206
5895, 229, 534, 305
5896, 330, 815, 485
5897, 504, 1021, 517
5898, 539, 916, 377
5899, 387, 686, 299
5900, 311, 482, 171
5901, 182, 398, 216
5902, 235, 519, 284
5903, 299, 632, 333
5904, 353, 821, 468
5905, 477, 916, 439
5906, 454, 836, 382
5907, 396, 634, 238
5908, 250, 472, 222
5909, 235, 547, 312
5910, 331, 700, 369
5911, 392, 783, 391
5912, 407, 755, 348
5913, 361, 666, 305
5914, 320, 613, 293
5915, 312, 602, 290
5916, 303, 660, 357
5917, 371, 745, 374
5918, 400, 817, 417
5919, 427, 786, 359
5920, 374, 692, 318
5921, 329, 566, 237
5922, 250, 460, 210
5923, 226, 458, 232
5924, 254, 570, 316
5925, 338, 773, 435
5926, 460, 937, 477
5927, 489, 887, 398
5928, 413, 738, 325
5929, 338, 534, 196
5930, 205, 387, 182
5931, 200, 533, 333
5932, 344, 790, 446
5933, 467, 887, 420
5934, 435, 786, 351
5935, 361, 629, 268
5936, 278, 511, 233
5937, 244, 441, 197
5938, 218, 477, 259
5939, 283, 700, 417
5940, 441, 917, 476
5941, 496, 864, 368
5942, 378, 647, 269
5943, 280, 586, 306
5944, 316, 546, 230
5945, 242, 419, 177
5946, 200, 452, 252
5947, 277, 841, 564
5948, 579, 1086, 507
5949, 526, 897, 371
5950, 378, 687, 309
5951, 319, 526, 207
5952, 218, 414, 196
5953, 216, 521, 305
5954, 331, 831, 500
5955, 519, 1024, 505
5956, 519, 879, 360
5957, 374, 698, 324
5958, 331, 502, 171
5959, 183, 308, 125
5960, 134, 339, 205
5961, 226, 526, 300
5962, 317, 746, 429
5963, 448, 975, 527
5964, 532, 919, 387
5965, 394, 668, 274
5966, 288, 458, 170
5967, 180, 325, 145
5968, 168, 425, 257
5969, 278, 687, 409
5970, 442, 935, 493
5971, 514, 1003, 489
5972, 496, 812, 316
5973, 324, 484, 160
5974, 170, 338, 168
5975, 185, 362, 177
5976, 204, 534, 330
5977, 353, 916, 563
5978, 578, 1060, 482
5979, 490, 805, 315
5980, 332, 598, 266
5981, 272, 435, 163
5982, 172, 295, 123
5983, 151, 460, 309
5984, 333, 822, 489
5985, 507, 985, 478
5986, 500, 972, 472
5987, 481, 770, 289
5988, 294, 494, 200
5989, 207, 330, 123
5990, 153, 419, 266
5991, 285, 818, 533
5992, 550, 967, 417
5993, 440, 941, 501
5994, 512, 871, 359
5995, 371, 593, 222
5996, 227, 341, 114
5997, 130, 278, 148
5998, 166, 496, 330
5999, 348, 890, 542
6000, 571, 1086, 515
6001, 528, 896, 368
6002, 384, 680, 296
6003, 302, 458, 156
6004, 166, 299, 133
6005, 154, 386, 232
6006, 256, 723, 467
6007, 486, 1065, 579
6008, 591, 971, 380
6009, 395, 661, 266
6010, 272, 444, 172
6011, 184, 379, 195
6012, 209, 437, 228
6013, 242, 500, 258
6014, 291, 758, 467
6015, 483, 1088, 605
6016, 618, 993, 375
6017, 386, 587, 201
6018, 212, 421, 209
6019, 229, 509, 280
6020, 304, 630, 326
6021, 349, 798, 449
6022, 467, 919, 452
6023, 465, 738, 273
6024, 284, 498, 214
6025, 223, 418, 195
6026, 213, 436, 223
6027, 247, 574, 327
6028, 354, 875, 521
6029, 538, 1029, 491
6030, 500, 862, 362
6031, 372, 631, 259
6032, 263, 447, 184
6033, 199, 376, 177
6034, 198, 413, 215
6035, 247, 713, 466
6036, 486, 1070, 584
6037, 601, 1062, 461
6038, 471, 769, 298
6039, 313, 498, 185
6040, 196, 348, 152
6041, 166, 365, 199
6042, 220, 584, 364
6043, 398, 917, 519
6044, 539, 1073, 534
6045, 546, 899, 353
6046, 363, 554, 191
6047, 199, 352, 153
6048, 163, 304, 141
6049, 169, 402, 233
6050, 262, 667, 405
6051, 433, 1016, 583
6052, 601, 1035, 434
6053, 445, 718, 273
6054, 282, 511, 229
6055, 241, 396, 155
6056, 176, 362, 186
6057, 213, 547, 334
6058, 352, 841, 489
6059, 512, 916, 404
6060, 417, 725, 308
6061, 320, 603, 283
6062, 292, 538, 246
6063, 260, 427, 167
6064, 190, 456, 266
6065, 287, 747, 460
6066, 480, 976, 496
6067, 511, 889, 378
6068, 391, 685, 294
6069, 304, 563, 259
6070, 270, 480, 210
6071, 230, 472, 242
6072, 267, 679, 412
6073, 430, 953, 523
6074, 535, 914, 379
6075, 397, 779, 382
6076, 392, 664, 272
6077, 284, 478, 194
6078, 207, 396, 189
6079, 206, 536, 330
6080, 355, 823, 468
6081, 488, 931, 443
6082, 463, 893, 430
6083, 438, 728, 290
6084, 300, 500, 200
6085, 210, 400, 190
6086, 207, 477, 270
6087, 285, 677, 392
6088, 410, 943, 533
6089, 547, 981, 434
6090, 446, 763, 317
6091, 325, 535, 210
6092, 219, 418, 199
6093, 214, 461, 247
6094, 272, 663, 391
6095, 417, 927, 510
6096, 523, 960, 437
6097, 453, 797, 344
6098, 359, 608, 249
6099, 260, 499, 239
6100, 250, 463, 213
6101, 232, 555, 323
6102, 343, 761, 418
6103, 432, 902, 470
6104, 482, 855, 373
6105, 381, 619, 238
6106, 249, 380, 131
6107, 144, 312, 168
6108, 192, 492, 300
6109, 322, 748, 426
6110, 447, 975, 528
6111, 545, 1024, 479
6112, 482, 729, 247
6113, 255, 391, 136
6114, 150, 297, 147
6115, 166, 437, 271
6116, 294, 756, 462
6117, 494, 1129, 635
6118, 648, 1128, 480
6119, 496, 773, 277
6120, 285, 445, 160
6121, 167, 255, 88
6122, 109, 285, 176
6123, 202, 601, 399
6124, 418, 1035, 617
6125, 639, 1258, 619
6126, 637, 1020, 383
6127, 391, 534, 143
6128, 149, 216, 67
6129, 77, 133, 56
6130, 86, 333, 247
6131, 273, 835, 562
6132, 585, 1226, 641
6133, 660, 1087, 427
6134, 438, 715, 277
6135, 283, 438, 155
6136, 165, 243, 78
6137, 92, 251, 159
6138, 184, 584, 400
6139, 425, 1001, 576
6140, 595, 1098, 503
6141, 511, 839, 328
6142, 334, 545, 211
6143, 216, 335, 119
6144, 130, 291, 161
6145, 186, 477, 291
6146, 316, 771, 455
6147, 482, 1027, 545
6148, 566, 1040, 474
6149, 481, 767, 286
6150, 290, 426, 136
6151, 151, 230, 79
6152, 101, 227, 126
6153, 152, 447, 295
6154, 325, 902, 577
6155, 600, 1183, 583
6156, 596, 947, 351
6157, 356, 529, 173
6158, 180, 293, 113
6159, 125, 270, 145
6160, 170, 371, 201
6161, 237, 694, 457
6162, 475, 1032, 557
6163, 576, 1072, 496
6164, 500, 780, 280
6165, 289, 473, 184
6166, 190, 352, 162
6167, 171, 258, 87
6168, 115, 353, 238
6169, 263, 679, 416
6170, 439, 958, 519
6171, 537, 1067, 530
6172, 540, 868, 328
6173, 333, 500, 167
6174, 171, 254, 83
6175, 100, 247, 147
6176, 165, 443, 278
6177, 309, 737, 428
6178, 460, 1067, 607
6179, 626, 1234, 608
6180, 613, 865, 252
6181, 259, 344, 85
6182, 93, 178, 85
6183, 101, 299, 198
6184, 226, 615, 389
6185, 409, 920, 511
6186, 530, 1056, 526
6187, 542, 1002, 460
6188, 468, 674, 206
6189, 212, 339, 127
6190, 140, 267, 127
6191, 143, 384, 241
6192, 278, 737, 459
6193, 481, 1101, 620
6194, 634, 1114, 480
6195, 492, 693, 201
6196, 205, 319, 114
6197, 121, 193, 72
6198, 97, 265, 168
6199, 197, 637, 440
6200, 466, 1051, 585
6201, 608, 1219, 611
6202, 621, 955, 334
6203, 339, 476, 137
6204, 142, 210, 68
6205, 83, 164, 81
6206, 102, 339, 237
6207, 271, 786, 515
6208, 547, 1262, 715
6209, 734, 1219, 485
6210, 496, 728, 232
6211, 234, 324, 90
6212, 97, 152, 55
6213, 77, 175, 98
6214, 132, 504, 372
6215, 407, 996, 589
6216, 613, 1263, 650
6217, 659, 1065, 406
6218, 418, 580, 162
6219, 171, 251, 80
6220, 92, 136, 44
6221, 64, 209, 145
6222, 165, 567, 402
6223, 443, 1076, 633
6224, 650, 1275, 625
6225, 640, 1012, 372
6226, 378, 518, 140
6227, 143, 171, 28
6228, 42, 98, 56
6229, 79, 311, 232
6230, 268, 840, 572
6231, 593, 1311, 718
6232, 732, 1230, 498
6233, 503, 748, 245
6234, 247, 324, 77
6235, 88, 155, 67
6236, 86, 258, 172
6237, 191, 532, 341
6238, 374, 930, 556
6239, 576, 1106, 530
6240, 543, 1051, 508
6241, 513, 711, 198
6242, 203, 222, 19
6243, 30, 101, 71
6244, 94, 346, 252
6245, 288, 787, 499
6246, 532, 1110, 578
6247, 599, 1101, 502
6248, 508, 848, 340
6249, 344, 468, 124
6250, 135, 221, 86
6251, 105, 312, 207
6252, 242, 580, 338
6253, 365, 847, 482
6254, 505, 1040, 535
6255, 552, 978, 426
6256, 431, 664, 233
6257, 243, 333, 90
6258, 103, 253, 150
6259, 166, 437, 271
6260, 303, 736, 433
6261, 451, 950, 499
6262, 513, 1019, 506
6263, 518, 856, 338
6264, 350, 556, 206
6265, 218, 354, 136
6266, 154, 361, 207
6267, 237, 616, 379
6268, 404, 891, 487
6269, 507, 943, 436
6270, 451, 820, 369
6271, 382, 670, 288
6272, 294, 444, 150
6273, 164, 319, 155
6274, 186, 493, 307
6275, 329, 812, 483
6276, 506, 977, 471
6277, 484, 819, 335
6278, 352, 640, 288
6279, 298, 531, 233
6280, 247, 457, 210
6281, 226, 493, 267
6282, 291, 635, 344
6283, 361, 804, 443
6284, 457, 910, 453
6285, 468, 807, 339
6286, 348, 592, 244
6287, 260, 526, 266
6288, 276, 569, 293
6289, 309, 591, 282
6290, 305, 679, 374
6291, 399, 858, 459
6292, 471, 829, 358
6293, 371, 611, 240
6294, 252, 488, 236
6295, 250, 481, 231
6296, 253, 556, 303
6297, 326, 647, 321
6298, 351, 796, 445
6299, 462, 931, 469
6300, 479, 832, 353
6301, 365, 567, 202
6302, 214, 414, 200
6303, 216, 490, 274
6304, 290, 597, 307
6305, 323, 652, 329
6306, 351, 719, 368
6307, 388, 793, 405
6308, 419, 727, 308
6309, 322, 516, 194
6310, 208, 436, 228
6311, 234, 427, 193
6312, 216, 492, 276
6313, 305, 799, 494
6314, 514, 946, 432
6315, 453, 853, 400
6316, 410, 674, 264
6317, 277, 502, 225
6318, 233, 408, 175
6319, 190, 358, 168
6320, 199, 532, 333
6321, 356, 892, 536
6322, 561, 1096, 535
6323, 552, 922, 370
6324, 373, 535, 162
6325, 172, 303, 131
6326, 141, 313, 172
6327, 188, 436, 248
6328, 271, 627, 356
6329, 383, 885, 502
6330, 524, 1036, 512
6331, 516, 901, 385
6332, 393, 580, 187
6333, 197, 345, 148
6334, 163, 324, 161
6335, 184, 437, 253
6336, 276, 678, 402
6337, 425, 929, 504
6338, 519, 932, 413
6339, 425, 699, 274
6340, 283, 513, 230
6341, 243, 478, 235
6342, 258, 499, 241
6343, 271, 691, 420
6344, 434, 911, 477
6345, 494, 944, 450
6346, 461, 795, 334
6347, 349, 581, 232
6348, 239, 461, 222
6349, 238, 513, 275
6350, 294, 645, 351
6351, 368, 778, 410
6352, 422, 850, 428
6353, 437, 781, 344
6354, 352, 577, 225
6355, 245, 518, 273
6356, 288, 610, 322
6357, 337, 656, 319
6358, 341, 786, 445
6359, 464, 848, 384
6360, 399, 780, 381
6361, 396, 679, 283
6362, 297, 570, 273
6363, 282, 564, 282
6364, 298, 607, 309
6365, 329, 744, 415
6366, 437, 850, 413
6367, 433, 794, 361
6368, 372, 644, 272
6369, 284, 481, 197
6370, 218, 504, 286
6371, 302, 658, 356
6372, 377, 819, 442
6373, 456, 896, 440
6374, 455, 814, 359
6375, 372, 654, 282
6376, 292, 475, 183
6377, 199, 412, 213
6378, 230, 562, 332
6379, 353, 818, 465
6380, 485, 983, 498
6381, 514, 912, 398
6382, 413, 733, 320
6383, 326, 531, 205
6384, 219, 376, 157
6385, 179, 464, 285
6386, 308, 755, 447
6387, 469, 925, 456
6388, 478, 868, 390
6389, 402, 659, 257
6390, 265, 474, 209
6391, 222, 423, 201
6392, 219, 457, 238
6393, 263, 655, 392
6394, 416, 935, 519
6395, 529, 918, 389
6396, 405, 698, 293
6397, 308, 568, 260
6398, 265, 472, 207
6399, 219, 415, 196
6400, 216, 462, 246
6401, 263, 575, 312
6402, 336, 762, 426
6403, 452, 1002, 550
6404, 558, 990, 432
6405, 444, 704, 260
6406, 270, 483, 213
6407, 221, 404, 183
6408, 197, 402, 205
6409, 233, 584, 351
6410, 372, 904, 532
6411, 552, 1028, 476
6412, 487, 767, 280
6413, 289, 524, 235
6414, 249, 495, 246
6415, 259, 514, 255
6416, 272, 562, 290
6417, 310, 705, 395
6418, 414, 923, 509
6419, 527, 893, 366
6420, 380, 720, 340
6421, 349, 613, 264
6422, 272, 493, 221
6423, 236, 472, 236
6424, 250, 595, 345
6425, 365, 760, 395
6426, 411, 827, 416
6427, 433, 821, 388
6428, 399, 678, 279
6429, 287, 529, 242
6430, 254, 518, 264
6431, 276, 490, 214
6432, 230, 505, 275
6433, 292, 693, 401
6434, 421, 840, 419
6435, 436, 806, 370
6436, 390, 650, 260
6437, 276, 547, 271
6438, 290, 606, 316
6439, 325, 679, 354
6440, 372, 705, 333
6441, 347, 687, 340
6442, 359, 697, 338
6443, 356, 653, 297
6444, 318, 650, 332
6445, 351, 685, 334
6446, 351, 709, 358
6447, 373, 665, 292
6448, 305, 590, 285
6449, 297, 522, 225
6450, 252, 516, 264
6451, 292, 719, 427
6452, 442, 873, 431
6453, 443, 788, 345
6454, 359, 611, 252
6455, 268, 502, 234
6456, 252, 503, 251
6457, 272, 561, 289
6458, 309, 664, 355
6459, 384, 819, 435
6460, 452, 911, 459
6461, 466, 721, 255
6462, 268, 548, 280
6463, 291, 570, 279
6464, 289, 543, 254
6465, 275, 556, 281
6466, 309, 715, 406
6467, 426, 864, 438
6468, 450, 759, 309
6469, 325, 622, 297
6470, 315, 577, 262
6471, 275, 536, 261
6472, 286, 609, 323
6473, 341, 717, 376
6474, 387, 693, 306
6475, 319, 664, 345
6476, 359, 780, 421
6477, 431, 744, 313
6478, 324, 574, 250
6479, 264, 492, 228
6480, 239, 495, 256
6481, 282, 635, 353
6482, 374, 806, 432
6483, 452, 846, 394
6484, 410, 763, 353
6485, 371, 664, 293
6486, 304, 601, 297
6487, 305, 530, 225
6488, 245, 485, 240
6489, 258, 622, 364
6490, 388, 828, 440
6491, 457, 758, 301
6492, 320, 683, 363
6493, 373, 715, 342
6494, 347, 631, 284
6495, 294, 528, 234
6496, 251, 460, 209
6497, 220, 491, 271
6498, 303, 702, 399
6499, 416, 838, 422
6500, 443, 810, 367
6501, 385, 750, 365
6502, 375, 635, 260
6503, 271, 467, 196
6504, 214, 525, 311
6505, 330, 699, 369
6506, 390, 801, 411
6507, 441, 840, 399
6508, 419, 827, 408
6509, 421, 728, 307
6510, 313, 543, 230
6511, 235, 440, 205
6512, 227, 503, 276
6513, 297, 676, 379
6514, 406, 865, 459
6515, 477, 965, 488
6516, 502, 840, 338
6517, 354, 650, 296
6518, 312, 561, 249
6519, 253, 490, 237
6520, 257, 524, 267
6521, 297, 707, 410
6522, 432, 947, 515
6523, 536, 977, 441
6524, 452, 807, 355
6525, 363, 603, 240
6526, 244, 464, 220
6527, 238, 490, 252
6528, 270, 527, 257
6529, 286, 654, 368
6530, 390, 867, 477
6531, 502, 932, 430
6532, 438, 816, 378
6533, 385, 695, 310
6534, 318, 545, 227
6535, 238, 460, 222
6536, 236, 407, 171
6537, 196, 463, 267
6538, 291, 780, 489
6539, 512, 1051, 539
6540, 554, 912, 358
6541, 371, 670, 299
6542, 305, 606, 301
6543, 312, 536, 224
6544, 236, 449, 213
6545, 241, 621, 380
6546, 402, 822, 420
6547, 433, 778, 345
6548, 365, 724, 359
6549, 378, 783, 405
6550, 414, 688, 274
6551, 284, 522, 238
6552, 245, 400, 155
6553, 182, 471, 289
6554, 310, 683, 373
6555, 400, 846, 446
6556, 459, 902, 443
6557, 459, 807, 348
6558, 353, 585, 232
6559, 249, 477, 228
6560, 239, 478, 239
6561, 257, 483, 226
6562, 242, 488, 246
6563, 272, 639, 367
6564, 386, 776, 390
6565, 413, 820, 407
6566, 425, 752, 327
6567, 341, 629, 288
6568, 299, 557, 258
6569, 276, 620, 344
6570, 355, 631, 276
6571, 297, 664, 367
6572, 387, 794, 407
6573, 421, 774, 353
6574, 365, 584, 219
6575, 234, 463, 229
6576, 255, 579, 324
6577, 337, 623, 286
6578, 305, 595, 290
6579, 312, 630, 318
6580, 340, 802, 462
6581, 470, 798, 328
6582, 346, 652, 306
6583, 323, 647, 324
6584, 340, 672, 332
6585, 353, 668, 315
6586, 327, 684, 357
6587, 374, 801, 427
6588, 454, 841, 387
6589, 398, 651, 253
6590, 268, 505, 237
6591, 250, 523, 273
6592, 285, 549, 264
6593, 284, 568, 284
6594, 309, 660, 351
6595, 377, 831, 454
6596, 460, 802, 342
6597, 353, 670, 317
6598, 334, 643, 309
6599, 317, 702, 385
6600, 399, 657, 258
6601, 274, 493, 219
6602, 240, 536, 296
6603, 313, 778, 465
6604, 477, 874, 397
6605, 413, 757, 344
6606, 361, 701, 340
6607, 356, 631, 275
6608, 283, 516, 233
6609, 251, 539, 288
6610, 297, 581, 284
6611, 304, 648, 344
6612, 360, 762, 402
6613, 411, 748, 337
6614, 349, 664, 315
6615, 331, 638, 307
6616, 320, 591, 271
6617, 294, 643, 349
6618, 367, 764, 397
6619, 416, 784, 368
6620, 389, 738, 349
6621, 359, 707, 348
6622, 362, 678, 316
6623, 329, 585, 256
6624, 277, 564, 287
6625, 297, 645, 348
6626, 376, 760, 384
6627, 393, 718, 325
6628, 343, 644, 301
6629, 316, 604, 288
6630, 302, 584, 282
6631, 301, 662, 361
6632, 377, 746, 369
6633, 389, 709, 320
6634, 337, 674, 337
6635, 345, 658, 313
6636, 331, 612, 281
6637, 301, 652, 351
6638, 366, 745, 379
6639, 395, 675, 280
6640, 296, 514, 218
6641, 237, 598, 361
6642, 381, 840, 459
6643, 477, 815, 338
6644, 351, 658, 307
6645, 320, 620, 300
6646, 311, 636, 325
6647, 348, 631, 283
6648, 299, 656, 357
6649, 379, 802, 423
6650, 440, 861, 421
6651, 433, 778, 345
6652, 356, 662, 306
6653, 320, 580, 260
6654, 279, 568, 289
6655, 307, 649, 342
6656, 360, 705, 345
6657, 365, 753, 388
6658, 398, 837, 439
6659, 454, 817, 363
6660, 373, 662, 289
6661, 295, 505, 210
6662, 226, 473, 247
6663, 271, 687, 416
6664, 431, 873, 442
6665, 457, 841, 384
6666, 399, 746, 347
6667, 360, 659, 299
6668, 308, 576, 268
6669, 277, 442, 165
6670, 177, 305, 128
6671, 157, 417, 260
6672, 284, 731, 447
6673, 468, 919, 451
6674, 468, 893, 425
6675, 438, 763, 325
6676, 334, 561, 227
6677, 239, 402, 163
6678, 175, 325, 150
6679, 187, 620, 433
6680, 462, 1037, 575
6681, 594, 979, 385
6682, 404, 768, 364
6683, 378, 642, 264
6684, 272, 434, 162
6685, 181, 342, 161
6686, 186, 515, 329
6687, 362, 912, 550
6688, 568, 1054, 486
6689, 500, 847, 347
6690, 355, 583, 228
6691, 238, 424, 186
6692, 198, 331, 133
6693, 159, 344, 185
6694, 214, 631, 417
6695, 450, 989, 539
6696, 558, 1105, 547
6697, 558, 920, 362
6698, 368, 564, 196
6699, 199, 328, 129
6700, 138, 245, 107
6701, 132, 351, 219
6702, 249, 712, 463
6703, 487, 1093, 606
6704, 630, 1120, 490
6705, 502, 864, 362
6706, 367, 533, 166
6707, 172, 247, 75
6708, 88, 220, 132
6709, 158, 549, 391
6710, 425, 1062, 637
6711, 664, 1264, 600
6712, 612, 970, 358
6713, 364, 505, 141
6714, 146, 230, 84
6715, 91, 157, 66
6716, 99, 300, 201
6717, 236, 846, 610
6718, 645, 1402, 757
6719, 775, 1160, 385
6720, 389, 592, 203
6721, 206, 336, 130
6722, 139, 220, 81
6723, 98, 247, 149
6724, 175, 546, 371
6725, 394, 934, 540
6726, 566, 1164, 598
6727, 613, 1009, 396
6728, 402, 565, 163
6729, 171, 274, 103
6730, 115, 227, 112
6731, 127, 282, 155
6732, 193, 563, 370
6733, 406, 1040, 634
6734, 652, 1209, 557
6735, 569, 961, 392
6736, 401, 534, 133
6737, 139, 198, 59
6738, 70, 151, 81
6739, 108, 353, 245
6740, 278, 847, 569
6741, 596, 1223, 627
6742, 639, 1076, 437
6743, 444, 681, 237
6744, 245, 351, 106
6745, 114, 191, 77
6746, 94, 190, 96
6747, 130, 440, 310
6748, 351, 966, 615
6749, 643, 1341, 698
6750, 711, 1143, 432
6751, 436, 592, 156
6752, 163, 228, 65
6753, 77, 202, 125
6754, 149, 420, 271
6755, 298, 850, 552
6756, 570, 1113, 543
6757, 558, 1009, 451
6758, 456, 740, 284
6759, 288, 407, 119
6760, 127, 212, 85
6761, 113, 348, 235
6762, 256, 743, 487
6763, 515, 1094, 579
6764, 593, 1116, 523
6765, 544, 884, 340
6766, 347, 489, 142
6767, 150, 214, 64
6768, 76, 166, 90
6769, 120, 415, 295
6770, 325, 805, 480
6771, 512, 1199, 687
6772, 707, 1275, 568
6773, 574, 762, 188
6774, 194, 246, 52
6775, 63, 121, 58
6776, 82, 263, 181
6777, 206, 493, 287
6778, 310, 746, 436
6779, 469, 1107, 638
6780, 663, 1180, 517
6781, 526, 719, 193
6782, 200, 263, 63
6783, 75, 215, 140
6784, 160, 397, 237
6785, 254, 598, 344
6786, 368, 832, 464
6787, 487, 999, 512
6788, 534, 1056, 522
6789, 532, 741, 209
6790, 218, 382, 164
6791, 175, 364, 189
6792, 208, 458, 250
6793, 276, 649, 373
6794, 402, 909, 507
6795, 523, 1061, 538
6796, 554, 856, 302
6797, 314, 464, 150
6798, 167, 379, 212
6799, 222, 518, 296
6800, 320, 698, 378
6801, 402, 854, 452
6802, 466, 907, 441
6803, 454, 774, 320
6804, 334, 580, 246
6805, 256, 464, 208
6806, 226, 463, 237
6807, 261, 560, 299
6808, 320, 754, 434
6809, 450, 891, 441
6810, 453, 755, 302
6811, 324, 625, 301
6812, 313, 608, 295
6813, 312, 573, 261
6814, 268, 580, 312
6815, 333, 739, 406
6816, 420, 853, 433
6817, 446, 840, 394
6818, 405, 658, 253
6819, 267, 466, 199
6820, 210, 427, 217
6821, 235, 554, 319
6822, 341, 843, 502
6823, 520, 1092, 572
6824, 585, 928, 343
6825, 352, 569, 217
6826, 224, 326, 102
6827, 115, 243, 128
6828, 152, 408, 256
6829, 285, 807, 522
6830, 543, 1138, 595
6831, 602, 1065, 463
6832, 476, 782, 306
6833, 313, 438, 125
6834, 134, 146, 12
6835, 35, 160, 125
6836, 161, 612, 451
6837, 478, 1073, 595
6838, 623, 1233, 610
6839, 623, 994, 371
6840, 377, 568, 191
6841, 194, 221, 27
6842, 36, 79, 43
6843, 63, 239, 176
6844, 198, 623, 425
6845, 457, 1091, 634
6846, 666, 1281, 615
6847, 625, 944, 319
6848, 324, 436, 112
6849, 116, 154, 38
6850, 48, 122, 74
6851, 106, 393, 287
6852, 318, 940, 622
6853, 644, 1379, 735
6854, 744, 1158, 414
6855, 417, 612, 195
6856, 197, 257, 60
6857, 68, 90, 22
6858, 37, 87, 50
6859, 90, 393, 303
6860, 338, 1146, 808
6861, 826, 1576, 750
6862, 759, 1125, 366
6863, 370, 447, 77
6864, 82, 101, 19
6865, 32, 59, 27
6866, 45, 162, 117
6867, 148, 539, 391
6868, 424, 1096, 672
6869, 699, 1384, 685
6870, 689, 1053, 364
6871, 368, 475, 107
6872, 111, 134, 23
6873, 32, 78, 46
6874, 66, 197, 131
6875, 161, 470, 309
6876, 345, 924, 579
6877, 605, 1323, 718
6878, 735, 1133, 398
6879, 404, 542, 138
6880, 138, 176, 38
6881, 51, 83, 32
6882, 63, 315, 252
6883, 282, 896, 614
6884, 637, 1348, 711
6885, 728, 1134, 406
6886, 413, 661, 248
6887, 253, 358, 105
6888, 117, 157, 40
6889, 60, 228, 168
6890, 203, 763, 560
6891, 581, 1295, 714
6892, 733, 1217, 484
6893, 492, 792, 300
6894, 309, 416, 107
6895, 109, 130, 21
6896, 31, 49, 18
6897, 47, 237, 190
6898, 228, 838, 610
6899, 634, 1495, 861
6900, 870, 1360, 490
6901, 494, 671, 177
6902, 179, 221, 42
6903, 49, 50, 1
6904, 16, 63, 47
6905, 89, 435, 346
6906, 380, 1107, 727
6907, 758, 1562, 804
6908, 815, 1151, 336
6909, 339, 409, 70
6910, 73, 100, 27
6911, 41, 109, 68
6912, 96, 418, 322
6913, 352, 991, 639
6914, 664, 1403, 739
6915, 757, 1256, 499
6916, 500, 599, 99
6917, 106, 135, 29
6918, 37, 82, 45
6919, 71, 260, 189
6920, 222, 659, 437
6921, 473, 1134, 661
6922, 678, 1278, 600
6923, 609, 928, 319
6924, 325, 420, 95
6925, 101, 124, 23
6926, 40, 110, 70
6927, 92, 384, 292
6928, 326, 805, 479
6929, 503, 1127, 624
6930, 644, 1281, 637
6931, 647, 871, 224
6932, 228, 266, 38
6933, 50, 97, 47
6934, 65, 233, 168
6935, 193, 547, 354
6936, 381, 889, 508
6937, 532, 1113, 581
6938, 602, 1085, 483
6939, 486, 692, 206
6940, 213, 257, 44
6941, 55, 161, 106
6942, 128, 377, 249
6943, 271, 697, 426
6944, 455, 940, 485
6945, 517, 1063, 546
6946, 553, 940, 387
6947, 392, 547, 155
6948, 162, 232, 70
6949, 86, 247, 161
6950, 179, 487, 308
6951, 334, 820, 486
6952, 505, 1058, 553
6953, 562, 958, 396
6954, 405, 661, 256
6955, 262, 405, 143
6956, 158, 231, 73
6957, 100, 373, 273
6958, 303, 891, 588
6959, 605, 1175, 570
6960, 593, 936, 343
6961, 355, 608, 253
6962, 260, 455, 195
6963, 201, 318, 117
6964, 138, 297, 159
6965, 191, 549, 358
6966, 374, 906, 532
6967, 551, 1043, 492
6968, 503, 907, 404
6969, 416, 705, 289
6970, 297, 440, 143
6971, 154, 272, 118
6972, 135, 315, 180
6973, 209, 587, 378
6974, 409, 1018, 609
6975, 629, 1097, 468
6976, 487, 856, 369
6977, 380, 563, 183
6978, 190, 329, 139
6979, 154, 308, 154
6980, 175, 489, 314
6981, 342, 876, 534
6982, 556, 1108, 552
6983, 564, 961, 397
6984, 403, 602, 199
6985, 207, 341, 134
6986, 146, 295, 149
6987, 170, 473, 303
6988, 334, 809, 475
6989, 502, 1110, 608
6990, 620, 1102, 482
6991, 494, 781, 287
6992, 291, 371, 80
6993, 93, 170, 77
6994, 94, 342, 248
6995, 272, 677, 405
6996, 427, 914, 487
6997, 507, 977, 470
6998, 485, 833, 348
6999, 352, 560, 208
7000, 212, 338, 126
7001, 137, 196, 59
7002, 77, 223, 146
7003, 179, 576, 397
7004, 428, 1071, 643
7005, 663, 1301, 638
7006, 654, 1042, 388
7007, 394, 528, 134
7008, 139, 222, 83
7009, 94, 216, 122
7010, 136, 397, 261
7011, 284, 645, 361
7012, 405, 1062, 657
7013, 681, 1425, 744
7014, 747, 909, 162
7015, 166, 219, 53
7016, 66, 184, 118
7017, 126, 362, 236
7018, 265, 654, 389
7019, 420, 1023, 603
7020, 627, 1286, 659
7021, 665, 940, 275
7022, 277, 331, 54
7023, 61, 78, 17
7024, 27, 115, 88
7025, 121, 470, 349
7026, 382, 998, 616
7027, 645, 1243, 598
7028, 611, 1083, 472
7029, 476, 650, 174
7030, 178, 231, 53
7031, 64, 127, 63
7032, 83, 287, 204
7033, 224, 685, 461
7034, 491, 1137, 646
7035, 665, 1191, 526
7036, 535, 848, 313
7037, 319, 456, 137
7038, 145, 220, 75
7039, 83, 173, 90
7040, 110, 306, 196
7041, 225, 630, 405
7042, 433, 1114, 681
7043, 704, 1256, 552
7044, 563, 893, 330
7045, 334, 416, 82
7046, 95, 168, 73
7047, 88, 295, 207
7048, 231, 583, 352
7049, 376, 828, 452
7050, 481, 1048, 567
7051, 584, 1054, 470
7052, 478, 682, 204
7053, 208, 270, 62
7054, 79, 195, 116
7055, 138, 456, 318
7056, 338, 895, 557
7057, 572, 1105, 533
7058, 549, 1018, 469
7059, 478, 719, 241
7060, 249, 369, 120
7061, 130, 228, 98
7062, 124, 326, 202
7063, 226, 658, 432
7064, 455, 1085, 630
7065, 643, 1188, 545
7066, 554, 874, 320
7067, 320, 470, 150
7068, 160, 245, 85
7069, 103, 206, 103
7070, 119, 349, 230
7071, 260, 709, 449
7072, 473, 1026, 553
7073, 577, 1060, 483
7074, 504, 822, 318
7075, 322, 460, 138
7076, 148, 201, 53
7077, 76, 254, 178
7078, 195, 569, 374
7079, 398, 914, 516
7080, 541, 1083, 542
7081, 557, 967, 410
7082, 414, 652, 238
7083, 243, 339, 96
7084, 109, 218, 109
7085, 131, 384, 253
7086, 278, 791, 513
7087, 540, 1240, 700
7088, 712, 1178, 466
7089, 471, 682, 211
7090, 220, 355, 135
7091, 147, 219, 72
7092, 89, 253, 164
7093, 188, 602, 414
7094, 440, 1159, 719
7095, 735, 1352, 617
7096, 625, 875, 250
7097, 255, 383, 128
7098, 132, 186, 54
7099, 65, 117, 52
7100, 87, 368, 281
7101, 308, 1059, 751
7102, 772, 1486, 714
7103, 728, 1082, 354
7104, 360, 532, 172
7105, 177, 232, 55
7106, 58, 85, 27
7107, 57, 192, 135
7108, 171, 756, 585
7109, 605, 1372, 767
7110, 781, 1293, 512
7111, 517, 766, 249
7112, 251, 377, 126
7113, 134, 163, 29
7114, 40, 116, 76
7115, 108, 436, 328
7116, 366, 1044, 678
7117, 698, 1385, 687
7118, 700, 1048, 348
7119, 355, 557, 202
7120, 202, 253, 51
7121, 59, 79, 20
7122, 39, 183, 144
7123, 182, 680, 498
7124, 532, 1197, 665
7125, 691, 1261, 570
7126, 579, 891, 312
7127, 315, 440, 125
7128, 128, 167, 39
7129, 51, 93, 42
7130, 66, 319, 253
7131, 297, 924, 627
7132, 651, 1343, 692
7133, 712, 1205, 493
7134, 504, 714, 210
7135, 212, 250, 38
7136, 49, 101, 52
7137, 70, 248, 178
7138, 212, 711, 499
7139, 520, 1180, 660
7140, 680, 1196, 516
7141, 528, 865, 337
7142, 341, 448, 107
7143, 110, 155, 45
7144, 62, 111, 49
7145, 71, 288, 217
7146, 258, 725, 467
7147, 503, 1197, 694
7148, 710, 1157, 447
7149, 459, 745, 286
7150, 290, 442, 152
7151, 156, 199, 43
7152, 52, 142, 90
7153, 123, 456, 333
7154, 370, 1110, 740
7155, 764, 1489, 725
7156, 732, 1032, 300
7157, 308, 449, 141
7158, 145, 221, 76
7159, 82, 210, 128
7160, 149, 433, 284
7161, 302, 784, 482
7162, 507, 1096, 589
7163, 604, 1038, 434
7164, 446, 771, 325
7165, 332, 450, 118
7166, 123, 167, 44
7167, 66, 190, 124
7168, 156, 541, 385
7169, 411, 1035, 624
7170, 654, 1244, 590
7171, 607, 995, 388
7172, 394, 585, 191
7173, 193, 237, 44
7174, 51, 65, 14
7175, 41, 185, 144
7176, 179, 627, 448
7177, 480, 1132, 652
7178, 677, 1247, 570
7179, 580, 950, 370
7180, 378, 530, 152
7181, 157, 182, 25
7182, 37, 112, 75
7183, 90, 296, 206
7184, 242, 696, 454
7185, 492, 1222, 730
7186, 748, 1318, 570
7187, 578, 842, 264
7188, 265, 330, 65
7189, 73, 83, 10
7190, 31, 179, 148
7191, 176, 585, 409
7192, 440, 1010, 570
7193, 591, 1118, 527
7194, 537, 935, 398
7195, 401, 615, 214
7196, 219, 307, 88
7197, 99, 145, 46
7198, 65, 292, 227
7199, 259, 748, 489
7200, 521, 1131, 610
7201, 626, 1077, 451
7202, 463, 780, 317
7203, 328, 534, 206
7204, 210, 253, 43
7205, 56, 102, 46
7206, 73, 307, 234
7207, 265, 775, 510
7208, 534, 1185, 651
7209, 670, 1179, 509
7210, 515, 797, 282
7211, 285, 404, 119
7212, 127, 151, 24
7213, 39, 124, 85
7214, 109, 417, 308
7215, 340, 935, 595
7216, 615, 1183, 568
7217, 584, 1017, 433
7218, 446, 689, 243
7219, 249, 372, 123
7220, 133, 181, 48
7221, 67, 209, 142
7222, 170, 619, 449
7223, 480, 1171, 691
7224, 711, 1260, 549
7225, 555, 853, 298
7226, 303, 467, 164
7227, 169, 242, 73
7228, 85, 133, 48
7229, 73, 305, 232
7230, 276, 948, 672
7231, 704, 1471, 767
7232, 778, 1144, 366
7233, 371, 547, 176
7234, 180, 263, 83
7235, 87, 114, 27
7236, 47, 166, 119
7237, 153, 603, 450
7238, 486, 1191, 705
7239, 728, 1398, 670
7240, 677, 937, 260
7241, 263, 367, 104
7242, 106, 139, 33
7243, 45, 95, 50
7244, 74, 293, 219
7245, 247, 771, 524
7246, 546, 1160, 614
7247, 645, 1219, 574
7248, 580, 886, 306
7249, 307, 395, 88
7250, 96, 149, 53
7251, 72, 216, 144
7252, 176, 551, 375
7253, 410, 1038, 628
7254, 641, 1216, 575
7255, 587, 899, 312
7256, 320, 550, 230
7257, 238, 361, 123
7258, 130, 224, 94
7259, 112, 316, 204
7260, 234, 794, 560
7261, 588, 1231, 643
7262, 661, 1034, 373
7263, 382, 616, 234
7264, 240, 402, 162
7265, 173, 285, 112
7266, 133, 335, 202
7267, 232, 682, 450
7268, 475, 1130, 655
7269, 665, 1093, 428
7270, 438, 699, 261
7271, 269, 452, 183
7272, 187, 327, 140
7273, 160, 289, 129
7274, 155, 522, 367
7275, 387, 886, 499
7276, 520, 1045, 525
7277, 543, 969, 426
7278, 429, 659, 230
7279, 240, 407, 167
7280, 177, 356, 179
7281, 202, 388, 186
7282, 213, 562, 349
7283, 377, 923, 546
7284, 564, 997, 433
7285, 445, 784, 339
7286, 351, 654, 303
7287, 309, 523, 214
7288, 226, 367, 141
7289, 158, 405, 247
7290, 276, 729, 453
7291, 474, 1013, 539
7292, 551, 942, 391
7293, 402, 686, 284
7294, 294, 484, 190
7295, 208, 431, 223
7296, 244, 553, 309
7297, 327, 668, 341
7298, 356, 751, 395
7299, 412, 818, 406
7300, 419, 769, 350
7301, 362, 617, 255
7302, 272, 492, 220
7303, 241, 589, 348
7304, 360, 703, 343
7305, 365, 772, 407
7306, 419, 768, 349
7307, 366, 690, 324
7308, 340, 654, 314
7309, 332, 557, 225
7310, 240, 397, 157
7311, 180, 420, 240
7312, 268, 759, 491
7313, 506, 1000, 494
7314, 509, 926, 417
7315, 424, 647, 223
7316, 235, 403, 168
7317, 177, 315, 138
7318, 164, 430, 266
7319, 292, 794, 502
7320, 526, 1131, 605
7321, 619, 1048, 429
7322, 435, 690, 255
7323, 265, 467, 202
7324, 205, 363, 158
7325, 179, 394, 215
7326, 250, 760, 510
7327, 534, 1019, 485
7328, 500, 856, 356
7329, 372, 720, 348
7330, 357, 619, 262
7331, 274, 462, 188
7332, 206, 388, 182
7333, 201, 469, 268
7334, 288, 723, 435
7335, 459, 916, 457
7336, 479, 963, 484
7337, 500, 887, 387
7338, 398, 588, 190
7339, 199, 350, 151
7340, 168, 431, 263
7341, 287, 794, 507
7342, 520, 897, 377
7343, 397, 776, 379
7344, 398, 814, 416
7345, 424, 665, 241
7346, 251, 397, 146
7347, 164, 363, 199
7348, 219, 624, 405
7349, 415, 905, 490
7350, 504, 865, 361
7351, 379, 720, 341
7352, 358, 676, 318
7353, 332, 564, 232
7354, 247, 406, 159
7355, 178, 506, 328
7356, 357, 879, 522
7357, 537, 1033, 496
7358, 516, 861, 345
7359, 352, 630, 278
7360, 288, 466, 178
7361, 190, 363, 173
7362, 190, 441, 251
7363, 274, 636, 362
7364, 392, 925, 533
7365, 553, 1114, 561
7366, 572, 850, 278
7367, 283, 417, 134
7368, 148, 301, 153
7369, 169, 447, 278
7370, 296, 622, 326
7371, 351, 734, 383
7372, 403, 887, 484
7373, 494, 917, 423
7374, 432, 656, 224
7375, 236, 388, 152
7376, 171, 342, 171
7377, 191, 492, 301
7378, 325, 662, 337
7379, 353, 839, 486
7380, 505, 995, 490
7381, 509, 900, 391
7382, 400, 608, 208
7383, 222, 402, 180
7384, 194, 480, 286
7385, 299, 587, 288
7386, 304, 663, 359
7387, 389, 840, 451
7388, 464, 836, 372
7389, 391, 732, 341
7390, 351, 590, 239
7391, 257, 494, 237
7392, 258, 624, 366
7393, 384, 804, 420
7394, 432, 809, 377
7395, 389, 709, 320
7396, 339, 642, 303
7397, 322, 636, 314
7398, 329, 588, 259
7399, 274, 529, 255
7400, 268, 663, 395
7401, 416, 830, 414
7402, 431, 820, 389
7403, 398, 714, 316
7404, 332, 598, 266
7405, 277, 503, 226
7406, 247, 575, 328
7407, 351, 806, 455
7408, 471, 919, 448
7409, 466, 862, 396
7410, 413, 723, 310
7411, 317, 532, 215
7412, 225, 398, 173
7413, 197, 484, 287
7414, 309, 774, 465
7415, 482, 988, 506
7416, 524, 959, 435
7417, 445, 760, 315
7418, 324, 509, 185
7419, 192, 343, 151
7420, 163, 394, 231
7421, 263, 731, 468
7422, 488, 962, 474
7423, 486, 883, 397
7424, 410, 722, 312
7425, 318, 609, 291
7426, 296, 527, 231
7427, 247, 428, 181
7428, 200, 442, 242
7429, 266, 635, 369
7430, 390, 812, 422
7431, 447, 877, 430
7432, 453, 863, 410
7433, 424, 776, 352
7434, 368, 626, 258
7435, 266, 524, 258
7436, 274, 577, 303
7437, 322, 666, 344
7438, 369, 791, 422
7439, 432, 822, 390
7440, 401, 738, 337
7441, 351, 626, 275
7442, 286, 522, 236
7443, 256, 581, 325
7444, 336, 768, 432
7445, 456, 892, 436
7446, 454, 885, 431
7447, 438, 789, 351
7448, 359, 649, 290
7449, 301, 554, 253
7450, 261, 522, 261
7451, 284, 639, 355
7452, 374, 823, 449
7453, 465, 872, 407
7454, 420, 837, 417
7455, 428, 769, 341
7456, 346, 630, 284
7457, 292, 558, 266
7458, 282, 611, 329
7459, 347, 722, 375
7460, 391, 752, 361
7461, 380, 629, 249
7462, 271, 515, 244
7463, 264, 597, 333
7464, 350, 732, 382
7465, 390, 774, 384
7466, 399, 784, 385
7467, 403, 798, 395
7468, 403, 616, 213
7469, 228, 381, 153
7470, 165, 447, 282
7471, 303, 734, 431
7472, 449, 839, 390
7473, 414, 939, 525
7474, 541, 922, 381
7475, 388, 589, 201
7476, 214, 358, 144
7477, 155, 286, 131
7478, 157, 392, 235
7479, 266, 690, 424
7480, 446, 975, 529
7481, 545, 1042, 497
7482, 506, 843, 337
7483, 346, 525, 179
7484, 188, 281, 93
7485, 110, 230, 120
7486, 144, 532, 388
7487, 412, 961, 549
7488, 569, 1089, 520
7489, 530, 883, 353
7490, 368, 645, 277
7491, 287, 466, 179
7492, 189, 308, 119
7493, 147, 409, 262
7494, 299, 841, 542
7495, 556, 958, 402
7496, 425, 800, 375
7497, 384, 769, 385
7498, 389, 600, 211
7499, 223, 348, 125
7500, 142, 379, 237
7501, 256, 708, 452
7502, 479, 1033, 554
7503, 573, 981, 408
7504, 424, 800, 376
7505, 387, 623, 236
7506, 243, 344, 101
7507, 109, 216, 107
7508, 136, 477, 341
7509, 366, 1016, 650
7510, 672, 1210, 538
7511, 551, 910, 359
7512, 371, 623, 252
7513, 258, 383, 125
7514, 139, 245, 106
7515, 132, 394, 262
7516, 290, 899, 609
7517, 638, 1281, 643
7518, 658, 1054, 396
7519, 407, 654, 247
7520, 252, 345, 93
7521, 98, 123, 25
7522, 46, 128, 82
7523, 114, 401, 287
7524, 326, 915, 589
7525, 612, 1349, 737
7526, 756, 1183, 427
7527, 436, 644, 208
7528, 212, 242, 30
7529, 39, 119, 80
7530, 100, 315, 215
7531, 246, 685, 439
7532, 460, 1150, 690
7533, 707, 1286, 579
7534, 585, 844, 259
7535, 266, 379, 113
7536, 120, 248, 128
7537, 136, 287, 151
7538, 167, 378, 211
7539, 243, 620, 377
7540, 403, 1006, 603
7541, 618, 1180, 562
7542, 577, 876, 299
7543, 307, 484, 177
7544, 181, 359, 178
7545, 190, 390, 200
7546, 224, 572, 348
7547, 377, 918, 541
7548, 562, 1063, 501
7549, 509, 862, 353
7550, 362, 512, 150
7551, 166, 352, 186
7552, 205, 477, 272
7553, 287, 639, 352
7554, 375, 812, 437
7555, 475, 1025, 550
7556, 561, 931, 370
7557, 378, 553, 175
7558, 183, 282, 99
7559, 115, 332, 217
7560, 237, 643, 406
7561, 433, 899, 466
7562, 478, 971, 493
7563, 507, 862, 355
7564, 367, 632, 265
7565, 270, 370, 100
7566, 116, 185, 69
7567, 95, 406, 311
7568, 337, 862, 525
7569, 552, 1122, 570
7570, 586, 1047, 461
7571, 476, 678, 202
7572, 208, 346, 138
7573, 152, 260, 108
7574, 124, 370, 246
7575, 271, 700, 429
7576, 456, 921, 465
7577, 488, 872, 384
7578, 405, 809, 404
7579, 413, 667, 254
7580, 263, 397, 134
7581, 158, 338, 180
7582, 204, 573, 369
7583, 396, 939, 543
7584, 568, 1056, 488
7585, 499, 856, 357
7586, 367, 562, 195
7587, 202, 357, 155
7588, 170, 326, 156
7589, 175, 453, 278
7590, 305, 773, 468
7591, 492, 1131, 639
7592, 649, 1079, 430
7593, 438, 664, 226
7594, 239, 424, 185
7595, 195, 301, 106
7596, 129, 247, 118
7597, 146, 531, 385
7598, 413, 1011, 598
7599, 614, 1210, 596
7600, 603, 937, 334
7601, 340, 538, 198
7602, 205, 331, 126
7603, 144, 259, 115
7604, 136, 395, 259
7605, 294, 815, 521
7606, 538, 1170, 632
7607, 649, 1027, 378
7608, 385, 630, 245
7609, 258, 439, 181
7610, 189, 333, 144
7611, 162, 312, 150
7612, 175, 497, 322
7613, 343, 828, 485
7614, 513, 902, 389
7615, 407, 795, 388
7616, 398, 727, 329
7617, 337, 544, 207
7618, 219, 328, 109
7619, 134, 414, 280
7620, 295, 710, 415
7621, 436, 876, 440
7622, 461, 842, 381
7623, 395, 709, 314
7624, 324, 558, 234
7625, 245, 434, 189
7626, 208, 327, 119
7627, 138, 334, 196
7628, 224, 682, 458
7629, 485, 1071, 586
7630, 601, 1063, 462
7631, 474, 741, 267
7632, 274, 480, 206
7633, 214, 363, 149
7634, 163, 328, 165
7635, 183, 480, 297
7636, 331, 748, 417
7637, 447, 1087, 640
7638, 651, 1043, 392
7639, 408, 617, 209
7640, 215, 359, 144
7641, 153, 286, 133
7642, 153, 405, 252
7643, 274, 662, 388
7644, 411, 876, 465
7645, 484, 1106, 622
7646, 634, 943, 309
7647, 315, 489, 174
7648, 181, 291, 110
7649, 129, 274, 145
7650, 163, 483, 320
7651, 352, 799, 447
7652, 468, 955, 487
7653, 505, 925, 420
7654, 431, 743, 312
7655, 324, 532, 208
7656, 215, 372, 157
7657, 176, 394, 218
7658, 242, 733, 491
7659, 512, 1013, 501
7660, 515, 832, 317
7661, 328, 600, 272
7662, 279, 541, 262
7663, 269, 489, 220
7664, 236, 363, 127
7665, 148, 396, 248
7666, 266, 759, 493
7667, 514, 1026, 512
7668, 532, 986, 454
7669, 468, 740, 272
7670, 283, 445, 162
7671, 171, 290, 119
7672, 132, 341, 209
7673, 234, 569, 335
7674, 362, 800, 438
7675, 461, 946, 485
7676, 502, 952, 450
7677, 457, 706, 249
7678, 257, 421, 164
7679, 176, 344, 168
7680, 179, 427, 248
7681, 280, 707, 427
7682, 445, 937, 492
7683, 505, 900, 395
7684, 412, 707, 295
7685, 308, 589, 281
7686, 293, 493, 200
7687, 217, 408, 191
7688, 213, 482, 269
7689, 297, 812, 515
7690, 533, 1055, 522
7691, 533, 847, 314
7692, 325, 596, 271
7693, 284, 575, 291
7694, 304, 574, 270
7695, 287, 564, 277
7696, 305, 746, 441
7697, 468, 1037, 569
7698, 579, 943, 364
7699, 378, 614, 236
7700, 246, 390, 144
7701, 160, 247, 87
7702, 110, 368, 258
7703, 292, 813, 521
7704, 550, 1129, 579
7705, 592, 1058, 466
7706, 477, 746, 269
7707, 274, 391, 117
7708, 135, 266, 131
7709, 151, 356, 205
7710, 229, 600, 371
7711, 395, 846, 451
7712, 479, 1071, 592
7713, 603, 1025, 422
7714, 427, 635, 208
7715, 219, 318, 99
7716, 115, 290, 175
7717, 194, 475, 281
7718, 300, 676, 376
7719, 400, 803, 403
7720, 420, 915, 495
7721, 507, 923, 416
7722, 429, 677, 248
7723, 257, 414, 157
7724, 177, 394, 217
7725, 235, 634, 399
7726, 410, 840, 430
7727, 452, 849, 397
7728, 422, 771, 349
7729, 364, 643, 279
7730, 286, 475, 189
7731, 199, 406, 207
7732, 224, 454, 230
7733, 261, 644, 383
7734, 401, 957, 556
7735, 569, 1047, 478
7736, 487, 739, 252
7737, 266, 452, 186
7738, 202, 363, 161
7739, 174, 450, 276
7740, 300, 671, 371
7741, 396, 856, 460
7742, 481, 962, 481
7743, 497, 835, 338
7744, 354, 562, 208
7745, 218, 332, 114
7746, 134, 346, 212
7747, 235, 695, 460
7748, 481, 962, 481
7749, 502, 1004, 502
7750, 518, 906, 388
7751, 401, 637, 236
7752, 244, 349, 105
7753, 113, 205, 92
7754, 120, 338, 218
7755, 250, 782, 532
7756, 550, 1095, 545
7757, 563, 1020, 457
7758, 469, 770, 301
7759, 307, 443, 136
7760, 149, 236, 87
7761, 108, 318, 210
7762, 240, 679, 439
7763, 458, 1063, 605
7764, 620, 1099, 479
7765, 486, 797, 311
7766, 321, 540, 219
7767, 225, 363, 138
7768, 152, 298, 146
7769, 172, 498, 326
7770, 351, 914, 563
7771, 578, 1139, 561
7772, 574, 949, 375
7773, 385, 614, 229
7774, 235, 361, 126
7775, 141, 270, 129
7776, 154, 451, 297
7777, 324, 843, 519
7778, 543, 1106, 563
7779, 576, 1061, 485
7780, 493, 743, 250
7781, 254, 426, 172
7782, 181, 272, 91
7783, 112, 290, 178
7784, 199, 526, 327
7785, 351, 802, 451
7786, 469, 838, 369
7787, 392, 840, 448
7788, 457, 852, 395
7789, 402, 613, 211
7790, 221, 377, 156
7791, 175, 418, 243
7792, 262, 667, 405
7793, 425, 939, 514
7794, 531, 948, 417
7795, 430, 803, 373
7796, 380, 604, 224
7797, 231, 314, 83
7798, 106, 286, 180
7799, 201, 642, 441
7800, 460, 958, 498
7801, 523, 1028, 505
7802, 515, 921, 406
7803, 408, 622, 214
7804, 222, 331, 109
7805, 121, 266, 145
7806, 170, 481, 311
7807, 335, 859, 524
7808, 550, 1190, 640
7809, 649, 1123, 474
7810, 481, 670, 189
7811, 193, 267, 74
7812, 86, 154, 68
7813, 92, 314, 222
7814, 252, 681, 429
7815, 460, 1120, 660
7816, 676, 1237, 561
7817, 572, 839, 267
7818, 271, 398, 127
7819, 135, 204, 69
7820, 82, 138, 56
7821, 92, 379, 287
7822, 332, 1112, 780
7823, 800, 1464, 664
7824, 679, 1053, 374
7825, 381, 521, 140
7826, 147, 205, 58
7827, 68, 98, 30
7828, 49, 104, 55
7829, 91, 411, 320
7830, 344, 1020, 676
7831, 698, 1430, 732
7832, 743, 1147, 404
7833, 410, 560, 150
7834, 151, 193, 42
7835, 51, 78, 27
7836, 48, 141, 93
7837, 129, 510, 381
7838, 412, 1115, 703
7839, 735, 1427, 692
7840, 701, 1016, 315
7841, 319, 423, 104
7842, 109, 170, 61
7843, 69, 119, 50
7844, 78, 315, 237
7845, 268, 854, 586
7846, 609, 1375, 766
7847, 776, 1291, 515
7848, 521, 708, 187
7849, 190, 245, 55
7850, 60, 92, 32
7851, 45, 138, 93
7852, 123, 441, 318
7853, 354, 995, 641
7854, 665, 1360, 695
7855, 706, 1083, 377
7856, 384, 556, 172
7857, 177, 240, 63
7858, 74, 155, 81
7859, 99, 368, 269
7860, 299, 818, 519
7861, 547, 1131, 584
7862, 604, 1094, 490
7863, 503, 826, 323
7864, 326, 414, 88
7865, 94, 123, 29
7866, 42, 114, 72
7867, 106, 397, 291
7868, 324, 959, 635
7869, 656, 1365, 709
7870, 718, 1157, 439
7871, 447, 625, 178
7872, 178, 219, 41
7873, 51, 100, 49
7874, 69, 180, 111
7875, 147, 589, 442
7876, 493, 1391, 898
7877, 919, 1560, 641
7878, 645, 826, 181
7879, 186, 255, 69
7880, 73, 152, 79
7881, 93, 261, 168
7882, 195, 505, 310
7883, 338, 788, 450
7884, 475, 1029, 554
7885, 572, 1055, 483
7886, 495, 723, 228
7887, 236, 310, 74
7888, 90, 252, 162
7889, 175, 409, 234
7890, 256, 495, 239
7891, 266, 643, 377
7892, 405, 1026, 621
7893, 634, 1122, 488
7894, 496, 685, 189
7895, 207, 372, 165
7896, 181, 407, 226
7897, 250, 578, 328
7898, 348, 639, 291
7899, 309, 653, 344
7900, 363, 767, 404
7901, 422, 819, 397
7902, 405, 691, 286
7903, 301, 616, 315
7904, 330, 644, 314
7905, 327, 629, 302
7906, 326, 634, 308
7907, 324, 681, 357
7908, 375, 796, 421
7909, 433, 675, 242
7910, 258, 522, 264
7911, 282, 641, 359
7912, 376, 712, 336
7913, 357, 701, 344
7914, 358, 688, 330
7915, 344, 730, 386
7916, 405, 758, 353
7917, 371, 708, 337
7918, 353, 639, 286
7919, 300, 576, 276
7920, 291, 582, 291
7921, 309, 631, 322
7922, 346, 771, 425
7923, 443, 817, 374
7924, 393, 754, 361
7925, 375, 724, 349
7926, 363, 669, 306
7927, 321, 555, 234
7928, 253, 591, 338
7929, 348, 681, 333
7930, 350, 710, 360
7931, 383, 739, 356
7932, 374, 779, 405
7933, 412, 743, 331
7934, 345, 659, 314
7935, 326, 627, 301
7936, 315, 635, 320
7937, 338, 674, 336
7938, 362, 701, 339
7939, 359, 723, 364
7940, 373, 719, 346
7941, 357, 691, 334
7942, 349, 671, 322
7943, 339, 670, 331
7944, 340, 636, 296
7945, 312, 554, 242
7946, 263, 498, 235
7947, 253, 544, 291
7948, 318, 654, 336
7949, 349, 771, 422
7950, 442, 869, 427
7951, 439, 778, 339
7952, 351, 604, 253
7953, 272, 534, 262
7954, 278, 554, 276
7955, 293, 615, 322
7956, 343, 741, 398
7957, 409, 836, 427
7958, 435, 809, 374
7959, 385, 636, 251
7960, 266, 492, 226
7961, 241, 440, 199
7962, 221, 498, 277
7963, 300, 673, 373
7964, 397, 853, 456
7965, 469, 911, 442
7966, 461, 824, 363
7967, 368, 573, 205
7968, 214, 319, 105
7969, 123, 215, 92
7970, 113, 381, 268
7971, 286, 732, 446
7972, 472, 1006, 534
7973, 551, 977, 426
7974, 451, 846, 395
7975, 399, 568, 169
7976, 179, 310, 131
7977, 152, 408, 256
7978, 278, 686, 408
7979, 440, 960, 520
7980, 529, 977, 448
7981, 467, 844, 377
7982, 382, 605, 223
7983, 234, 352, 118
7984, 137, 310, 173
7985, 190, 452, 262
7986, 292, 765, 473
7987, 501, 1104, 603
7988, 612, 1036, 424
7989, 433, 712, 279
7990, 287, 431, 144
7991, 157, 259, 102
7992, 125, 383, 258
7993, 278, 719, 441
7994, 457, 953, 496
7995, 510, 934, 424
7996, 444, 830, 386
7997, 389, 593, 204
7998, 212, 291, 79
7999, 105, 262, 157
8000, 183, 646, 463
8001, 485, 1023, 538
8002, 557, 1097, 540
8003, 552, 938, 386
8004, 394, 612, 218
8005, 228, 316, 88
8006, 100, 199, 99
8007, 121, 381, 260
8008, 282, 763, 481
8009, 505, 1090, 585
8010, 599, 1114, 515
8011, 525, 812, 287
8012, 295, 410, 115
8013, 133, 274, 141
8014, 161, 450, 289
8015, 312, 741, 429
8016, 449, 915, 466
8017, 490, 975, 485
8018, 495, 845, 350
8019, 354, 513, 159
8020, 168, 305, 137
8021, 153, 330, 177
8022, 196, 517, 321
8023, 346, 838, 492
8024, 512, 1012, 500
8025, 509, 932, 423
8026, 432, 701, 269
8027, 279, 428, 149
8028, 161, 264, 103
8029, 120, 323, 203
8030, 236, 755, 519
8031, 539, 1146, 607
8032, 628, 1093, 465
8033, 468, 768, 300
8034, 309, 497, 188
8035, 192, 288, 96
8036, 112, 246, 134
8037, 163, 570, 407
8038, 442, 1059, 617
8039, 639, 1198, 559
8040, 569, 919, 350
8041, 356, 558, 202
8042, 206, 286, 80
8043, 91, 165, 74
8044, 100, 335, 235
8045, 266, 820, 554
8046, 579, 1208, 629
8047, 646, 1222, 576
8048, 582, 829, 247
8049, 249, 342, 93
8050, 98, 181, 83
8051, 99, 245, 146
8052, 163, 449, 286
8053, 314, 808, 494
8054, 514, 1164, 650
8055, 662, 1068, 406
8056, 416, 635, 219
8057, 223, 354, 131
8058, 141, 314, 173
8059, 193, 489, 296
8060, 325, 823, 498
8061, 515, 1090, 575
8062, 586, 962, 376
8063, 383, 615, 232
8064, 238, 398, 160
8065, 168, 342, 174
8066, 191, 355, 164
8067, 190, 573, 383
8068, 415, 1071, 656
8069, 669, 1207, 538
8070, 547, 860, 313
8071, 320, 496, 176
8072, 189, 336, 147
8073, 156, 281, 125
8074, 148, 334, 186
8075, 208, 642, 434
8076, 455, 1057, 602
8077, 619, 1085, 466
8078, 483, 818, 335
8079, 344, 468, 124
8080, 135, 260, 125
8081, 140, 358, 218
8082, 242, 577, 335
8083, 352, 768, 416
8084, 442, 945, 503
8085, 522, 963, 441
8086, 451, 673, 222
8087, 228, 355, 127
8088, 150, 378, 228
8089, 249, 535, 286
8090, 313, 724, 411
8091, 434, 891, 457
8092, 473, 896, 423
8093, 433, 757, 324
8094, 330, 486, 156
8095, 164, 263, 99
8096, 115, 283, 168
8097, 190, 571, 381
8098, 404, 906, 502
8099, 524, 1029, 505
8100, 524, 993, 469
8101, 475, 727, 252
8102, 260, 366, 106
8103, 120, 208, 88
8104, 111, 352, 241
8105, 259, 667, 408
8106, 432, 845, 413
8107, 436, 872, 436
8108, 453, 949, 496
8109, 504, 720, 216
8110, 224, 274, 50
8111, 72, 183, 111
8112, 144, 514, 370
8113, 393, 820, 427
8114, 455, 857, 402
8115, 425, 958, 533
8116, 546, 883, 337
8117, 344, 483, 139
8118, 150, 242, 92
8119, 111, 361, 250
8120, 266, 659, 393
8121, 417, 857, 440
8122, 461, 969, 508
8123, 520, 936, 416
8124, 422, 659, 237
8125, 242, 318, 76
8126, 90, 176, 86
8127, 112, 345, 233
8128, 263, 683, 420
8129, 449, 1036, 587
8130, 595, 1066, 471
8131, 482, 782, 300
8132, 306, 476, 170
8133, 179, 295, 116
8134, 130, 336, 206
8135, 230, 537, 307
8136, 348, 846, 498
8137, 521, 1150, 629
8138, 637, 1039, 402
8139, 407, 627, 220
8140, 225, 333, 108
8141, 118, 196, 78
8142, 101, 314, 213
8143, 237, 653, 416
8144, 437, 933, 496
8145, 519, 1024, 505
8146, 515, 893, 378
8147, 389, 575, 186
8148, 191, 304, 113
8149, 125, 262, 137
8150, 164, 521, 357
8151, 374, 911, 537
8152, 562, 1132, 570
8153, 582, 1035, 453
8154, 460, 655, 195
8155, 203, 337, 134
8156, 153, 351, 198
8157, 221, 601, 380
8158, 410, 899, 489
8159, 515, 1043, 528
8160, 538, 870, 332
8161, 338, 543, 205
8162, 217, 384, 167
8163, 186, 441, 255
8164, 275, 654, 379
8165, 407, 819, 412
8166, 437, 901, 464
8167, 480, 870, 390
8168, 396, 629, 233
8169, 242, 424, 182
8170, 197, 419, 222
8171, 239, 554, 315
8172, 343, 804, 461
8173, 476, 937, 461
8174, 473, 847, 374
8175, 383, 647, 264
8176, 271, 484, 213
8177, 223, 391, 168
8178, 191, 415, 224
8179, 242, 635, 393
8180, 420, 866, 446
8181, 457, 886, 429
8182, 446, 837, 391
8183, 409, 746, 337
8184, 344, 514, 170
8185, 184, 278, 94
8186, 112, 309, 197
8187, 233, 659, 426
8188, 452, 1060, 608
8189, 620, 1060, 440
8190, 451, 769, 318
8191, 326, 551, 225
8192, 230, 362, 132
8193, 149, 249, 100
8194, 129, 405, 276
8195, 306, 814, 508
8196, 539, 1050, 511
8197, 525, 871, 346
8198, 361, 632, 271
8199, 282, 528, 246
8200, 249, 337, 88
8201, 105, 236, 131
8202, 165, 648, 483
8203, 500, 1096, 596
8204, 616, 1127, 511
8205, 526, 839, 313
8206, 322, 543, 221
8207, 227, 368, 141
8208, 154, 241, 87
8209, 107, 285, 178
8210, 206, 573, 367
8211, 396, 1020, 624
8212, 645, 1273, 628
8213, 636, 935, 299
8214, 301, 424, 123
8215, 131, 218, 87
8216, 100, 254, 154
8217, 183, 487, 304
8218, 326, 845, 519
8219, 542, 1115, 573
8220, 582, 1066, 484
8221, 490, 745, 255
8222, 257, 403, 146
8223, 153, 277, 124
8224, 138, 337, 199
8225, 228, 645, 417
8226, 436, 1004, 568
8227, 581, 1084, 503
8228, 517, 861, 344
8229, 350, 518, 168
8230, 177, 325, 148
8231, 166, 368, 202
8232, 220, 581, 361
8233, 378, 907, 529
8234, 562, 1145, 583
8235, 593, 1017, 424
8236, 429, 583, 154
8237, 162, 253, 91
8238, 105, 219, 114
8239, 137, 410, 273
8240, 315, 870, 555
8241, 577, 1140, 563
8242, 574, 1029, 455
8243, 461, 751, 290
8244, 295, 386, 91
8245, 99, 133, 34
8246, 57, 222, 165
8247, 194, 631, 437
8248, 461, 1067, 606
8249, 631, 1179, 548
8250, 558, 979, 421
8251, 430, 572, 142
8252, 149, 212, 63
8253, 80, 224, 144
8254, 171, 536, 365
8255, 393, 968, 575
8256, 605, 1220, 615
8257, 625, 1032, 407
8258, 408, 554, 146
8259, 154, 229, 75
8260, 89, 147, 58
8261, 80, 258, 178
8262, 205, 645, 440
8263, 464, 1073, 609
8264, 631, 1131, 500
8265, 511, 792, 281
8266, 290, 462, 172
8267, 176, 289, 113
8268, 128, 229, 101
8269, 131, 472, 341
8270, 369, 981, 612
8271, 639, 1192, 553
8272, 567, 924, 357
8273, 367, 588, 221
8274, 227, 374, 147
8275, 157, 263, 106
8276, 131, 349, 218
8277, 246, 745, 499
8278, 522, 1134, 612
8279, 638, 1056, 418
8280, 425, 703, 278
8281, 288, 481, 193
8282, 200, 286, 86
8283, 104, 231, 127
8284, 157, 549, 392
8285, 412, 925, 513
8286, 534, 1083, 549
8287, 571, 1022, 451
8288, 457, 691, 234
8289, 240, 348, 108
8290, 118, 222, 104
8291, 122, 312, 190
8292, 209, 617, 408
8293, 430, 987, 557
8294, 569, 1092, 523
8295, 537, 896, 359
8296, 364, 540, 176
8297, 184, 274, 90
8298, 99, 183, 84
8299, 106, 279, 173
8300, 203, 656, 453
8301, 487, 1181, 694
8302, 708, 1303, 595
8303, 603, 901, 298
8304, 302, 400, 98
8305, 106, 182, 76
8306, 96, 281, 185
8307, 208, 651, 443
8308, 472, 1003, 531
8309, 546, 1094, 548
8310, 561, 961, 400
8311, 409, 615, 206
8312, 212, 260, 48
8313, 63, 185, 122
8314, 141, 448, 307
8315, 330, 831, 501
8316, 528, 1120, 592
8317, 611, 1023, 412
8318, 420, 721, 301
8319, 308, 428, 120
8320, 133, 187, 54
8321, 73, 220, 147
8322, 175, 589, 414
8323, 434, 943, 509
8324, 529, 1001, 472
8325, 485, 856, 371
8326, 382, 634, 252
8327, 260, 398, 138
8328, 155, 261, 106
8329, 133, 502, 369
8330, 395, 955, 560
8331, 578, 1116, 538
8332, 548, 928, 380
8333, 387, 612, 225
8334, 230, 373, 143
8335, 148, 262, 114
8336, 133, 305, 172
8337, 202, 579, 377
8338, 403, 887, 484
8339, 505, 961, 456
8340, 467, 827, 360
8341, 375, 669, 294
8342, 302, 491, 189
8343, 198, 282, 84
8344, 108, 283, 175
8345, 200, 617, 417
8346, 439, 1014, 575
8347, 586, 1033, 447
8348, 455, 839, 384
8349, 394, 642, 248
8350, 254, 359, 105
8351, 121, 198, 77
8352, 97, 319, 222
8353, 245, 654, 409
8354, 432, 956, 524
8355, 545, 1101, 556
8356, 572, 995, 423
8357, 427, 584, 157
8358, 163, 215, 52
8359, 62, 169, 107
8360, 122, 411, 289
8361, 326, 901, 575
8362, 597, 1239, 642
8363, 654, 1173, 519
8364, 528, 744, 216
8365, 217, 243, 26
8366, 39, 74, 35
8367, 63, 322, 259
8368, 285, 887, 602
8369, 624, 1243, 619
8370, 641, 1143, 502
8371, 507, 779, 272
8372, 273, 355, 82
8373, 92, 128, 36
8374, 56, 245, 189
8375, 217, 635, 418
8376, 449, 1041, 592
8377, 615, 1192, 577
8378, 586, 978, 392
8379, 396, 525, 129
8380, 140, 216, 76
8381, 89, 284, 195
8382, 205, 487, 282
8383, 305, 754, 449
8384, 476, 1100, 624
8385, 636, 1148, 512
8386, 521, 789, 268
8387, 275, 338, 63
8388, 72, 169, 97
8389, 117, 347, 230
8390, 259, 664, 405
8391, 435, 1029, 594
8392, 620, 1255, 635
8393, 641, 941, 300
8394, 303, 388, 85
8395, 93, 139, 46
8396, 57, 158, 101
8397, 126, 379, 253
8398, 284, 813, 529
8399, 563, 1184, 621
8400, 634, 1089, 455
8401, 469, 700, 231
8402, 241, 346, 105
8403, 111, 217, 106
8404, 124, 302, 178
8405, 204, 585, 381
8406, 411, 981, 570
8407, 595, 1203, 608
8408, 619, 937, 318
8409, 324, 503, 179
8410, 187, 349, 162
8411, 173, 323, 150
8412, 170, 441, 271
8413, 291, 742, 451
8414, 479, 1112, 633
8415, 639, 1160, 521
8416, 532, 729, 197
8417, 204, 299, 95
8418, 105, 183, 78
8419, 98, 299, 201
8420, 228, 653, 425
8421, 449, 1108, 659
8422, 674, 1245, 571
8423, 582, 926, 344
8424, 348, 452, 104
8425, 113, 151, 38
8426, 57, 161, 104
8427, 135, 504, 369
8428, 401, 989, 588
8429, 605, 1065, 460
8430, 471, 892, 421
8431, 432, 719, 287
8432, 290, 395, 105
8433, 116, 153, 37
8434, 63, 262, 199
8435, 226, 756, 530
8436, 555, 1167, 612
8437, 629, 1098, 469
8438, 476, 804, 328
8439, 333, 482, 149
8440, 151, 209, 58
8441, 75, 173, 98
8442, 117, 395, 278
8443, 311, 842, 531
8444, 560, 1208, 648
8445, 657, 1123, 466
8446, 473, 728, 255
8447, 261, 384, 123
8448, 129, 199, 70
8449, 95, 300, 205
8450, 232, 696, 464
8451, 491, 1047, 556
8452, 571, 1068, 497
8453, 511, 829, 318
8454, 326, 588, 262
8455, 266, 409, 143
8456, 154, 312, 158
8457, 184, 546, 362
8458, 384, 884, 500
8459, 517, 938, 421
8460, 433, 754, 321
8461, 335, 667, 332
8462, 338, 447, 109
8463, 122, 265, 143
8464, 163, 483, 320
8465, 340, 873, 533
8466, 555, 1044, 489
8467, 497, 901, 404
8468, 413, 707, 294
8469, 302, 451, 149
8470, 159, 240, 81
8471, 106, 245, 139
8472, 161, 565, 404
8473, 433, 1063, 630
8474, 652, 1256, 604
8475, 614, 901, 287
8476, 298, 487, 189
8477, 197, 337, 140
8478, 150, 251, 101
8479, 117, 297, 180
8480, 205, 616, 411
8481, 433, 1019, 586
8482, 603, 1034, 431
8483, 443, 780, 337
8484, 342, 589, 247
8485, 251, 357, 106
8486, 121, 196, 75
8487, 102, 282, 180
8488, 218, 802, 584
8489, 611, 1333, 722
8490, 744, 1155, 411
8491, 416, 604, 188
8492, 194, 325, 131
8493, 139, 222, 83
8494, 98, 187, 89
8495, 125, 505, 380
8496, 408, 1083, 675
8497, 695, 1232, 537
8498, 548, 914, 366
8499, 372, 572, 200
8500, 203, 300, 97
8501, 110, 174, 64
8502, 91, 359, 268
8503, 293, 886, 593
8504, 611, 1250, 639
8505, 658, 1087, 429
8506, 434, 640, 206
8507, 211, 339, 128
8508, 133, 215, 82
8509, 101, 252, 151
8510, 187, 607, 420
8511, 447, 1123, 676
8512, 698, 1267, 569
8513, 580, 908, 328
8514, 331, 479, 148
8515, 154, 243, 89
8516, 107, 242, 135
8517, 160, 493, 333
8518, 371, 933, 562
8519, 587, 1195, 608
8520, 619, 1002, 383
8521, 392, 602, 210
8522, 216, 347, 131
8523, 146, 283, 137
8524, 154, 425, 271
8525, 298, 743, 445
8526, 465, 1027, 562
8527, 572, 1097, 525
8528, 540, 838, 298
8529, 304, 443, 139
8530, 146, 202, 56
8531, 69, 157, 88
8532, 111, 430, 319
8533, 350, 929, 579
8534, 605, 1265, 660
8535, 676, 1117, 441
8536, 446, 658, 212
8537, 217, 285, 68
8538, 77, 127, 50
8539, 80, 341, 261
8540, 291, 883, 592
8541, 610, 1178, 568
8542, 577, 951, 374
8543, 386, 674, 288
8544, 293, 447, 154
8545, 161, 260, 99
8546, 123, 290, 167
8547, 201, 624, 423
8548, 448, 1075, 627
8549, 649, 1217, 568
8550, 578, 861, 283
8551, 294, 479, 185
8552, 194, 296, 102
8553, 112, 218, 106
8554, 126, 369, 243
8555, 276, 744, 468
8556, 492, 1052, 560
8557, 580, 1053, 473
8558, 483, 777, 294
8559, 301, 480, 179
8560, 190, 290, 100
8561, 118, 347, 229
8562, 260, 681, 421
8563, 449, 1094, 645
8564, 667, 1193, 526
8565, 537, 814, 277
8566, 284, 459, 175
8567, 184, 274, 90
8568, 98, 212, 114
8569, 143, 442, 299
8570, 336, 873, 537
8571, 558, 1037, 479
8572, 498, 865, 367
8573, 387, 704, 317
8574, 326, 527, 201
8575, 213, 298, 85
8576, 106, 340, 234
8577, 268, 731, 463
8578, 493, 1058, 565
8579, 586, 1032, 446
8580, 461, 739, 278
8581, 284, 437, 153
8582, 163, 275, 112
8583, 137, 343, 206
8584, 237, 671, 434
8585, 464, 1067, 603
8586, 622, 1106, 484
8587, 489, 749, 260
8588, 263, 439, 176
8589, 185, 318, 133
8590, 145, 314, 169
8591, 190, 425, 235
8592, 263, 717, 454
8593, 472, 978, 506
8594, 523, 1018, 495
8595, 505, 817, 312
8596, 320, 521, 201
8597, 212, 383, 171
8598, 184, 456, 272
8599, 299, 753, 454
8600, 469, 982, 513
8601, 531, 913, 382
8602, 390, 641, 251
8603, 265, 493, 228
8604, 241, 424, 183
8605, 199, 357, 158
8606, 180, 450, 270
8607, 302, 787, 485
8608, 510, 1103, 593
8609, 606, 1049, 443
8610, 453, 708, 255
8611, 266, 444, 178
8612, 187, 339, 152
8613, 165, 347, 182
8614, 205, 470, 265
8615, 301, 748, 447
8616, 467, 935, 468
8617, 488, 892, 404
8618, 422, 727, 305
8619, 317, 517, 200
8620, 210, 319, 109
8621, 136, 388, 252
8622, 275, 785, 510
8623, 533, 1051, 518
8624, 537, 937, 400
8625, 414, 754, 340
8626, 352, 590, 238
8627, 242, 311, 69
8628, 85, 229, 144
8629, 169, 534, 365
8630, 393, 922, 529
8631, 551, 1119, 568
8632, 579, 965, 386
8633, 391, 663, 272
8634, 282, 430, 148
8635, 155, 334, 179
8636, 201, 511, 310
8637, 329, 712, 383
8638, 401, 836, 435
8639, 454, 934, 480
8640, 486, 859, 373
8641, 385, 593, 208
8642, 221, 388, 167
8643, 185, 450, 265
8644, 279, 615, 336
8645, 358, 798, 440
8646, 467, 974, 507
8647, 523, 948, 425
8648, 434, 635, 201
8649, 211, 380, 169
8650, 183, 407, 224
8651, 240, 542, 302
8652, 330, 721, 391
8653, 404, 862, 458
8654, 482, 869, 387
8655, 400, 702, 302
8656, 318, 599, 281
8657, 291, 542, 251
8658, 265, 585, 320
8659, 342, 725, 383
8660, 406, 886, 480
8661, 494, 824, 330
8662, 344, 519, 175
8663, 195, 433, 238
8664, 259, 583, 324
8665, 339, 714, 375
8666, 388, 802, 414
8667, 429, 837, 408
8668, 417, 774, 357
8669, 367, 631, 264
8670, 281, 541, 260
8671, 273, 577, 304
8672, 327, 710, 383
8673, 403, 832, 429
8674, 444, 845, 401
8675, 420, 816, 396
8676, 408, 601, 193
8677, 208, 382, 174
8678, 191, 445, 254
8679, 268, 513, 245
8680, 264, 548, 284
8681, 309, 679, 370
8682, 395, 918, 523
8683, 533, 946, 413
8684, 425, 682, 257
8685, 269, 466, 197
8686, 207, 387, 180
8687, 201, 459, 258
8688, 276, 574, 298
8689, 320, 686, 366
8690, 393, 951, 558
8691, 581, 1036, 455
8692, 463, 728, 265
8693, 276, 412, 136
8694, 147, 347, 200
8695, 215, 475, 260
8696, 285, 647, 362
8697, 385, 835, 450
8698, 474, 999, 525
8699, 539, 879, 340
8700, 349, 469, 120
8701, 128, 261, 133
8702, 154, 406, 252
8703, 284, 755, 471
8704, 488, 967, 479
8705, 496, 964, 468
8706, 476, 774, 298
8707, 307, 476, 169
8708, 177, 307, 130
8709, 147, 326, 179
8710, 204, 551, 347
8711, 375, 911, 536
8712, 562, 1176, 614
8713, 627, 995, 368
8714, 371, 539, 168
8715, 173, 240, 67
8716, 79, 182, 103
8717, 120, 276, 156
8718, 182, 480, 298
8719, 327, 861, 534
8720, 558, 1210, 652
8721, 667, 1126, 459
8722, 469, 683, 214
8723, 226, 388, 162
8724, 168, 349, 181
8725, 195, 432, 237
8726, 257, 598, 341
8727, 364, 848, 484
8728, 508, 947, 439
8729, 455, 875, 420
8730, 435, 672, 237
8731, 245, 396, 151
8732, 157, 331, 174
8733, 194, 515, 321
8734, 337, 752, 415
8735, 438, 871, 433
8736, 449, 902, 453
8737, 469, 769, 300
8738, 309, 501, 192
8739, 203, 340, 137
8740, 164, 453, 289
8741, 310, 825, 515
8742, 535, 1073, 538
8743, 555, 931, 376
8744, 382, 683, 301
8745, 306, 469, 163
8746, 175, 294, 119
8747, 146, 390, 244
8748, 277, 764, 487
8749, 507, 1141, 634
8750, 643, 1066, 423
8751, 431, 631, 200
8752, 209, 361, 152
8753, 166, 349, 183
8754, 195, 403, 208
8755, 243, 597, 354
8756, 376, 884, 508
8757, 522, 953, 431
8758, 455, 783, 328
8759, 336, 563, 227
8760, 232, 383, 151
8761, 172, 303, 131
8762, 152, 427, 275
8763, 300, 809, 509
8764, 530, 1106, 576
8765, 592, 1027, 435
8766, 442, 653, 211
8767, 218, 385, 167
8768, 177, 313, 136
8769, 156, 292, 136
8770, 160, 532, 372
8771, 401, 1049, 648
8772, 665, 1214, 549
8773, 560, 883, 323
8774, 332, 495, 163
8775, 167, 290, 123
8776, 139, 239, 100
8777, 127, 461, 334
8778, 363, 916, 553
8779, 574, 1073, 499
8780, 515, 885, 370
8781, 383, 739, 356
8782, 369, 558, 189
8783, 200, 379, 179
8784, 192, 456, 264
8785, 282, 619, 337
8786, 358, 748, 390
8787, 413, 821, 408
8788, 429, 900, 471
8789, 479, 740, 261
8790, 274, 488, 214
8791, 222, 450, 228
8792, 249, 524, 275
8793, 295, 722, 427
8794, 444, 788, 344
8795, 364, 670, 306
8796, 314, 622, 308
8797, 325, 560, 235
8798, 254, 576, 322
8799, 345, 765, 420
8800, 439, 872, 433
8801, 451, 828, 377
8802, 392, 649, 257
8803, 268, 460, 192
8804, 206, 418, 212
8805, 232, 548, 316
8806, 341, 791, 450
8807, 468, 905, 437
8808, 447, 784, 337
8809, 347, 629, 282
8810, 298, 565, 267
8811, 283, 545, 262
8812, 280, 528, 248
8813, 266, 600, 334
8814, 353, 801, 448
8815, 482, 970, 488
8816, 502, 860, 358
8817, 365, 610, 245
8818, 250, 442, 192
8819, 204, 391, 187
8820, 205, 473, 268
8821, 296, 710, 414
8822, 438, 988, 550
8823, 564, 1009, 445
8824, 451, 732, 281
8825, 294, 493, 199
8826, 218, 481, 263
8827, 274, 530, 256
8828, 280, 545, 265
8829, 285, 704, 419
8830, 441, 983, 542
8831, 554, 995, 441
8832, 452, 664, 212
8833, 225, 449, 224
8834, 236, 510, 274
8835, 291, 528, 237
8836, 262, 595, 333
8837, 351, 814, 463
8838, 484, 939, 455
8839, 470, 844, 374
8840, 386, 638, 252
8841, 265, 488, 223
8842, 239, 466, 227
8843, 237, 471, 234
8844, 254, 587, 333
8845, 352, 775, 423
8846, 437, 862, 425
8847, 443, 748, 305
8848, 319, 655, 336
8849, 350, 622, 272
8850, 286, 550, 264
8851, 281, 529, 248
8852, 267, 578, 311
8853, 331, 766, 435
8854, 456, 855, 399
8855, 413, 717, 304
8856, 315, 638, 323
8857, 331, 605, 274
8858, 284, 529, 245
8859, 268, 573, 305
8860, 327, 767, 440
8861, 455, 871, 416
8862, 425, 718, 293
8863, 306, 538, 232
8864, 249, 513, 264
8865, 278, 618, 340
8866, 365, 700, 335
8867, 353, 741, 388
8868, 399, 774, 375
8869, 388, 702, 314
8870, 324, 578, 254
8871, 273, 552, 279
8872, 299, 675, 376
8873, 394, 679, 285
8874, 301, 673, 372
8875, 394, 824, 430
8876, 446, 778, 332
8877, 348, 613, 265
8878, 283, 605, 322
8879, 334, 721, 387
8880, 406, 717, 311
8881, 339, 647, 308
8882, 329, 716, 387
8883, 408, 831, 423
8884, 433, 702, 269
8885, 285, 471, 186
8886, 197, 404, 207
8887, 223, 469, 246
8888, 271, 580, 309
8889, 326, 704, 378
8890, 402, 858, 456
8891, 471, 942, 471
8892, 482, 724, 242
8893, 255, 437, 182
8894, 201, 426, 225
8895, 250, 597, 347
8896, 368, 808, 440
8897, 458, 888, 430
8898, 446, 890, 444
8899, 458, 727, 269
8900, 276, 396, 120
8901, 137, 285, 148
8902, 174, 528, 354
8903, 384, 871, 487
8904, 510, 985, 475
8905, 489, 899, 410
8906, 421, 714, 293
8907, 297, 440, 143
8908, 153, 271, 118
8909, 147, 386, 239
8910, 261, 693, 432
8911, 451, 876, 425
8912, 444, 879, 435
8913, 448, 765, 317
8914, 327, 557, 230
8915, 240, 400, 160
8916, 173, 326, 153
8917, 175, 452, 277
8918, 302, 815, 513
8919, 536, 1019, 483
8920, 503, 866, 363
8921, 370, 684, 314
8922, 322, 545, 223
8923, 230, 355, 125
8924, 136, 260, 124
8925, 149, 424, 275
8926, 298, 702, 404
8927, 424, 856, 432
8928, 455, 924, 469
8929, 486, 842, 356
8930, 363, 533, 170
8931, 186, 338, 152
8932, 170, 411, 241
8933, 253, 619, 366
8934, 382, 773, 391
8935, 409, 831, 422
8936, 437, 899, 462
8937, 469, 777, 308
8938, 316, 464, 148
8939, 157, 272, 115
8940, 136, 338, 202
8941, 228, 637, 409
8942, 435, 977, 542
8943, 568, 1147, 579
8944, 591, 941, 350
8945, 356, 534, 178
8946, 182, 276, 94
8947, 118, 284, 166
8948, 182, 529, 347
8949, 376, 884, 508
8950, 536, 1102, 566
8951, 581, 983, 402
8952, 413, 623, 210
8953, 213, 316, 103
8954, 118, 215, 97
8955, 111, 195, 84
8956, 122, 411, 289
8957, 316, 841, 525
8958, 557, 1148, 591
8959, 603, 1066, 463
8960, 470, 724, 254
8961, 261, 395, 134
8962, 144, 228, 84
8963, 108, 314, 206
8964, 231, 562, 331
8965, 360, 889, 529
8966, 559, 1136, 577
8967, 590, 1004, 414
8968, 417, 598, 181
8969, 188, 285, 97
8970, 112, 183, 71
8971, 93, 312, 219
8972, 255, 793, 538
8973, 566, 1223, 657
8974, 670, 1138, 468
8975, 480, 754, 274
8976, 278, 417, 139
8977, 147, 216, 69
8978, 87, 270, 183
8979, 207, 579, 372
8980, 412, 1059, 647
8981, 662, 1192, 530
8982, 543, 884, 341
8983, 344, 534, 190
8984, 200, 301, 101
8985, 113, 251, 138
8986, 162, 464, 302
8987, 341, 992, 651
8988, 673, 1294, 621
8989, 629, 949, 320
8990, 334, 533, 199
8991, 206, 342, 136
8992, 146, 241, 95
8993, 121, 372, 251
8994, 285, 777, 492
8995, 521, 1142, 621
8996, 638, 1101, 463
8997, 476, 770, 294
8998, 299, 439, 140
8999, 150, 291, 141
9000, 161, 416, 255
9001, 282, 674, 392
9002, 418, 958, 540
9003, 560, 1022, 462
9004, 475, 806, 331
9005, 341, 520, 179
9006, 185, 282, 97
9007, 114, 233, 119
9008, 150, 489, 339
9009, 369, 889, 520
9010, 537, 1074, 537
9011, 550, 964, 414
9012, 431, 738, 307
9013, 314, 446, 132
9014, 141, 227, 86
9015, 110, 313, 203
9016, 228, 637, 409
9017, 433, 1042, 609
9018, 637, 1181, 544
9019, 558, 880, 322
9020, 329, 475, 146
9021, 155, 234, 79
9022, 98, 202, 104
9023, 133, 363, 230
9024, 261, 783, 522
9025, 554, 1170, 616
9026, 633, 1200, 567
9027, 573, 805, 232
9028, 239, 328, 89
9029, 94, 200, 106
9030, 117, 293, 176
9031, 200, 521, 321
9032, 341, 818, 477
9033, 499, 997, 498
9034, 523, 1002, 479
9035, 487, 741, 254
9036, 259, 310, 51
9037, 66, 127, 61
9038, 88, 404, 316
9039, 335, 856, 521
9040, 547, 1028, 481
9041, 503, 947, 444
9042, 460, 855, 395
9043, 402, 534, 132
9044, 141, 195, 54
9045, 76, 256, 180
9046, 205, 638, 433
9047, 464, 1063, 599
9048, 622, 1139, 517
9049, 530, 885, 355
9050, 360, 554, 194
9051, 204, 313, 109
9052, 118, 198, 80
9053, 107, 350, 243
9054, 275, 832, 557
9055, 574, 1252, 678
9056, 691, 1181, 490
9057, 496, 741, 245
9058, 252, 330, 78
9059, 84, 154, 70
9060, 85, 218, 133
9061, 163, 471, 308
9062, 338, 857, 519
9063, 547, 1221, 674
9064, 694, 1190, 496
9065, 504, 648, 144
9066, 149, 179, 30
9067, 42, 165, 123
9068, 141, 378, 237
9069, 258, 566, 308
9070, 330, 758, 428
9071, 460, 1082, 622
9072, 631, 1009, 378
9073, 391, 577, 186
9074, 201, 377, 176
9075, 193, 423, 230
9076, 248, 588, 340
9077, 368, 888, 520
9078, 534, 1088, 554
9079, 565, 962, 397
9080, 401, 560, 159
9081, 171, 256, 85
9082, 100, 245, 145
9083, 167, 465, 298
9084, 320, 715, 395
9085, 420, 922, 502
9086, 518, 1080, 562
9087, 579, 920, 341
9088, 345, 457, 112
9089, 123, 201, 78
9090, 100, 329, 229
9091, 250, 565, 315
9092, 339, 731, 392
9093, 414, 839, 425
9094, 447, 991, 544
9095, 562, 896, 334
9096, 342, 501, 159
9097, 167, 308, 141
9098, 158, 361, 203
9099, 221, 544, 323
9100, 348, 782, 434
9101, 454, 924, 470
9102, 485, 922, 437
9103, 447, 661, 214
9104, 228, 395, 167
9105, 177, 371, 194
9106, 216, 505, 289
9107, 307, 743, 436
9108, 459, 954, 495
9109, 515, 895, 380
9110, 400, 767, 367
9111, 379, 610, 231
9112, 236, 452, 216
9113, 230, 454, 224
9114, 244, 478, 234
9115, 260, 638, 378
9116, 405, 944, 539
9117, 553, 1003, 450
9118, 457, 750, 293
9119, 301, 502, 201
9120, 220, 479, 259
9121, 279, 604, 325
9122, 344, 677, 333
9123, 353, 737, 384
9124, 409, 847, 438
9125, 456, 725, 269
9126, 279, 498, 219
9127, 229, 458, 229
9128, 248, 462, 214
9129, 230, 479, 249
9130, 273, 686, 413
9131, 432, 967, 535
9132, 547, 954, 407
9133, 416, 597, 181
9134, 191, 323, 132
9135, 144, 336, 192
9136, 208, 518, 310
9137, 334, 788, 454
9138, 486, 1047, 561
9139, 581, 1096, 515
9140, 519, 731, 212
9141, 218, 326, 108
9142, 115, 217, 102
9143, 119, 278, 159
9144, 189, 552, 363
9145, 401, 998, 597
9146, 617, 1186, 569
9147, 579, 932, 353
9148, 367, 607, 240
9149, 247, 378, 131
9150, 141, 281, 140
9151, 165, 459, 294
9152, 313, 765, 452
9153, 478, 1016, 538
9154, 550, 976, 426
9155, 441, 688, 247
9156, 254, 408, 154
9157, 169, 324, 155
9158, 177, 471, 294
9159, 311, 704, 393
9160, 413, 923, 510
9161, 530, 909, 379
9162, 395, 706, 311
9163, 325, 528, 203
9164, 221, 499, 278
9165, 301, 628, 327
9166, 348, 763, 415
9167, 430, 912, 482
9168, 497, 877, 380
9169, 387, 680, 293
9170, 303, 489, 186
9171, 204, 388, 184
9172, 201, 444, 243
9173, 269, 732, 463
9174, 478, 978, 500
9175, 512, 952, 440
9176, 451, 753, 302
9177, 313, 552, 239
9178, 243, 390, 147
9179, 160, 305, 145
9180, 173, 481, 308
9181, 340, 911, 571
9182, 592, 1158, 566
9183, 575, 962, 387
9184, 392, 563, 171
9185, 180, 302, 122
9186, 136, 247, 111
9187, 134, 308, 174
9188, 201, 588, 387
9189, 412, 1009, 597
9190, 622, 1147, 525
9191, 537, 857, 320
9192, 330, 530, 200
9193, 209, 329, 120
9194, 133, 261, 128
9195, 149, 393, 244
9196, 272, 737, 465
9197, 493, 1030, 537
9198, 552, 1039, 487
9199, 496, 824, 328
9200, 335, 434, 99
9201, 109, 190, 81
9202, 98, 284, 186
9203, 213, 636, 423
9204, 454, 1034, 580
9205, 603, 1194, 591
9206, 600, 895, 295
9207, 301, 484, 183
9208, 190, 322, 132
9209, 145, 302, 157
9210, 186, 430, 244
9211, 273, 731, 458
9212, 485, 954, 469
9213, 493, 944, 451
9214, 466, 836, 370
9215, 379, 549, 170
9216, 187, 325, 138
9217, 157, 417, 260
9218, 271, 587, 316
9219, 339, 702, 363
9220, 389, 934, 545
9221, 560, 1063, 503
9222, 510, 722, 212
9223, 225, 419, 194
9224, 198, 411, 213
9225, 228, 464, 236
9226, 258, 587, 329
9227, 351, 794, 443
9228, 462, 961, 499
9229, 515, 852, 337
9230, 348, 592, 244
9231, 259, 419, 160
9232, 178, 410, 232
9233, 251, 569, 318
9234, 338, 698, 360
9235, 383, 690, 307
9236, 325, 598, 273
9237, 288, 638, 350
9238, 367, 701, 334
9239, 353, 676, 323
9240, 335, 710, 375
9241, 386, 686, 300
9242, 312, 575, 263
9243, 270, 497, 227
9244, 243, 503, 260
9245, 280, 627, 347
9246, 365, 705, 340
9247, 359, 751, 392
9248, 404, 881, 477
9249, 487, 794, 307
9250, 323, 611, 288
9251, 305, 594, 289
9252, 301, 555, 254
9253, 276, 578, 302
9254, 319, 610, 291
9255, 308, 622, 314
9256, 330, 703, 373
9257, 392, 854, 462
9258, 475, 853, 378
9259, 392, 641, 249
9260, 258, 478, 220
9261, 233, 539, 306
9262, 318, 666, 348
9263, 367, 741, 374
9264, 388, 793, 405
9265, 418, 778, 360
9266, 369, 611, 242
9267, 255, 460, 205
9268, 225, 550, 325
9269, 339, 747, 408
9270, 431, 877, 446
9271, 472, 897, 425
9272, 439, 801, 362
9273, 370, 603, 233
9274, 239, 409, 170
9275, 183, 376, 193
9276, 216, 515, 299
9277, 324, 732, 408
9278, 423, 841, 418
9279, 437, 827, 390
9280, 407, 786, 379
9281, 388, 667, 279
9282, 293, 588, 295
9283, 317, 633, 316
9284, 329, 701, 372
9285, 394, 781, 387
9286, 402, 738, 336
9287, 353, 683, 330
9288, 348, 648, 300
9289, 310, 588, 278
9290, 289, 592, 303
9291, 327, 670, 343
9292, 361, 705, 344
9293, 356, 673, 317
9294, 332, 648, 316
9295, 330, 638, 308
9296, 321, 556, 235
9297, 248, 495, 247
9298, 270, 611, 341
9299, 365, 873, 508
9300, 524, 980, 456
9301, 475, 807, 332
9302, 340, 596, 256
9303, 263, 477, 214
9304, 227, 460, 233
9305, 247, 565, 318
9306, 338, 647, 309
9307, 328, 695, 367
9308, 390, 804, 414
9309, 425, 747, 322
9310, 341, 627, 286
9311, 304, 615, 311
9312, 325, 626, 301
9313, 315, 686, 371
9314, 380, 687, 307
9315, 326, 649, 323
9316, 349, 714, 365
9317, 379, 688, 309
9318, 325, 610, 285
9319, 305, 586, 281
9320, 297, 610, 313
9321, 326, 558, 232
9322, 250, 532, 282
9323, 292, 614, 322
9324, 342, 719, 377
9325, 398, 797, 399
9326, 412, 719, 307
9327, 322, 670, 348
9328, 365, 693, 328
9329, 345, 638, 293
9330, 316, 680, 364
9331, 386, 860, 474
9332, 486, 830, 344
9333, 351, 569, 218
9334, 229, 447, 218
9335, 229, 473, 244
9336, 265, 586, 321
9337, 339, 751, 412
9338, 423, 812, 389
9339, 406, 715, 309
9340, 320, 589, 269
9341, 275, 490, 215
9342, 230, 394, 164
9343, 188, 358, 170
9344, 210, 748, 538
9345, 562, 1156, 594
9346, 605, 1026, 421
9347, 428, 663, 235
9348, 245, 463, 218
9349, 226, 397, 171
9350, 188, 362, 174
9351, 199, 504, 305
9352, 329, 862, 533
9353, 556, 1088, 532
9354, 544, 892, 348
9355, 357, 597, 240
9356, 250, 486, 236
9357, 246, 411, 165
9358, 183, 331, 148
9359, 172, 444, 272
9360, 298, 778, 480
9361, 499, 985, 486
9362, 505, 916, 411
9363, 421, 746, 325
9364, 333, 477, 144
9365, 156, 263, 107
9366, 126, 321, 195
9367, 223, 582, 359
9368, 384, 881, 497
9369, 517, 1022, 505
9370, 524, 954, 430
9371, 434, 690, 256
9372, 265, 386, 121
9373, 130, 239, 109
9374, 129, 432, 303
9375, 331, 832, 501
9376, 519, 1115, 596
9377, 612, 1005, 393
9378, 401, 666, 265
9379, 274, 455, 181
9380, 187, 344, 157
9381, 177, 398, 221
9382, 251, 665, 414
9383, 443, 1028, 585
9384, 607, 1113, 506
9385, 517, 809, 292
9386, 299, 489, 190
9387, 200, 373, 173
9388, 190, 394, 204
9389, 225, 524, 299
9390, 329, 832, 503
9391, 524, 1143, 619
9392, 634, 1014, 380
9393, 388, 620, 232
9394, 240, 367, 127
9395, 140, 310, 170
9396, 190, 505, 315
9397, 339, 756, 417
9398, 437, 873, 436
9399, 452, 879, 427
9400, 437, 778, 341
9401, 351, 547, 196
9402, 210, 294, 84
9403, 104, 329, 225
9404, 241, 574, 333
9405, 360, 797, 437
9406, 464, 1046, 582
9407, 593, 1010, 417
9408, 424, 660, 236
9409, 243, 363, 120
9410, 132, 242, 110
9411, 132, 363, 231
9412, 259, 797, 538
9413, 554, 1106, 552
9414, 567, 1040, 473
9415, 479, 753, 274
9416, 281, 435, 154
9417, 166, 288, 122
9418, 141, 312, 171
9419, 197, 555, 358
9420, 383, 887, 504
9421, 528, 1063, 535
9422, 548, 1026, 478
9423, 487, 682, 195
9424, 200, 327, 127
9425, 139, 269, 130
9426, 151, 400, 249
9427, 278, 740, 462
9428, 491, 1086, 595
9429, 608, 1024, 416
9430, 435, 715, 280
9431, 289, 520, 231
9432, 244, 422, 178
9433, 193, 396, 203
9434, 220, 552, 332
9435, 354, 818, 464
9436, 477, 950, 473
9437, 487, 830, 343
9438, 357, 648, 291
9439, 299, 552, 253
9440, 263, 471, 208
9441, 231, 509, 278
9442, 291, 637, 346
9443, 372, 800, 428
9444, 443, 872, 429
9445, 437, 702, 265
9446, 284, 504, 220
9447, 237, 462, 225
9448, 239, 561, 322
9449, 340, 644, 304
9450, 332, 723, 391
9451, 411, 822, 411
9452, 430, 781, 351
9453, 367, 617, 250
9454, 258, 429, 171
9455, 193, 433, 240
9456, 256, 663, 407
9457, 429, 832, 403
9458, 424, 906, 482
9459, 496, 896, 400
9460, 407, 667, 260
9461, 274, 420, 146
9462, 164, 353, 189
9463, 214, 522, 308
9464, 326, 742, 416
9465, 437, 915, 478
9466, 493, 930, 437
9467, 454, 757, 303
9468, 316, 510, 194
9469, 209, 387, 178
9470, 197, 390, 193
9471, 218, 598, 380
9472, 401, 880, 479
9473, 500, 925, 425
9474, 435, 820, 385
9475, 398, 690, 292
9476, 310, 513, 203
9477, 219, 395, 176
9478, 186, 402, 216
9479, 233, 530, 297
9480, 317, 692, 375
9481, 388, 792, 404
9482, 420, 743, 323
9483, 343, 656, 313
9484, 318, 651, 333
9485, 345, 641, 296
9486, 303, 573, 270
9487, 288, 596, 308
9488, 327, 699, 372
9489, 388, 805, 417
9490, 436, 760, 324
9491, 341, 682, 341
9492, 352, 664, 312
9493, 325, 636, 311
9494, 328, 683, 355
9495, 362, 629, 267
9496, 284, 547, 263
9497, 274, 570, 296
9498, 318, 646, 328
9499, 350, 765, 415
9500, 434, 847, 413
9501, 428, 833, 405
9502, 418, 707, 289
9503, 295, 515, 220
9504, 232, 470, 238
9505, 252, 550, 298
9506, 315, 574, 259
9507, 282, 587, 305
9508, 327, 787, 460
9509, 477, 926, 449
9510, 460, 794, 334
9511, 351, 677, 326
9512, 336, 567, 231
9513, 250, 480, 230
9514, 242, 421, 179
9515, 197, 457, 260
9516, 280, 687, 407
9517, 430, 951, 521
9518, 538, 1030, 492
9519, 504, 786, 282
9520, 291, 513, 222
9521, 232, 437, 205
9522, 224, 467, 243
9523, 264, 650, 386
9524, 404, 839, 435
9525, 453, 847, 394
9526, 402, 810, 408
9527, 420, 657, 237
9528, 249, 443, 194
9529, 212, 507, 295
9530, 309, 638, 329
9531, 352, 718, 366
9532, 388, 746, 358
9533, 375, 735, 360
9534, 372, 712, 340
9535, 354, 580, 226
9536, 244, 457, 213
9537, 229, 496, 267
9538, 285, 654, 369
9539, 395, 812, 417
9540, 436, 905, 469
9541, 478, 854, 376
9542, 386, 591, 205
9543, 222, 419, 197
9544, 213, 454, 241
9545, 255, 592, 337
9546, 353, 696, 343
9547, 370, 847, 477
9548, 489, 896, 407
9549, 412, 694, 282
9550, 291, 461, 170
9551, 189, 372, 183
9552, 198, 498, 300
9553, 319, 653, 334
9554, 359, 762, 403
9555, 418, 888, 470
9556, 480, 863, 383
9557, 390, 632, 242
9558, 253, 455, 202
9559, 225, 496, 271
9560, 288, 647, 359
9561, 377, 769, 392
9562, 414, 833, 419
9563, 436, 864, 428
9564, 433, 760, 327
9565, 334, 512, 178
9566, 190, 355, 165
9567, 188, 528, 340
9568, 362, 829, 467
9569, 489, 967, 478
9570, 500, 972, 472
9571, 483, 796, 313
9572, 321, 498, 177
9573, 183, 290, 107
9574, 123, 282, 159
9575, 185, 501, 316
9576, 341, 868, 527
9577, 551, 1175, 624
9578, 648, 1031, 383
9579, 389, 616, 227
9580, 235, 312, 77
9581, 86, 219, 133
9582, 149, 419, 270
9583, 294, 724, 430
9584, 456, 975, 519
9585, 540, 1029, 489
9586, 498, 858, 360
9587, 366, 493, 127
9588, 143, 242, 99
9589, 113, 347, 234
9590, 254, 667, 413
9591, 441, 946, 505
9592, 525, 1080, 555
9593, 568, 941, 373
9594, 378, 573, 195
9595, 205, 271, 66
9596, 78, 173, 95
9597, 120, 393, 273
9598, 293, 723, 430
9599, 457, 1093, 636
9600, 661, 1192, 531
9601, 538, 803, 265
9602, 268, 384, 116
9603, 124, 168, 44
9604, 61, 153, 92
9605, 114, 375, 261
9606, 292, 884, 592
9607, 621, 1306, 685
9608, 698, 1166, 468
9609, 476, 682, 206
9610, 207, 240, 33
9611, 47, 108, 61
9612, 82, 285, 203
9613, 230, 719, 489
9614, 521, 1176, 655
9615, 677, 1198, 521
9616, 526, 790, 264
9617, 271, 423, 152
9618, 162, 230, 68
9619, 81, 220, 139
9620, 168, 544, 376
9621, 402, 1055, 653
9622, 681, 1225, 544
9623, 558, 878, 320
9624, 327, 517, 190
9625, 196, 297, 101
9626, 115, 182, 67
9627, 90, 303, 213
9628, 237, 798, 561
9629, 592, 1305, 713
9630, 727, 1191, 464
9631, 474, 727, 253
9632, 258, 379, 121
9633, 128, 210, 82
9634, 95, 254, 159
9635, 186, 531, 345
9636, 378, 931, 553
9637, 583, 1235, 652
9638, 663, 1125, 462
9639, 469, 613, 144
9640, 152, 257, 105
9641, 119, 267, 148
9642, 168, 506, 338
9643, 364, 874, 510
9644, 539, 1201, 662
9645, 681, 1134, 453
9646, 460, 599, 139
9647, 144, 205, 61
9648, 74, 233, 159
9649, 177, 444, 267
9650, 294, 772, 478
9651, 500, 1069, 569
9652, 585, 1063, 478
9653, 494, 812, 318
9654, 322, 400, 78
9655, 87, 109, 22
9656, 36, 129, 93
9657, 124, 456, 332
9658, 356, 916, 560
9659, 598, 1198, 600
9660, 624, 1242, 618
9661, 627, 758, 131
9662, 136, 168, 32
9663, 39, 121, 82
9664, 99, 309, 210
9665, 241, 641, 400
9666, 429, 953, 524
9667, 553, 1073, 520
9668, 540, 976, 436
9669, 439, 588, 149
9670, 151, 170, 19
9671, 28, 40, 12
9672, 39, 202, 163
9673, 195, 716, 521
9674, 554, 1237, 683
9675, 707, 1177, 470
9676, 478, 804, 326
9677, 330, 453, 123
9678, 130, 183, 53
9679, 65, 182, 117
9680, 144, 455, 311
9681, 352, 943, 591
9682, 616, 1222, 606
9683, 626, 976, 350
9684, 357, 569, 212
9685, 218, 336, 118
9686, 132, 207, 75
9687, 93, 260, 167
9688, 193, 557, 364
9689, 397, 1024, 627
9690, 648, 1203, 555
9691, 569, 863, 294
9692, 300, 525, 225
9693, 229, 330, 101
9694, 107, 148, 41
9695, 59, 149, 90
9696, 117, 476, 359
9697, 384, 994, 610
9698, 646, 1248, 602
9699, 617, 1047, 430
9700, 438, 639, 201
9701, 202, 273, 71
9702, 77, 89, 12
9703, 36, 126, 90
9704, 124, 537, 413
9705, 447, 1138, 691
9706, 715, 1357, 642
9707, 653, 1072, 419
9708, 424, 533, 109
9709, 109, 114, 5
9710, 11, 36, 25
9711, 46, 197, 151
9712, 179, 604, 425
9713, 468, 1172, 704
9714, 727, 1432, 705
9715, 708, 948, 240
9716, 246, 341, 95
9717, 97, 123, 26
9718, 42, 131, 89
9719, 119, 392, 273
9720, 293, 731, 438
9721, 474, 1048, 574
9722, 597, 1153, 556
9723, 564, 839, 275
9724, 283, 412, 129
9725, 141, 221, 80
9726, 106, 365, 259
9727, 278, 734, 456
9728, 484, 1012, 528
9729, 547, 1087, 540
9730, 553, 837, 284
9731, 285, 448, 163
9732, 166, 250, 84
9733, 102, 200, 98
9734, 128, 446, 318
9735, 354, 900, 546
9736, 578, 1202, 624
9737, 636, 1027, 391
9738, 399, 654, 255
9739, 261, 381, 120
9740, 128, 239, 111
9741, 137, 384, 247
9742, 268, 606, 338
9743, 362, 858, 496
9744, 527, 1153, 626
9745, 639, 1085, 446
9746, 453, 599, 146
9747, 153, 220, 67
9748, 80, 171, 91
9749, 116, 331, 215
9750, 237, 573, 336
9751, 368, 816, 448
9752, 470, 1082, 612
9753, 626, 1018, 392
9754, 402, 603, 201
9755, 214, 385, 171
9756, 188, 383, 195
9757, 214, 558, 344
9758, 369, 761, 392
9759, 419, 949, 530
9760, 546, 980, 434
9761, 447, 690, 243
9762, 253, 423, 170
9763, 185, 358, 173
9764, 196, 532, 336
9765, 364, 771, 407
9766, 424, 883, 459
9767, 473, 831, 358
9768, 373, 725, 352
9769, 364, 667, 303
9770, 309, 473, 164
9771, 176, 349, 173
9772, 199, 545, 346
9773, 378, 957, 579
9774, 601, 1066, 465
9775, 475, 753, 278
9776, 293, 550, 257
9777, 271, 530, 259
9778, 269, 477, 208
9779, 235, 536, 301
9780, 317, 732, 415
9781, 424, 774, 350
9782, 366, 715, 349
9783, 373, 734, 361
9784, 376, 609, 233
9785, 246, 460, 214
9786, 234, 580, 346
9787, 364, 730, 366
9788, 394, 860, 466
9789, 477, 852, 375
9790, 386, 651, 265
9791, 274, 444, 170
9792, 188, 379, 191
9793, 219, 590, 371
9794, 391, 914, 523
9795, 541, 973, 432
9796, 450, 820, 370
9797, 379, 618, 239
9798, 252, 435, 183
9799, 193, 310, 117
9800, 140, 334, 194
9801, 223, 650, 427
9802, 448, 1023, 575
9803, 591, 1106, 515
9804, 531, 914, 383
9805, 385, 597, 212
9806, 215, 327, 112
9807, 122, 238, 116
9808, 142, 390, 248
9809, 275, 754, 479
9810, 510, 1090, 580
9811, 595, 982, 387
9812, 400, 659, 259
9813, 267, 479, 212
9814, 224, 390, 166
9815, 182, 321, 139
9816, 158, 437, 279
9817, 307, 766, 459
9818, 480, 1083, 603
9819, 625, 1033, 408
9820, 422, 736, 314
9821, 323, 508, 185
9822, 196, 361, 165
9823, 175, 435, 260
9824, 282, 606, 324
9825, 350, 818, 468
9826, 493, 1051, 558
9827, 574, 960, 386
9828, 395, 527, 132
9829, 147, 303, 156
9830, 171, 384, 213
9831, 241, 557, 316
9832, 343, 779, 436
9833, 458, 896, 438
9834, 457, 942, 485
9835, 497, 793, 296
9836, 301, 462, 161
9837, 173, 332, 159
9838, 173, 431, 258
9839, 279, 649, 370
9840, 393, 901, 508
9841, 535, 1046, 511
9842, 520, 915, 395
9843, 403, 638, 235
9844, 247, 397, 150
9845, 168, 387, 219
9846, 245, 635, 390
9847, 414, 872, 458
9848, 476, 900, 424
9849, 438, 736, 298
9850, 309, 572, 263
9851, 277, 498, 221
9852, 231, 467, 236
9853, 256, 513, 257
9854, 276, 678, 402
9855, 417, 858, 441
9856, 452, 777, 325
9857, 343, 588, 245
9858, 253, 531, 278
9859, 294, 492, 198
9860, 221, 552, 331
9861, 346, 740, 394
9862, 414, 819, 405
9863, 420, 792, 372
9864, 389, 713, 324
9865, 338, 597, 259
9866, 274, 475, 201
9867, 218, 430, 212
9868, 233, 581, 348
9869, 365, 814, 449
9870, 466, 884, 418
9871, 435, 819, 384
9872, 394, 674, 280
9873, 288, 449, 161
9874, 176, 325, 149
9875, 174, 446, 272
9876, 295, 706, 411
9877, 435, 919, 484
9878, 503, 1022, 519
9879, 529, 904, 375
9880, 382, 566, 184
9881, 192, 257, 65
9882, 86, 281, 195
9883, 211, 559, 348
9884, 376, 798, 422
9885, 440, 916, 476
9886, 489, 887, 398
9887, 407, 637, 230
9888, 240, 372, 132
9889, 143, 318, 175
9890, 188, 429, 241
9891, 260, 647, 387
9892, 415, 998, 583
9893, 598, 1135, 537
9894, 549, 838, 289
9895, 296, 467, 171
9896, 177, 275, 98
9897, 116, 234, 118
9898, 142, 391, 249
9899, 279, 813, 534
9900, 563, 1205, 642
9901, 657, 1140, 483
9902, 492, 757, 265
9903, 269, 388, 119
9904, 127, 236, 109
9905, 129, 380, 251
9906, 275, 710, 435
9907, 463, 1091, 628
9908, 646, 1186, 540
9909, 548, 826, 278
9910, 280, 423, 143
9911, 154, 263, 109
9912, 126, 338, 212
9913, 230, 530, 300
9914, 320, 816, 496
9915, 521, 1099, 578
9916, 591, 1024, 433
9917, 440, 666, 226
9918, 234, 319, 85
9919, 91, 169, 78
9920, 100, 309, 209
9921, 239, 684, 445
9922, 465, 1077, 612
9923, 635, 1168, 533
9924, 541, 877, 336
9925, 343, 480, 137
9926, 144, 228, 84
9927, 94, 183, 89
9928, 117, 398, 281
9929, 308, 856, 548
9930, 577, 1249, 672
9931, 693, 1276, 583
9932, 587, 716, 129
9933, 134, 176, 42
9934, 52, 122, 70
9935, 91, 237, 146
9936, 173, 554, 381
9937, 412, 1048, 636
9938, 648, 1260, 612
9939, 621, 996, 375
9940, 377, 489, 112
9941, 121, 196, 75
9942, 86, 229, 143
9943, 170, 505, 335
9944, 357, 838, 481
9945, 511, 1175, 664
9946, 682, 1120, 438
9947, 441, 650, 209
9948, 213, 300, 87
9949, 98, 146, 48
9950, 65, 264, 199
9951, 231, 620, 389
9952, 425, 1024, 599
9953, 638, 1249, 611
9954, 627, 1007, 380
9955, 383, 499, 116
9956, 122, 147, 25
9957, 32, 95, 63
9958, 94, 383, 289
9959, 321, 930, 609
9960, 639, 1340, 701
9961, 712, 1168, 456
9962, 462, 626, 164
9963, 166, 235, 69
9964, 77, 133, 56
9965, 71, 191, 120
9966, 154, 485, 331
9967, 359, 951, 592
9968, 618, 1187, 569
9969, 578, 960, 382
9970, 391, 656, 265
9971, 271, 365, 94
9972, 103, 188, 85
9973, 107, 262, 155
9974, 185, 523, 338
9975, 378, 996, 618
9976, 646, 1258, 612
9977, 623, 997, 374
9978, 385, 514, 129
9979, 133, 213, 80
9980, 88, 180, 92
9981, 124, 349, 225
9982, 254, 762, 508
9983, 538, 1184, 646
9984, 662, 1207, 545
9985, 553, 802, 249
9986, 253, 332, 79
9987, 86, 155, 69
9988, 99, 325, 226
9989, 257, 748, 491
9990, 515, 1210, 695
9991, 709, 1223, 514
9992, 521, 821, 300
9993, 305, 397, 92
9994, 99, 150, 51
9995, 67, 195, 128
9996, 154, 491, 337
9997, 365, 967, 602
9998, 623, 1204, 581
9999, 595, 967, 372
