time_steps,spikes_input,spikes_total,spikes_neighbors
0, 47, 285, 238
1, 285, 2092, 1807
2, 1816, 2168, 352
3, 352, 352, 0
4, 0, 0, 0
5, 2, 2, 0
6, 12, 12, 0
7, 42, 212, 170
8, 219, 1771, 1552
9, 1566, 2225, 659
10, 660, 661, 1
11, 2, 2, 0
12, 0, 0, 0
13, 8, 10, 2
14, 54, 276, 222
15, 272, 2030, 1758
16, 1762, 2166, 404
17, 404, 404, 0
18, 1, 1, 0
19, 1, 1, 0
20, 3, 3, 0
21, 43, 215, 172
22, 210, 1710, 1500
23, 1507, 2243, 736
24, 736, 737, 1
25, 1, 1, 0
26, 0, 0, 0
27, 8, 10, 2
28, 43, 207, 164
29, 210, 1738, 1528
30, 1545, 2239, 694
31, 694, 694, 0
32, 0, 0, 0
33, 1, 1, 0
34, 6, 6, 0
35, 39, 154, 115
36, 158, 1361, 1203
37, 1223, 2296, 1073
38, 1073, 1074, 1
39, 1, 1, 0
40, 2, 2, 0
41, 1, 1, 0
42, 24, 72, 48
43, 79, 625, 546
44, 587, 2376, 1789
45, 1789, 1809, 20
46, 20, 20, 0
47, 1, 1, 0
48, 0, 0, 0
49, 12, 21, 9
50, 62, 421, 359
51, 401, 2313, 1912
52, 1915, 2025, 110
53, 110, 110, 0
54, 0, 0, 0
55, 2, 2, 0
56, 8, 10, 2
57, 50, 310, 260
58, 307, 2131, 1824
59, 1835, 2133, 298
60, 298, 300, 2
61, 3, 3, 0
62, 0, 0, 0
63, 9, 13, 4
64, 53, 308, 255
65, 309, 2136, 1827
66, 1833, 2129, 296
67, 296, 296, 0
68, 1, 1, 0
69, 1, 1, 0
70, 8, 10, 2
71, 46, 258, 212
72, 260, 1990, 1730
73, 1740, 2185, 445
74, 445, 446, 1
75, 1, 1, 0
76, 1, 1, 0
77, 8, 9, 1
78, 50, 280, 230
79, 276, 2061, 1785
80, 1796, 2165, 369
81, 369, 370, 1
82, 2, 2, 0
83, 0, 0, 0
84, 11, 15, 4
85, 53, 306, 253
86, 306, 2136, 1830
87, 1836, 2130, 294
88, 294, 294, 0
89, 1, 1, 0
90, 0, 0, 0
91, 6, 7, 1
92, 39, 192, 153
93, 203, 1680, 1477
94, 1490, 2252, 762
95, 762, 762, 0
96, 0, 0, 0
97, 1, 1, 0
98, 11, 12, 1
99, 32, 128, 96
100, 138, 1206, 1068
101, 1084, 2318, 1234
102, 1234, 1235, 1
103, 1, 1, 0
104, 4, 4, 0
105, 4, 4, 0
106, 34, 99, 65
107, 126, 1063, 937
108, 977, 2331, 1354
109, 1354, 1359, 5
110, 5, 5, 0
111, 0, 0, 0
112, 3, 4, 1
113, 23, 63, 40
114, 83, 657, 574
115, 610, 2374, 1764
116, 1764, 1781, 17
117, 17, 17, 0
118, 1, 1, 0
119, 0, 0, 0
120, 12, 21, 9
121, 64, 452, 388
122, 425, 2330, 1905
123, 1906, 1999, 93
124, 93, 93, 0
125, 0, 0, 0
126, 2, 2, 0
127, 11, 16, 5
128, 50, 316, 266
129, 309, 2151, 1842
130, 1846, 2128, 282
131, 282, 284, 2
132, 2, 2, 0
133, 1, 1, 0
134, 6, 6, 0
135, 51, 287, 236
136, 281, 2058, 1777
137, 1784, 2161, 377
138, 377, 378, 1
139, 1, 1, 0
140, 1, 1, 0
141, 7, 8, 1
142, 45, 238, 193
143, 240, 1901, 1661
144, 1672, 2207, 535
145, 535, 536, 1
146, 1, 1, 0
147, 2, 2, 0
148, 1, 1, 0
149, 50, 249, 199
150, 255, 1966, 1711
151, 1719, 2192, 473
152, 473, 475, 2
153, 2, 2, 0
154, 1, 1, 0
155, 16, 21, 5
156, 36, 167, 131
157, 173, 1484, 1311
158, 1329, 2274, 945
159, 945, 946, 1
160, 1, 1, 0
161, 1, 1, 0
162, 5, 5, 0
163, 35, 154, 119
164, 175, 1510, 1335
165, 1356, 2284, 928
166, 928, 929, 1
167, 2, 2, 0
168, 0, 0, 0
169, 3, 4, 1
170, 25, 76, 51
171, 111, 948, 837
172, 865, 2361, 1496
173, 1496, 1496, 0
174, 0, 0, 0
175, 0, 0, 0
176, 2, 2, 0
177, 20, 38, 18
178, 68, 488, 420
179, 476, 2351, 1875
180, 1876, 1934, 58
181, 58, 58, 0
182, 0, 0, 0
183, 0, 0, 0
184, 7, 9, 2
185, 51, 320, 269
186, 312, 2151, 1839
187, 1843, 2130, 287
188, 287, 287, 0
189, 0, 0, 0
190, 5, 5, 0
191, 9, 11, 2
192, 40, 218, 178
193, 234, 1867, 1633
194, 1649, 2212, 563
195, 563, 568, 5
196, 6, 6, 0
197, 0, 0, 0
198, 2, 2, 0
199, 38, 166, 128
200, 172, 1455, 1283
201, 1301, 2288, 987
202, 987, 987, 0
203, 0, 0, 0
204, 1, 1, 0
205, 4, 4, 0
206, 30, 98, 68
207, 112, 947, 835
208, 865, 2352, 1487
209, 1487, 1489, 2
210, 2, 2, 0
211, 0, 0, 0
212, 2, 2, 0
213, 18, 37, 19
214, 77, 598, 521
215, 564, 2380, 1816
216, 1816, 1839, 23
217, 23, 23, 0
218, 1, 1, 0
219, 0, 0, 0
220, 16, 31, 15
221, 65, 468, 403
222, 444, 2345, 1901
223, 1901, 1975, 74
224, 74, 74, 0
225, 1, 1, 0
226, 0, 0, 0
227, 6, 9, 3
228, 45, 268, 223
229, 275, 2019, 1744
230, 1749, 2174, 425
231, 425, 425, 0
232, 0, 0, 0
233, 1, 1, 0
234, 8, 14, 6
235, 39, 224, 185
236, 226, 1832, 1606
237, 1615, 2226, 611
238, 611, 612, 1
239, 1, 1, 0
240, 3, 3, 0
241, 7, 8, 1
242, 37, 168, 131
243, 182, 1555, 1373
244, 1392, 2271, 879
245, 879, 882, 3
246, 3, 3, 0
247, 2, 2, 0
248, 3, 3, 0
249, 30, 110, 80
250, 138, 1187, 1049
251, 1073, 2327, 1254
252, 1254, 1256, 2
253, 2, 2, 0
254, 0, 0, 0
255, 4, 4, 0
256, 16, 37, 21
257, 70, 510, 440
258, 473, 2350, 1877
259, 1878, 1937, 59
260, 59, 59, 0
261, 1, 1, 0
262, 2, 2, 0
263, 11, 14, 3
264, 44, 239, 195
265, 238, 1888, 1650
266, 1660, 2205, 545
267, 545, 547, 2
268, 2, 2, 0
269, 1, 1, 0
270, 5, 5, 0
271, 42, 184, 142
272, 195, 1612, 1417
273, 1438, 2257, 819
274, 819, 820, 1
275, 1, 1, 0
276, 1, 1, 0
277, 4, 5, 1
278, 36, 135, 99
279, 148, 1289, 1141
280, 1161, 2311, 1150
281, 1150, 1151, 1
282, 1, 1, 0
283, 3, 3, 0
284, 3, 3, 0
285, 19, 54, 35
286, 87, 686, 599
287, 631, 2378, 1747
288, 1747, 1760, 13
289, 13, 13, 0
290, 0, 0, 0
291, 3, 3, 0
292, 13, 21, 8
293, 63, 433, 370
294, 414, 2315, 1901
295, 1904, 2007, 103
296, 103, 103, 0
297, 1, 1, 0
298, 2, 2, 0
299, 10, 11, 1
300, 54, 354, 300
301, 333, 2183, 1850
302, 1855, 2101, 246
303, 246, 247, 1
304, 1, 1, 0
305, 1, 1, 0
306, 5, 5, 0
307, 47, 242, 195
308, 244, 1944, 1700
309, 1712, 2203, 491
310, 491, 492, 1
311, 1, 1, 0
312, 0, 0, 0
313, 8, 9, 1
314, 43, 225, 182
315, 223, 1819, 1596
316, 1607, 2226, 619
317, 619, 619, 0
318, 0, 0, 0
319, 1, 1, 0
320, 5, 6, 1
321, 40, 201, 161
322, 225, 1816, 1591
323, 1609, 2229, 620
324, 620, 621, 1
325, 1, 1, 0
326, 0, 0, 0
327, 3, 3, 0
328, 40, 172, 132
329, 176, 1521, 1345
330, 1369, 2281, 912
331, 912, 912, 0
332, 0, 0, 0
333, 0, 0, 0
334, 2, 2, 0
335, 33, 123, 90
336, 133, 1154, 1021
337, 1043, 2332, 1289
338, 1289, 1289, 0
339, 0, 0, 0
340, 0, 0, 0
341, 4, 4, 0
342, 30, 89, 59
343, 105, 875, 770
344, 800, 2360, 1560
345, 1560, 1561, 1
346, 1, 1, 0
347, 1, 1, 0
348, 4, 4, 0
349, 14, 27, 13
350, 60, 409, 349
351, 396, 2286, 1890
352, 1892, 2026, 134
353, 134, 135, 1
354, 1, 1, 0
355, 0, 0, 0
356, 7, 8, 1
357, 46, 263, 217
358, 265, 1993, 1728
359, 1734, 2182, 448
360, 448, 448, 0
361, 0, 0, 0
362, 3, 3, 0
363, 11, 11, 0
364, 36, 174, 138
365, 183, 1574, 1391
366, 1408, 2267, 859
367, 859, 862, 3
368, 3, 3, 0
369, 1, 1, 0
370, 3, 3, 0
371, 41, 158, 117
372, 164, 1410, 1246
373, 1269, 2291, 1022
374, 1022, 1023, 1
375, 1, 1, 0
376, 1, 1, 0
377, 6, 7, 1
378, 30, 100, 70
379, 119, 1053, 934
380, 961, 2344, 1383
381, 1383, 1384, 1
382, 1, 1, 0
383, 0, 0, 0
384, 3, 3, 0
385, 16, 35, 19
386, 59, 391, 332
387, 373, 2251, 1878
388, 1880, 2049, 169
389, 169, 172, 3
390, 3, 3, 0
391, 1, 1, 0
392, 10, 12, 2
393, 52, 317, 265
394, 311, 2117, 1806
395, 1814, 2126, 312
396, 312, 313, 1
397, 1, 1, 0
398, 2, 2, 0
399, 10, 12, 2
400, 53, 302, 249
401, 287, 2081, 1794
402, 1802, 2148, 346
403, 346, 348, 2
404, 2, 2, 0
405, 1, 1, 0
406, 6, 9, 3
407, 36, 167, 131
408, 175, 1512, 1337
409, 1357, 2282, 925
410, 925, 926, 1
411, 1, 1, 0
412, 1, 1, 0
413, 5, 6, 1
414, 34, 112, 78
415, 130, 1118, 988
416, 1015, 2330, 1315
417, 1315, 1316, 1
418, 1, 1, 0
419, 0, 0, 0
420, 3, 3, 0
421, 29, 89, 60
422, 115, 993, 878
423, 910, 2353, 1443
424, 1443, 1443, 0
425, 0, 0, 0
426, 1, 1, 0
427, 1, 1, 0
428, 26, 56, 30
429, 86, 692, 606
430, 641, 2375, 1734
431, 1735, 1746, 11
432, 11, 11, 0
433, 0, 0, 0
434, 1, 1, 0
435, 14, 23, 9
436, 49, 296, 247
437, 297, 2088, 1791
438, 1807, 2139, 332
439, 332, 333, 1
440, 2, 2, 0
441, 0, 0, 0
442, 8, 8, 0
443, 40, 188, 148
444, 204, 1697, 1493
445, 1516, 2248, 732
446, 732, 732, 0
447, 0, 0, 0
448, 1, 1, 0
449, 4, 4, 0
450, 36, 154, 118
451, 170, 1445, 1275
452, 1293, 2289, 996
453, 996, 997, 1
454, 1, 1, 0
455, 0, 0, 0
456, 1, 1, 0
457, 24, 71, 47
458, 90, 715, 625
459, 652, 2375, 1723
460, 1724, 1733, 9
461, 9, 9, 0
462, 0, 0, 0
463, 2, 3, 1
464, 12, 20, 8
465, 68, 480, 412
466, 459, 2364, 1905
467, 1905, 1959, 54
468, 54, 55, 1
469, 2, 2, 0
470, 0, 0, 0
471, 17, 29, 12
472, 54, 362, 308
473, 350, 2228, 1878
474, 1884, 2079, 195
475, 195, 195, 0
476, 0, 0, 0
477, 2, 2, 0
478, 10, 16, 6
479, 53, 338, 285
480, 329, 2195, 1866
481, 1869, 2106, 237
482, 237, 238, 1
483, 1, 1, 0
484, 3, 3, 0
485, 9, 9, 0
486, 51, 301, 250
487, 297, 2104, 1807
488, 1818, 2140, 322
489, 322, 325, 3
490, 3, 3, 0
491, 2, 2, 0
492, 5, 5, 0
493, 51, 310, 259
494, 309, 2130, 1821
495, 1827, 2133, 306
496, 306, 308, 2
497, 2, 2, 0
498, 0, 0, 0
499, 6, 8, 2
500, 41, 208, 167
501, 218, 1761, 1543
502, 1559, 2235, 676
503, 676, 676, 0
504, 0, 0, 0
505, 1, 1, 0
506, 6, 8, 2
507, 39, 167, 128
508, 177, 1530, 1353
509, 1377, 2277, 900
510, 900, 901, 1
511, 1, 1, 0
512, 2, 2, 0
513, 5, 5, 0
514, 33, 119, 86
515, 127, 1108, 981
516, 1011, 2333, 1322
517, 1322, 1324, 2
518, 2, 2, 0
519, 1, 1, 0
520, 6, 6, 0
521, 23, 64, 41
522, 93, 770, 677
523, 712, 2375, 1663
524, 1663, 1666, 3
525, 3, 3, 0
526, 1, 1, 0
527, 3, 3, 0
528, 16, 26, 10
529, 59, 417, 358
530, 390, 2298, 1908
531, 1909, 2032, 123
532, 123, 125, 2
533, 2, 2, 0
534, 1, 1, 0
535, 9, 10, 1
536, 70, 490, 420
537, 465, 2348, 1883
538, 1884, 1955, 71
539, 71, 71, 0
540, 0, 0, 0
541, 2, 2, 0
542, 8, 13, 5
543, 45, 269, 224
544, 283, 2089, 1806
545, 1811, 2162, 351
546, 351, 353, 2
547, 2, 2, 0
548, 1, 1, 0
549, 6, 6, 0
550, 48, 267, 219
551, 255, 1942, 1687
552, 1697, 2190, 493
553, 493, 494, 1
554, 2, 2, 0
555, 0, 0, 0
556, 5, 5, 0
557, 34, 152, 118
558, 165, 1437, 1272
559, 1281, 2296, 1015
560, 1015, 1015, 0
561, 0, 0, 0
562, 2, 2, 0
563, 4, 4, 0
564, 17, 40, 23
565, 67, 486, 419
566, 455, 2330, 1875
567, 1876, 1957, 81
568, 81, 82, 1
569, 1, 1, 0
570, 1, 1, 0
571, 9, 12, 3
572, 71, 507, 436
573, 465, 2355, 1890
574, 1890, 1954, 64
575, 64, 64, 0
576, 1, 1, 0
577, 1, 1, 0
578, 11, 12, 1
579, 49, 332, 283
580, 321, 2164, 1843
581, 1852, 2118, 266
582, 266, 267, 1
583, 1, 1, 0
584, 1, 1, 0
585, 10, 12, 2
586, 48, 260, 212
587, 251, 1937, 1686
588, 1693, 2190, 497
589, 497, 498, 1
590, 1, 1, 0
591, 4, 4, 0
592, 7, 8, 1
593, 52, 286, 234
594, 273, 2033, 1760
595, 1768, 2164, 396
596, 396, 400, 4
597, 4, 4, 0
598, 0, 0, 0
599, 9, 10, 1
600, 39, 169, 130
601, 177, 1527, 1350
602, 1373, 2275, 902
603, 902, 902, 0
604, 1, 1, 0
605, 0, 0, 0
606, 2, 2, 0
607, 37, 160, 123
608, 183, 1553, 1370
609, 1388, 2278, 890
610, 890, 890, 0
611, 0, 0, 0
612, 3, 3, 0
613, 3, 3, 0
614, 39, 159, 120
615, 161, 1382, 1221
616, 1248, 2294, 1046
617, 1046, 1049, 3
618, 3, 3, 0
619, 0, 0, 0
620, 8, 10, 2
621, 27, 81, 54
622, 93, 740, 647
623, 687, 2367, 1680
624, 1680, 1685, 5
625, 6, 6, 0
626, 2, 2, 0
627, 3, 3, 0
628, 17, 33, 16
629, 79, 601, 522
630, 552, 2369, 1817
631, 1817, 1849, 32
632, 32, 32, 0
633, 1, 1, 0
634, 0, 0, 0
635, 12, 16, 4
636, 51, 332, 281
637, 322, 2201, 1879
638, 1887, 2115, 228
639, 228, 228, 0
640, 0, 0, 0
641, 0, 0, 0
642, 8, 10, 2
643, 44, 240, 196
644, 249, 1954, 1705
645, 1715, 2199, 484
646, 484, 484, 0
647, 0, 0, 0
648, 0, 0, 0
649, 10, 12, 2
650, 41, 195, 154
651, 204, 1710, 1506
652, 1521, 2245, 724
653, 724, 724, 0
654, 0, 0, 0
655, 0, 0, 0
656, 5, 6, 1
657, 33, 136, 103
658, 142, 1252, 1110
659, 1131, 2320, 1189
660, 1189, 1189, 0
661, 0, 0, 0
662, 1, 1, 0
663, 5, 5, 0
664, 28, 71, 43
665, 91, 751, 660
666, 687, 2367, 1680
667, 1680, 1689, 9
668, 9, 9, 0
669, 1, 1, 0
670, 5, 5, 0
671, 13, 22, 9
672, 66, 470, 404
673, 449, 2329, 1880
674, 1882, 1967, 85
675, 85, 86, 1
676, 1, 1, 0
677, 1, 1, 0
678, 4, 5, 1
679, 60, 409, 349
680, 378, 2292, 1914
681, 1919, 2057, 138
682, 138, 139, 1
683, 1, 1, 0
684, 2, 2, 0
685, 11, 14, 3
686, 43, 234, 191
687, 234, 1847, 1613
688, 1624, 2210, 586
689, 586, 588, 2
690, 3, 3, 0
691, 3, 3, 0
692, 6, 7, 1
693, 45, 205, 160
694, 202, 1700, 1498
695, 1505, 2244, 739
696, 739, 742, 3
697, 3, 3, 0
698, 3, 3, 0
699, 3, 3, 0
700, 43, 189, 146
701, 197, 1635, 1438
702, 1458, 2254, 796
703, 796, 799, 3
704, 3, 3, 0
705, 2, 2, 0
706, 3, 3, 0
707, 39, 171, 132
708, 186, 1567, 1381
709, 1404, 2270, 866
710, 866, 868, 2
711, 2, 2, 0
712, 0, 0, 0
713, 5, 5, 0
714, 26, 78, 52
715, 91, 733, 642
716, 668, 2369, 1701
717, 1703, 1710, 7
718, 7, 7, 0
719, 0, 0, 0
720, 4, 4, 0
721, 10, 16, 6
722, 53, 353, 300
723, 351, 2245, 1894
724, 1897, 2082, 185
725, 186, 186, 0
726, 0, 0, 0
727, 1, 1, 0
728, 12, 15, 3
729, 52, 307, 255
730, 297, 2105, 1808
731, 1817, 2138, 321
732, 321, 322, 1
733, 1, 1, 0
734, 1, 1, 0
735, 8, 10, 2
736, 48, 263, 215
737, 259, 1963, 1704
738, 1714, 2184, 470
739, 470, 471, 1
740, 1, 1, 0
741, 1, 1, 0
742, 5, 6, 1
743, 39, 191, 152
744, 197, 1676, 1479
745, 1493, 2258, 765
746, 765, 766, 1
747, 1, 1, 0
748, 1, 1, 0
749, 6, 6, 0
750, 47, 227, 180
751, 222, 1804, 1582
752, 1601, 2224, 623
753, 623, 624, 1
754, 1, 1, 0
755, 2, 2, 0
756, 8, 10, 2
757, 38, 162, 124
758, 168, 1445, 1277
759, 1303, 2284, 981
760, 981, 983, 2
761, 2, 2, 0
762, 2, 2, 0
763, 9, 13, 4
764, 44, 186, 142
765, 202, 1673, 1471
766, 1491, 2243, 752
767, 752, 754, 2
768, 2, 2, 0
769, 0, 0, 0
770, 8, 12, 4
771, 37, 152, 115
772, 163, 1402, 1239
773, 1253, 2292, 1039
774, 1039, 1039, 0
775, 0, 0, 0
776, 2, 2, 0
777, 4, 4, 0
778, 39, 131, 92
779, 149, 1280, 1131
780, 1150, 2306, 1156
781, 1156, 1158, 2
782, 2, 2, 0
783, 1, 1, 0
784, 4, 4, 0
785, 31, 105, 74
786, 119, 997, 878
787, 908, 2345, 1437
788, 1437, 1438, 1
789, 2, 2, 0
790, 1, 1, 0
791, 2, 2, 0
792, 22, 53, 31
793, 73, 539, 466
794, 510, 2368, 1858
795, 1859, 1893, 34
796, 34, 34, 0
797, 0, 0, 0
798, 0, 0, 0
799, 9, 12, 3
800, 52, 332, 280
801, 319, 2166, 1847
802, 1849, 2120, 271
803, 271, 271, 0
804, 0, 0, 0
805, 0, 0, 0
806, 8, 11, 3
807, 49, 285, 236
808, 286, 2069, 1783
809, 1790, 2157, 367
810, 367, 367, 0
811, 0, 0, 0
812, 2, 2, 0
813, 9, 12, 3
814, 49, 266, 217
815, 256, 1958, 1702
816, 1719, 2184, 465
817, 465, 467, 2
818, 2, 2, 0
819, 0, 0, 0
820, 6, 7, 1
821, 36, 161, 125
822, 174, 1510, 1336
823, 1352, 2284, 932
824, 932, 932, 0
825, 1, 1, 0
826, 1, 1, 0
827, 4, 4, 0
828, 40, 154, 114
829, 154, 1306, 1152
830, 1177, 2301, 1124
831, 1124, 1125, 1
832, 1, 1, 0
833, 1, 1, 0
834, 4, 4, 0
835, 29, 83, 54
836, 80, 616, 536
837, 587, 2368, 1781
838, 1781, 1800, 19
839, 19, 19, 0
840, 0, 0, 0
841, 3, 3, 0
842, 10, 16, 6
843, 57, 385, 328
844, 360, 2240, 1880
845, 1882, 2070, 188
846, 188, 190, 2
847, 2, 2, 0
848, 0, 0, 0
849, 10, 11, 1
850, 49, 297, 248
851, 300, 2104, 1804
852, 1811, 2141, 330
853, 330, 330, 0
854, 0, 0, 0
855, 1, 1, 0
856, 2, 2, 0
857, 41, 205, 164
858, 209, 1758, 1549
859, 1573, 2247, 674
860, 674, 675, 1
861, 1, 1, 0
862, 1, 1, 0
863, 7, 8, 1
864, 34, 152, 118
865, 166, 1457, 1291
866, 1308, 2292, 984
867, 984, 985, 1
868, 2, 2, 0
869, 1, 1, 0
870, 2, 2, 0
871, 36, 130, 94
872, 128, 1111, 983
873, 1010, 2332, 1322
874, 1322, 1324, 2
875, 3, 3, 0
876, 1, 1, 0
877, 6, 6, 0
878, 26, 65, 39
879, 79, 594, 515
880, 552, 2359, 1807
881, 1807, 1837, 30
882, 30, 31, 1
883, 1, 1, 0
884, 5, 5, 0
885, 12, 16, 4
886, 46, 259, 213
887, 256, 1970, 1714
888, 1727, 2181, 454
889, 454, 459, 5
890, 5, 5, 0
891, 2, 2, 0
892, 10, 12, 2
893, 50, 277, 227
894, 270, 1997, 1727
895, 1735, 2168, 433
896, 433, 435, 2
897, 2, 2, 0
898, 0, 0, 0
899, 9, 10, 1
900, 50, 260, 210
901, 248, 1899, 1651
902, 1658, 2193, 535
903, 535, 535, 0
904, 1, 1, 0
905, 1, 1, 0
906, 7, 8, 1
907, 32, 144, 112
908, 151, 1296, 1145
909, 1171, 2309, 1138
910, 1138, 1139, 1
911, 1, 1, 0
912, 0, 0, 0
913, 5, 7, 2
914, 24, 65, 41
915, 85, 658, 573
916, 610, 2376, 1766
917, 1767, 1776, 9
918, 9, 9, 0
919, 2, 2, 0
920, 3, 3, 0
921, 12, 14, 2
922, 58, 385, 327
923, 365, 2251, 1886
924, 1888, 2062, 174
925, 175, 177, 2
926, 2, 2, 0
927, 1, 1, 0
928, 5, 5, 0
929, 56, 356, 300
930, 342, 2213, 1871
931, 1874, 2096, 222
932, 222, 223, 1
933, 1, 1, 0
934, 1, 1, 0
935, 4, 5, 1
936, 51, 296, 245
937, 278, 2046, 1768
938, 1776, 2166, 390
939, 390, 391, 1
940, 1, 1, 0
941, 0, 0, 0
942, 8, 10, 2
943, 40, 200, 160
944, 203, 1701, 1498
945, 1513, 2249, 736
946, 736, 736, 0
947, 0, 0, 0
948, 0, 0, 0
949, 1, 1, 0
950, 23, 81, 58
951, 103, 867, 764
952, 801, 2371, 1570
953, 1570, 1572, 2
954, 2, 2, 0
955, 0, 0, 0
956, 4, 4, 0
957, 17, 29, 12
958, 61, 428, 367
959, 404, 2306, 1902
960, 1902, 2014, 112
961, 112, 114, 2
962, 2, 2, 0
963, 1, 1, 0
964, 5, 6, 1
965, 46, 265, 219
966, 263, 1981, 1718
967, 1732, 2185, 453
968, 453, 454, 1
969, 1, 1, 0
970, 1, 1, 0
971, 10, 10, 0
972, 49, 257, 208
973, 258, 1963, 1705
974, 1712, 2182, 470
975, 470, 471, 1
976, 2, 2, 0
977, 0, 0, 0
978, 7, 9, 2
979, 38, 179, 141
980, 194, 1644, 1450
981, 1465, 2261, 796
982, 796, 796, 0
983, 0, 0, 0
984, 2, 2, 0
985, 6, 7, 1
986, 33, 124, 91
987, 125, 1053, 928
988, 959, 2333, 1374
989, 1374, 1377, 3
990, 3, 3, 0
991, 0, 0, 0
992, 2, 2, 0
993, 24, 55, 31
994, 79, 612, 533
995, 564, 2375, 1811
996, 1812, 1831, 19
997, 19, 19, 0
998, 2, 2, 0
999, 1, 1, 0
1000, 8, 11, 3
1001, 47, 267, 220
1002, 275, 2012, 1737
1003, 1741, 2169, 428
1004, 428, 429, 1
1005, 2, 2, 0
1006, 2, 2, 0
1007, 3, 3, 0
1008, 38, 176, 138
1009, 186, 1598, 1412
1010, 1432, 2271, 839
1011, 839, 841, 2
1012, 2, 2, 0
1013, 1, 1, 0
1014, 5, 6, 1
1015, 35, 152, 117
1016, 156, 1349, 1193
1017, 1207, 2303, 1096
1018, 1096, 1097, 1
1019, 1, 1, 0
1020, 0, 0, 0
1021, 4, 4, 0
1022, 32, 115, 83
1023, 126, 1088, 962
1024, 1003, 2337, 1334
1025, 1334, 1335, 1
1026, 1, 1, 0
1027, 0, 0, 0
1028, 2, 2, 0
1029, 20, 48, 28
1030, 78, 597, 519
1031, 561, 2372, 1811
1032, 1813, 1839, 26
1033, 26, 26, 0
1034, 0, 0, 0
1035, 0, 0, 0
1036, 17, 39, 22
1037, 57, 361, 304
1038, 347, 2237, 1890
1039, 1893, 2079, 186
1040, 186, 186, 0
1041, 1, 1, 0
1042, 3, 4, 1
1043, 10, 13, 3
1044, 53, 334, 281
1045, 326, 2184, 1858
1046, 1863, 2108, 245
1047, 245, 248, 3
1048, 3, 4, 1
1049, 2, 2, 0
1050, 4, 4, 0
1051, 38, 215, 177
1052, 231, 1853, 1622
1053, 1633, 2225, 592
1054, 592, 594, 2
1055, 2, 2, 0
1056, 0, 0, 0
1057, 6, 6, 0
1058, 52, 288, 236
1059, 280, 2057, 1777
1060, 1783, 2162, 379
1061, 379, 379, 0
1062, 0, 0, 0
1063, 1, 1, 0
1064, 5, 6, 1
1065, 44, 221, 177
1066, 224, 1788, 1564
1067, 1585, 2226, 641
1068, 641, 642, 1
1069, 1, 1, 0
1070, 0, 0, 0
1071, 7, 9, 2
1072, 47, 236, 189
1073, 237, 1879, 1642
1074, 1652, 2209, 557
1075, 557, 557, 0
1076, 0, 0, 0
1077, 4, 4, 0
1078, 8, 9, 1
1079, 39, 172, 133
1080, 184, 1567, 1383
1081, 1406, 2265, 859
1082, 859, 863, 4
1083, 5, 5, 0
1084, 2, 2, 0
1085, 8, 10, 2
1086, 43, 179, 136
1087, 175, 1487, 1312
1088, 1327, 2272, 945
1089, 945, 947, 2
1090, 2, 2, 0
1091, 1, 1, 0
1092, 3, 4, 1
1093, 26, 85, 59
1094, 104, 866, 762
1095, 792, 2366, 1574
1096, 1574, 1575, 1
1097, 1, 1, 0
1098, 0, 0, 0
1099, 3, 3, 0
1100, 19, 49, 30
1101, 83, 639, 556
1102, 594, 2376, 1782
1103, 1783, 1801, 18
1104, 18, 18, 0
1105, 1, 1, 0
1106, 2, 2, 0
1107, 12, 18, 6
1108, 61, 407, 346
1109, 392, 2282, 1890
1110, 1891, 2033, 142
1111, 142, 144, 2
1112, 2, 2, 0
1113, 3, 3, 0
1114, 7, 8, 1
1115, 53, 299, 246
1116, 293, 2087, 1794
1117, 1803, 2144, 341
1118, 341, 344, 3
1119, 3, 3, 0
1120, 0, 0, 0
1121, 6, 7, 1
1122, 53, 308, 255
1123, 310, 2135, 1825
1124, 1833, 2131, 298
1125, 298, 298, 0
1126, 0, 0, 0
1127, 3, 3, 0
1128, 8, 10, 2
1129, 55, 325, 270
1130, 304, 2128, 1824
1131, 1831, 2130, 299
1132, 299, 302, 3
1133, 3, 3, 0
1134, 1, 1, 0
1135, 5, 5, 0
1136, 39, 208, 169
1137, 213, 1770, 1557
1138, 1569, 2242, 673
1139, 673, 674, 1
1140, 2, 2, 0
1141, 2, 2, 0
1142, 3, 3, 0
1143, 36, 152, 116
1144, 161, 1383, 1222
1145, 1250, 2298, 1048
1146, 1048, 1050, 2
1147, 2, 2, 0
1148, 1, 1, 0
1149, 5, 6, 1
1150, 31, 121, 90
1151, 144, 1235, 1091
1152, 1119, 2319, 1200
1153, 1200, 1201, 1
1154, 1, 1, 0
1155, 1, 1, 0
1156, 2, 2, 0
1157, 24, 65, 41
1158, 91, 772, 681
1159, 707, 2375, 1668
1160, 1668, 1676, 8
1161, 8, 8, 0
1162, 1, 1, 0
1163, 1, 1, 0
1164, 10, 14, 4
1165, 49, 306, 257
1166, 314, 2166, 1852
1167, 1862, 2126, 264
1168, 264, 265, 1
1169, 1, 1, 0
1170, 2, 2, 0
1171, 9, 12, 3
1172, 37, 175, 138
1173, 186, 1583, 1397
1174, 1423, 2266, 843
1175, 843, 845, 2
1176, 2, 2, 0
1177, 0, 0, 0
1178, 3, 3, 0
1179, 27, 96, 69
1180, 128, 1116, 988
1181, 1013, 2342, 1329
1182, 1329, 1329, 0
1183, 0, 0, 0
1184, 0, 0, 0
1185, 6, 7, 1
1186, 27, 79, 52
1187, 96, 785, 689
1188, 717, 2365, 1648
1189, 1648, 1654, 6
1190, 6, 6, 0
1191, 0, 0, 0
1192, 0, 0, 0
1193, 16, 26, 10
1194, 54, 355, 301
1195, 349, 2243, 1894
1196, 1896, 2081, 185
1197, 185, 185, 0
1198, 0, 0, 0
1199, 2, 2, 0
1200, 12, 18, 6
1201, 47, 275, 228
1202, 279, 2066, 1787
1203, 1793, 2160, 367
1204, 367, 369, 2
1205, 2, 2, 0
1206, 1, 1, 0
1207, 9, 10, 1
1208, 40, 202, 162
1209, 203, 1683, 1480
1210, 1496, 2247, 751
1211, 751, 752, 1
1212, 1, 1, 0
1213, 1, 1, 0
1214, 7, 7, 0
1215, 35, 126, 91
1216, 135, 1188, 1053
1217, 1081, 2321, 1240
1218, 1240, 1242, 2
1219, 2, 2, 0
1220, 0, 0, 0
1221, 8, 10, 2
1222, 27, 76, 49
1223, 96, 791, 695
1224, 723, 2364, 1641
1225, 1641, 1646, 5
1226, 5, 5, 0
1227, 0, 0, 0
1228, 4, 4, 0
1229, 16, 33, 17
1230, 64, 428, 364
1231, 409, 2306, 1897
1232, 1899, 2007, 108
1233, 108, 110, 2
1234, 3, 3, 0
1235, 1, 1, 0
1236, 12, 14, 2
1237, 50, 307, 257
1238, 298, 2125, 1827
1239, 1831, 2139, 308
1240, 308, 308, 0
1241, 0, 0, 0
1242, 1, 1, 0
1243, 6, 6, 0
1244, 49, 275, 226
1245, 283, 2046, 1763
1246, 1770, 2161, 391
1247, 391, 392, 1
1248, 1, 1, 0
1249, 0, 0, 0
1250, 6, 6, 0
1251, 50, 274, 224
1252, 278, 2054, 1776
1253, 1787, 2166, 379
1254, 379, 379, 0
1255, 0, 0, 0
1256, 2, 2, 0
1257, 7, 7, 0
1258, 40, 187, 147
1259, 191, 1622, 1431
1260, 1449, 2260, 811
1261, 811, 813, 2
1262, 2, 2, 0
1263, 0, 0, 0
1264, 6, 7, 1
1265, 36, 129, 93
1266, 138, 1195, 1057
1267, 1080, 2320, 1240
1268, 1240, 1240, 0
1269, 0, 0, 0
1270, 0, 0, 0
1271, 2, 2, 0
1272, 28, 83, 55
1273, 102, 864, 762
1274, 789, 2365, 1576
1275, 1576, 1579, 3
1276, 3, 3, 0
1277, 0, 0, 0
1278, 1, 1, 0
1279, 23, 71, 48
1280, 101, 851, 750
1281, 780, 2373, 1593
1282, 1593, 1595, 2
1283, 2, 2, 0
1284, 1, 1, 0
1285, 4, 4, 0
1286, 15, 30, 15
1287, 76, 589, 513
1288, 547, 2374, 1827
1289, 1829, 1858, 29
1290, 29, 30, 1
1291, 1, 1, 0
1292, 0, 0, 0
1293, 16, 35, 19
1294, 66, 480, 414
1295, 453, 2335, 1882
1296, 1883, 1965, 82
1297, 82, 82, 0
1298, 0, 0, 0
1299, 2, 2, 0
1300, 12, 18, 6
1301, 59, 390, 331
1302, 377, 2270, 1893
1303, 1898, 2050, 152
1304, 152, 152, 0
1305, 0, 0, 0
1306, 1, 1, 0
1307, 6, 8, 2
1308, 49, 305, 256
1309, 305, 2124, 1819
1310, 1827, 2139, 312
1311, 312, 313, 1
1312, 1, 1, 0
1313, 0, 0, 0
1314, 8, 8, 0
1315, 39, 197, 158
1316, 209, 1730, 1521
1317, 1539, 2244, 705
1318, 705, 705, 0
1319, 0, 0, 0
1320, 2, 2, 0
1321, 1, 1, 0
1322, 26, 93, 67
1323, 118, 1025, 907
1324, 935, 2353, 1418
1325, 1418, 1420, 2
1326, 2, 2, 0
1327, 1, 1, 0
1328, 3, 3, 0
1329, 28, 77, 49
1330, 92, 761, 669
1331, 704, 2369, 1665
1332, 1665, 1673, 8
1333, 8, 8, 0
1334, 1, 1, 0
1335, 1, 1, 0
1336, 20, 42, 22
1337, 77, 584, 507
1338, 546, 2371, 1825
1339, 1826, 1856, 30
1340, 30, 31, 1
1341, 2, 2, 0
1342, 0, 0, 0
1343, 9, 11, 2
1344, 55, 359, 304
1345, 349, 2228, 1879
1346, 1882, 2087, 205
1347, 205, 205, 0
1348, 0, 0, 0
1349, 1, 1, 0
1350, 5, 7, 2
1351, 56, 362, 306
1352, 363, 2256, 1893
1353, 1899, 2075, 176
1354, 176, 177, 1
1355, 1, 1, 0
1356, 3, 3, 0
1357, 10, 15, 5
1358, 49, 281, 232
1359, 273, 2034, 1761
1360, 1770, 2165, 395
1361, 395, 398, 3
1362, 3, 3, 0
1363, 2, 2, 0
1364, 6, 7, 1
1365, 53, 300, 247
1366, 284, 2071, 1787
1367, 1794, 2155, 361
1368, 361, 363, 2
1369, 2, 2, 0
1370, 1, 1, 0
1371, 8, 10, 2
1372, 44, 228, 184
1373, 230, 1842, 1612
1374, 1622, 2217, 595
1375, 595, 596, 1
1376, 2, 2, 0
1377, 1, 1, 0
1378, 10, 13, 3
1379, 40, 193, 153
1380, 206, 1708, 1502
1381, 1518, 2243, 725
1382, 725, 726, 1
1383, 1, 1, 0
1384, 1, 1, 0
1385, 4, 5, 1
1386, 48, 232, 184
1387, 224, 1807, 1583
1388, 1599, 2223, 624
1389, 624, 625, 1
1390, 1, 1, 0
1391, 3, 3, 0
1392, 7, 8, 1
1393, 38, 179, 141
1394, 191, 1600, 1409
1395, 1435, 2261, 826
1396, 827, 829, 2
1397, 2, 2, 0
1398, 1, 1, 0
1399, 7, 7, 0
1400, 36, 150, 114
1401, 153, 1322, 1169
1402, 1191, 2303, 1112
1403, 1113, 1113, 0
1404, 0, 0, 0
1405, 1, 1, 0
1406, 4, 4, 0
1407, 27, 87, 60
1408, 118, 990, 872
1409, 906, 2349, 1443
1410, 1443, 1445, 2
1411, 2, 2, 0
1412, 0, 0, 0
1413, 1, 1, 0
1414, 28, 72, 44
1415, 90, 721, 631
1416, 665, 2370, 1705
1417, 1705, 1716, 11
1418, 11, 11, 0
1419, 1, 1, 0
1420, 3, 3, 0
1421, 16, 23, 7
1422, 53, 337, 284
1423, 330, 2175, 1845
1424, 1850, 2098, 248
1425, 248, 251, 3
1426, 3, 3, 0
1427, 1, 1, 0
1428, 12, 19, 7
1429, 46, 271, 225
1430, 273, 2054, 1781
1431, 1785, 2168, 383
1432, 383, 384, 1
1433, 1, 1, 0
1434, 0, 0, 0
1435, 6, 6, 0
1436, 46, 259, 213
1437, 252, 1933, 1681
1438, 1691, 2196, 505
1439, 505, 505, 0
1440, 0, 0, 0
1441, 2, 2, 0
1442, 5, 6, 1
1443, 42, 219, 177
1444, 223, 1780, 1557
1445, 1569, 2228, 659
1446, 659, 661, 2
1447, 2, 2, 0
1448, 0, 0, 0
1449, 8, 10, 2
1450, 36, 155, 119
1451, 178, 1557, 1379
1452, 1399, 2278, 879
1453, 879, 879, 0
1454, 0, 0, 0
1455, 1, 1, 0
1456, 2, 2, 0
1457, 32, 117, 85
1458, 128, 1086, 958
1459, 984, 2336, 1352
1460, 1353, 1354, 1
1461, 1, 1, 0
1462, 0, 0, 0
1463, 2, 2, 0
1464, 30, 88, 58
1465, 110, 913, 803
1466, 834, 2354, 1520
1467, 1520, 1524, 4
1468, 4, 4, 0
1469, 3, 3, 0
1470, 2, 2, 0
1471, 15, 25, 10
1472, 56, 365, 309
1473, 352, 2220, 1868
1474, 1875, 2075, 200
1475, 200, 202, 2
1476, 2, 2, 0
1477, 2, 2, 0
1478, 10, 16, 6
1479, 50, 302, 252
1480, 301, 2130, 1829
1481, 1838, 2137, 299
1482, 299, 301, 2
1483, 2, 2, 0
1484, 3, 3, 0
1485, 7, 8, 1
1486, 69, 459, 390
1487, 424, 2318, 1894
1488, 1894, 1997, 103
1489, 103, 103, 0
1490, 0, 0, 0
1491, 4, 4, 0
1492, 6, 9, 3
1493, 54, 322, 268
1494, 324, 2187, 1863
1495, 1869, 2112, 243
1496, 243, 245, 2
1497, 2, 2, 0
1498, 1, 1, 0
1499, 7, 7, 0
1500, 40, 208, 168
1501, 221, 1802, 1581
1502, 1592, 2231, 639
1503, 639, 640, 1
1504, 1, 1, 0
1505, 1, 1, 0
1506, 3, 3, 0
1507, 35, 154, 119
1508, 159, 1404, 1245
1509, 1275, 2302, 1027
1510, 1027, 1028, 1
1511, 1, 1, 0
1512, 0, 0, 0
1513, 6, 7, 1
1514, 25, 61, 36
1515, 81, 624, 543
1516, 581, 2367, 1786
1517, 1787, 1807, 20
1518, 20, 20, 0
1519, 0, 0, 0
1520, 3, 3, 0
1521, 13, 21, 8
1522, 64, 426, 362
1523, 404, 2302, 1898
1524, 1900, 2016, 116
1525, 116, 117, 1
1526, 1, 1, 0
1527, 1, 1, 0
1528, 8, 9, 1
1529, 55, 358, 303
1530, 351, 2239, 1888
1531, 1893, 2085, 192
1532, 192, 193, 1
1533, 1, 1, 0
1534, 1, 1, 0
1535, 9, 12, 3
1536, 47, 286, 239
1537, 290, 2094, 1804
1538, 1808, 2153, 345
1539, 345, 346, 1
1540, 1, 1, 0
1541, 0, 0, 0
1542, 4, 5, 1
1543, 44, 226, 182
1544, 231, 1856, 1625
1545, 1638, 2221, 583
1546, 583, 583, 0
1547, 0, 0, 0
1548, 1, 1, 0
1549, 8, 8, 0
1550, 46, 232, 186
1551, 232, 1861, 1629
1552, 1645, 2213, 568
1553, 568, 569, 1
1554, 2, 2, 0
1555, 1, 1, 0
1556, 5, 6, 1
1557, 52, 287, 235
1558, 272, 2023, 1751
1559, 1758, 2170, 412
1560, 412, 413, 1
1561, 1, 1, 0
1562, 1, 1, 0
1563, 7, 10, 3
1564, 32, 153, 121
1565, 163, 1389, 1226
1566, 1246, 2297, 1051
1567, 1051, 1052, 1
1568, 1, 1, 0
1569, 0, 0, 0
1570, 5, 5, 0
1571, 33, 106, 73
1572, 114, 965, 851
1573, 883, 2347, 1464
1574, 1465, 1465, 0
1575, 0, 0, 0
1576, 1, 1, 0
1577, 2, 2, 0
1578, 16, 34, 18
1579, 65, 483, 418
1580, 455, 2337, 1882
1581, 1882, 1962, 80
1582, 80, 80, 0
1583, 1, 1, 0
1584, 0, 0, 0
1585, 12, 17, 5
1586, 56, 364, 308
1587, 361, 2257, 1896
1588, 1899, 2071, 172
1589, 172, 172, 0
1590, 0, 0, 0
1591, 1, 1, 0
1592, 8, 9, 1
1593, 52, 315, 263
1594, 317, 2144, 1827
1595, 1833, 2122, 289
1596, 289, 290, 1
1597, 1, 1, 0
1598, 1, 1, 0
1599, 11, 14, 3
1600, 38, 178, 140
1601, 184, 1577, 1393
1602, 1410, 2266, 856
1603, 856, 857, 1
1604, 1, 1, 0
1605, 1, 1, 0
1606, 3, 3, 0
1607, 33, 118, 85
1608, 136, 1188, 1052
1609, 1077, 2327, 1250
1610, 1250, 1251, 1
1611, 1, 1, 0
1612, 2, 2, 0
1613, 2, 2, 0
1614, 34, 106, 72
1615, 114, 971, 857
1616, 896, 2348, 1452
1617, 1452, 1454, 2
1618, 2, 2, 0
1619, 0, 0, 0
1620, 9, 9, 0
1621, 25, 62, 37
1622, 88, 697, 609
1623, 644, 2371, 1727
1624, 1728, 1734, 6
1625, 6, 6, 0
1626, 0, 0, 0
1627, 2, 2, 0
1628, 16, 29, 13
1629, 68, 503, 435
1630, 476, 2344, 1868
1631, 1868, 1938, 70
1632, 70, 70, 0
1633, 1, 1, 0
1634, 2, 2, 0
1635, 11, 15, 4
1636, 52, 318, 266
1637, 301, 2105, 1804
1638, 1807, 2134, 327
1639, 327, 329, 2
1640, 2, 2, 0
1641, 1, 1, 0
1642, 5, 8, 3
1643, 44, 239, 195
1644, 235, 1887, 1652
1645, 1663, 2215, 552
1646, 552, 553, 1
1647, 1, 1, 0
1648, 1, 1, 0
1649, 9, 10, 1
1650, 43, 209, 166
1651, 217, 1800, 1583
1652, 1593, 2230, 637
1653, 637, 638, 1
1654, 2, 2, 0
1655, 1, 1, 0
1656, 10, 13, 3
1657, 41, 199, 158
1658, 214, 1743, 1529
1659, 1545, 2234, 689
1660, 689, 690, 1
1661, 1, 1, 0
1662, 1, 1, 0
1663, 10, 10, 0
1664, 33, 133, 100
1665, 149, 1280, 1131
1666, 1150, 2307, 1157
1667, 1157, 1158, 1
1668, 1, 1, 0
1669, 0, 0, 0
1670, 2, 2, 0
1671, 28, 79, 51
1672, 97, 793, 696
1673, 723, 2368, 1645
1674, 1645, 1650, 5
1675, 5, 5, 0
1676, 1, 1, 0
1677, 6, 6, 0
1678, 12, 23, 11
1679, 51, 326, 275
1680, 306, 2109, 1803
1681, 1808, 2125, 317
1682, 317, 323, 6
1683, 6, 6, 0
1684, 0, 0, 0
1685, 3, 3, 0
1686, 43, 216, 173
1687, 216, 1764, 1548
1688, 1564, 2238, 674
1689, 674, 674, 0
1690, 0, 0, 0
1691, 1, 1, 0
1692, 2, 2, 0
1693, 47, 242, 195
1694, 233, 1850, 1617
1695, 1623, 2217, 594
1696, 594, 595, 1
1697, 1, 1, 0
1698, 1, 1, 0
1699, 9, 9, 0
1700, 35, 148, 113
1701, 161, 1386, 1225
1702, 1251, 2294, 1043
1703, 1043, 1044, 1
1704, 1, 1, 0
1705, 1, 1, 0
1706, 9, 10, 1
1707, 29, 96, 67
1708, 114, 951, 837
1709, 871, 2346, 1475
1710, 1475, 1477, 2
1711, 2, 2, 0
1712, 0, 0, 0
1713, 6, 7, 1
1714, 27, 74, 47
1715, 107, 902, 795
1716, 827, 2360, 1533
1717, 1533, 1533, 0
1718, 0, 0, 0
1719, 1, 1, 0
1720, 5, 6, 1
1721, 20, 44, 24
1722, 80, 645, 565
1723, 613, 2385, 1772
1724, 1772, 1782, 10
1725, 10, 10, 0
1726, 0, 0, 0
1727, 1, 1, 0
1728, 11, 16, 5
1729, 60, 407, 347
1730, 397, 2302, 1905
1731, 1907, 2031, 124
1732, 124, 124, 0
1733, 1, 1, 0
1734, 1, 1, 0
1735, 9, 10, 1
1736, 44, 251, 207
1737, 253, 1947, 1694
1738, 1700, 2193, 493
1739, 493, 494, 1
1740, 1, 1, 0
1741, 0, 0, 0
1742, 5, 6, 1
1743, 37, 162, 125
1744, 169, 1472, 1303
1745, 1324, 2289, 965
1746, 965, 965, 0
1747, 0, 0, 0
1748, 1, 1, 0
1749, 5, 6, 1
1750, 36, 131, 95
1751, 147, 1285, 1138
1752, 1163, 2311, 1148
1753, 1148, 1149, 1
1754, 1, 1, 0
1755, 0, 0, 0
1756, 3, 3, 0
1757, 33, 105, 72
1758, 124, 1073, 949
1759, 976, 2340, 1364
1760, 1364, 1364, 0
1761, 0, 0, 0
1762, 0, 0, 0
1763, 1, 1, 0
1764, 26, 74, 48
1765, 104, 845, 741
1766, 770, 2365, 1595
1767, 1595, 1599, 4
1768, 4, 4, 0
1769, 0, 0, 0
1770, 1, 1, 0
1771, 28, 77, 49
1772, 115, 980, 865
1773, 889, 2355, 1466
1774, 1466, 1467, 1
1775, 1, 1, 0
1776, 0, 0, 0
1777, 5, 6, 1
1778, 17, 43, 26
1779, 73, 555, 482
1780, 525, 2360, 1835
1781, 1835, 1880, 45
1782, 45, 45, 0
1783, 0, 0, 0
1784, 1, 1, 0
1785, 14, 32, 18
1786, 73, 536, 463
1787, 507, 2366, 1859
1788, 1859, 1905, 46
1789, 46, 46, 0
1790, 0, 0, 0
1791, 3, 4, 1
1792, 17, 32, 15
1793, 63, 448, 385
1794, 432, 2321, 1889
1795, 1890, 1985, 95
1796, 96, 96, 0
1797, 1, 1, 0
1798, 1, 1, 0
1799, 13, 22, 9
1800, 56, 353, 297
1801, 337, 2216, 1879
1802, 1883, 2093, 210
1803, 210, 211, 1
1804, 1, 1, 0
1805, 4, 4, 0
1806, 10, 15, 5
1807, 57, 380, 323
1808, 371, 2257, 1886
1809, 1890, 2058, 168
1810, 168, 170, 2
1811, 2, 2, 0
1812, 3, 3, 0
1813, 5, 5, 0
1814, 47, 266, 219
1815, 248, 1937, 1689
1816, 1701, 2197, 496
1817, 496, 499, 3
1818, 3, 3, 0
1819, 3, 3, 0
1820, 11, 17, 6
1821, 44, 224, 180
1822, 226, 1816, 1590
1823, 1607, 2216, 609
1824, 609, 612, 3
1825, 4, 4, 0
1826, 1, 1, 0
1827, 5, 5, 0
1828, 40, 181, 141
1829, 191, 1602, 1411
1830, 1430, 2263, 833
1831, 833, 834, 1
1832, 2, 2, 0
1833, 0, 0, 0
1834, 7, 9, 2
1835, 29, 100, 71
1836, 113, 947, 834
1837, 865, 2347, 1482
1838, 1482, 1486, 4
1839, 4, 4, 0
1840, 1, 1, 0
1841, 4, 6, 2
1842, 21, 46, 25
1843, 72, 529, 457
1844, 482, 2341, 1859
1845, 1862, 1921, 59
1846, 59, 59, 0
1847, 0, 0, 0
1848, 1, 1, 0
1849, 12, 19, 7
1850, 52, 339, 287
1851, 332, 2192, 1860
1852, 1863, 2103, 240
1853, 240, 241, 1
1854, 1, 1, 0
1855, 1, 1, 0
1856, 12, 19, 7
1857, 63, 428, 365
1858, 414, 2317, 1903
1859, 1907, 2010, 103
1860, 103, 103, 0
1861, 0, 0, 0
1862, 2, 2, 0
1863, 11, 20, 9
1864, 54, 345, 291
1865, 337, 2203, 1866
1866, 1868, 2096, 228
1867, 228, 230, 2
1868, 2, 2, 0
1869, 1, 1, 0
1870, 4, 4, 0
1871, 53, 321, 268
1872, 305, 2136, 1831
1873, 1841, 2137, 296
1874, 296, 297, 1
1875, 1, 1, 0
1876, 0, 0, 0
1877, 4, 4, 0
1878, 41, 202, 161
1879, 202, 1681, 1479
1880, 1489, 2253, 764
1881, 764, 764, 0
1882, 1, 1, 0
1883, 1, 1, 0
1884, 6, 7, 1
1885, 45, 203, 158
1886, 198, 1642, 1444
1887, 1465, 2250, 785
1888, 786, 786, 0
1889, 1, 1, 0
1890, 1, 1, 0
1891, 12, 16, 4
1892, 38, 142, 104
1893, 157, 1346, 1189
1894, 1208, 2292, 1084
1895, 1084, 1085, 1
1896, 2, 2, 0
1897, 0, 0, 0
1898, 0, 0, 0
1899, 26, 85, 59
1900, 110, 944, 834
1901, 863, 2363, 1500
1902, 1500, 1501, 1
1903, 1, 1, 0
1904, 1, 1, 0
1905, 5, 5, 0
1906, 12, 21, 9
1907, 51, 322, 271
1908, 307, 2124, 1817
1909, 1823, 2125, 302
1910, 302, 306, 4
1911, 4, 4, 0
1912, 1, 1, 0
1913, 4, 4, 0
1914, 50, 300, 250
1915, 295, 2096, 1801
1916, 1809, 2150, 341
1917, 342, 342, 0
1918, 0, 0, 0
1919, 1, 1, 0
1920, 4, 4, 0
1921, 39, 197, 158
1922, 192, 1619, 1427
1923, 1444, 2264, 820
1924, 820, 821, 1
1925, 1, 1, 0
1926, 1, 1, 0
1927, 8, 9, 1
1928, 27, 87, 60
1929, 117, 992, 875
1930, 905, 2347, 1442
1931, 1442, 1443, 1
1932, 1, 1, 0
1933, 0, 0, 0
1934, 3, 3, 0
1935, 12, 20, 8
1936, 69, 507, 438
1937, 475, 2365, 1890
1938, 1891, 1941, 50
1939, 50, 50, 0
1940, 0, 0, 0
1941, 1, 1, 0
1942, 10, 12, 2
1943, 56, 360, 304
1944, 349, 2220, 1871
1945, 1873, 2084, 211
1946, 211, 212, 1
1947, 1, 1, 0
1948, 1, 1, 0
1949, 8, 12, 4
1950, 55, 345, 290
1951, 324, 2196, 1872
1952, 1875, 2112, 237
1953, 237, 238, 1
1954, 1, 1, 0
1955, 0, 0, 0
1956, 10, 11, 1
1957, 39, 201, 162
1958, 195, 1646, 1451
1959, 1467, 2256, 789
1960, 789, 789, 0
1961, 0, 0, 0
1962, 0, 0, 0
1963, 3, 3, 0
1964, 28, 97, 69
1965, 107, 905, 798
1966, 828, 2361, 1533
1967, 1533, 1534, 1
1968, 1, 1, 0
1969, 3, 3, 0
1970, 1, 1, 0
1971, 18, 42, 24
1972, 70, 511, 441
1973, 483, 2345, 1862
1974, 1863, 1928, 65
1975, 65, 66, 1
1976, 1, 1, 0
1977, 2, 2, 0
1978, 12, 20, 8
1979, 50, 313, 263
1980, 307, 2138, 1831
1981, 1837, 2129, 292
1982, 292, 294, 2
1983, 2, 2, 0
1984, 1, 1, 0
1985, 4, 4, 0
1986, 46, 236, 190
1987, 229, 1819, 1590
1988, 1604, 2220, 616
1989, 616, 617, 1
1990, 1, 1, 0
1991, 3, 3, 0
1992, 2, 2, 0
1993, 47, 233, 186
1994, 239, 1893, 1654
1995, 1662, 2209, 547
1996, 547, 550, 3
1997, 3, 3, 0
1998, 0, 0, 0
1999, 5, 5, 0
2000, 34, 134, 100
2001, 145, 1270, 1125
2002, 1145, 2316, 1171
2003, 1171, 1171, 0
2004, 0, 0, 0
2005, 0, 0, 0
2006, 2, 2, 0
2007, 30, 93, 63
2008, 100, 838, 738
2009, 764, 2368, 1604
2010, 1604, 1604, 0
2011, 0, 0, 0
2012, 0, 0, 0
2013, 1, 1, 0
2014, 19, 46, 27
2015, 83, 635, 552
2016, 597, 2386, 1789
2017, 1789, 1800, 11
2018, 11, 11, 0
2019, 1, 1, 0
2020, 1, 1, 0
2021, 18, 33, 15
2022, 65, 455, 390
2023, 426, 2323, 1897
2024, 1897, 1990, 93
2025, 93, 93, 0
2026, 0, 0, 0
2027, 1, 1, 0
2028, 8, 10, 2
2029, 48, 278, 230
2030, 281, 2065, 1784
2031, 1790, 2162, 372
2032, 372, 373, 1
2033, 1, 1, 0
2034, 0, 0, 0
2035, 10, 10, 0
2036, 32, 134, 102
2037, 151, 1299, 1148
2038, 1172, 2306, 1134
2039, 1134, 1135, 1
2040, 1, 1, 0
2041, 1, 1, 0
2042, 3, 3, 0
2043, 27, 83, 56
2044, 97, 793, 696
2045, 727, 2366, 1639
2046, 1639, 1646, 7
2047, 7, 7, 0
2048, 0, 0, 0
2049, 2, 2, 0
2050, 21, 50, 29
2051, 74, 543, 469
2052, 501, 2361, 1860
2053, 1861, 1902, 41
2054, 41, 41, 0
2055, 0, 0, 0
2056, 3, 3, 0
2057, 9, 13, 4
2058, 48, 290, 242
2059, 282, 2063, 1781
2060, 1787, 2158, 371
2061, 371, 374, 3
2062, 3, 3, 0
2063, 0, 0, 0
2064, 10, 12, 2
2065, 44, 237, 193
2066, 231, 1871, 1640
2067, 1654, 2215, 561
2068, 561, 561, 0
2069, 0, 0, 0
2070, 3, 3, 0
2071, 4, 5, 1
2072, 40, 185, 145
2073, 172, 1460, 1288
2074, 1304, 2281, 977
2075, 977, 980, 3
2076, 3, 3, 0
2077, 0, 0, 0
2078, 5, 5, 0
2079, 33, 116, 83
2080, 133, 1184, 1051
2081, 1072, 2329, 1257
2082, 1257, 1257, 0
2083, 0, 0, 0
2084, 2, 2, 0
2085, 3, 3, 0
2086, 31, 98, 67
2087, 119, 1029, 910
2088, 927, 2345, 1418
2089, 1418, 1420, 2
2090, 2, 2, 0
2091, 0, 0, 0
2092, 2, 2, 0
2093, 20, 52, 32
2094, 85, 655, 570
2095, 617, 2381, 1764
2096, 1765, 1776, 11
2097, 11, 11, 0
2098, 0, 0, 0
2099, 2, 2, 0
2100, 13, 20, 7
2101, 47, 289, 242
2102, 287, 2063, 1776
2103, 1779, 2151, 372
2104, 372, 374, 2
2105, 2, 2, 0
2106, 1, 1, 0
2107, 7, 8, 1
2108, 56, 331, 275
2109, 326, 2194, 1868
2110, 1869, 2110, 241
2111, 241, 242, 1
2112, 1, 1, 0
2113, 1, 1, 0
2114, 11, 14, 3
2115, 51, 302, 251
2116, 303, 2127, 1824
2117, 1830, 2134, 304
2118, 304, 305, 1
2119, 1, 1, 0
2120, 0, 0, 0
2121, 7, 8, 1
2122, 46, 255, 209
2123, 246, 1937, 1691
2124, 1698, 2201, 503
2125, 503, 503, 0
2126, 0, 0, 0
2127, 1, 1, 0
2128, 3, 3, 0
2129, 33, 129, 96
2130, 133, 1152, 1019
2131, 1047, 2330, 1283
2132, 1283, 1284, 1
2133, 1, 1, 0
2134, 0, 0, 0
2135, 1, 1, 0
2136, 19, 51, 32
2137, 81, 654, 573
2138, 609, 2385, 1776
2139, 1777, 1790, 13
2140, 13, 13, 0
2141, 0, 0, 0
2142, 3, 3, 0
2143, 11, 14, 3
2144, 49, 291, 242
2145, 281, 2047, 1766
2146, 1777, 2156, 379
2147, 379, 382, 3
2148, 3, 3, 0
2149, 2, 2, 0
2150, 12, 13, 1
2151, 46, 233, 187
2152, 244, 1883, 1639
2153, 1647, 2196, 549
2154, 549, 551, 2
2155, 3, 3, 0
2156, 1, 1, 0
2157, 8, 9, 1
2158, 31, 132, 101
2159, 149, 1299, 1150
2160, 1172, 2311, 1139
2161, 1139, 1140, 1
2162, 1, 1, 0
2163, 1, 1, 0
2164, 2, 2, 0
2165, 26, 85, 59
2166, 113, 976, 863
2167, 891, 2356, 1465
2168, 1465, 1468, 3
2169, 3, 3, 0
2170, 1, 1, 0
2171, 0, 0, 0
2172, 11, 18, 7
2173, 66, 478, 412
2174, 464, 2352, 1888
2175, 1891, 1959, 68
2176, 68, 68, 0
2177, 0, 0, 0
2178, 1, 1, 0
2179, 8, 11, 3
2180, 56, 372, 316
2181, 353, 2243, 1890
2182, 1894, 2082, 188
2183, 188, 188, 0
2184, 0, 0, 0
2185, 1, 1, 0
2186, 4, 4, 0
2187, 51, 322, 271
2188, 319, 2154, 1835
2189, 1839, 2125, 286
2190, 286, 287, 1
2191, 1, 1, 0
2192, 3, 3, 0
2193, 5, 6, 1
2194, 44, 244, 200
2195, 245, 1923, 1678
2196, 1688, 2203, 515
2197, 515, 518, 3
2198, 3, 3, 0
2199, 0, 0, 0
2200, 6, 6, 0
2201, 40, 186, 146
2202, 195, 1686, 1491
2203, 1509, 2259, 750
2204, 750, 750, 0
2205, 0, 0, 0
2206, 2, 2, 0
2207, 7, 8, 1
2208, 35, 148, 113
2209, 163, 1433, 1270
2210, 1283, 2293, 1010
2211, 1010, 1012, 2
2212, 3, 3, 0
2213, 0, 0, 0
2214, 0, 0, 0
2215, 31, 100, 69
2216, 103, 846, 743
2217, 769, 2363, 1594
2218, 1594, 1597, 3
2219, 3, 3, 0
2220, 0, 0, 0
2221, 3, 3, 0
2222, 17, 31, 14
2223, 63, 434, 371
2224, 409, 2283, 1874
2225, 1876, 2008, 132
2226, 132, 134, 2
2227, 2, 2, 0
2228, 1, 1, 0
2229, 7, 7, 0
2230, 38, 203, 165
2231, 196, 1621, 1425
2232, 1442, 2258, 816
2233, 816, 817, 1
2234, 1, 1, 0
2235, 0, 0, 0
2236, 5, 7, 2
2237, 34, 137, 103
2238, 150, 1298, 1148
2239, 1166, 2311, 1145
2240, 1145, 1145, 0
2241, 0, 0, 0
2242, 1, 1, 0
2243, 3, 3, 0
2244, 25, 81, 56
2245, 106, 877, 771
2246, 802, 2363, 1561
2247, 1561, 1564, 3
2248, 3, 3, 0
2249, 0, 0, 0
2250, 5, 6, 1
2251, 13, 25, 12
2252, 59, 414, 355
2253, 395, 2283, 1888
2254, 1891, 2028, 137
2255, 137, 138, 1
2256, 1, 1, 0
2257, 1, 1, 0
2258, 7, 12, 5
2259, 51, 312, 261
2260, 304, 2159, 1855
2261, 1859, 2137, 278
2262, 278, 279, 1
2263, 1, 1, 0
2264, 4, 4, 0
2265, 7, 9, 2
2266, 46, 250, 204
2267, 251, 1941, 1690
2268, 1705, 2192, 487
2269, 487, 491, 4
2270, 4, 4, 0
2271, 2, 2, 0
2272, 8, 10, 2
2273, 39, 186, 147
2274, 189, 1595, 1406
2275, 1425, 2262, 837
2276, 837, 839, 2
2277, 2, 2, 0
2278, 1, 1, 0
2279, 4, 4, 0
2280, 47, 236, 189
2281, 241, 1921, 1680
2282, 1690, 2207, 517
2283, 517, 518, 1
2284, 1, 1, 0
2285, 3, 3, 0
2286, 6, 10, 4
2287, 42, 223, 181
2288, 236, 1896, 1660
2289, 1672, 2213, 541
2290, 541, 544, 3
2291, 3, 3, 0
2292, 1, 1, 0
2293, 8, 8, 0
2294, 45, 226, 181
2295, 233, 1851, 1618
2296, 1623, 2213, 590
2297, 590, 591, 1
2298, 1, 1, 0
2299, 1, 1, 0
2300, 2, 2, 0
2301, 45, 213, 168
2302, 220, 1821, 1601
2303, 1615, 2232, 617
2304, 617, 618, 1
2305, 1, 1, 0
2306, 0, 0, 0
2307, 7, 7, 0
2308, 43, 195, 152
2309, 202, 1703, 1501
2310, 1512, 2248, 736
2311, 736, 736, 0
2312, 0, 0, 0
2313, 1, 1, 0
2314, 5, 5, 0
2315, 35, 163, 128
2316, 163, 1422, 1259
2317, 1274, 2296, 1022
2318, 1022, 1023, 1
2319, 1, 1, 0
2320, 1, 1, 0
2321, 3, 3, 0
2322, 26, 90, 64
2323, 102, 842, 740
2324, 770, 2365, 1595
2325, 1596, 1599, 3
2326, 3, 3, 0
2327, 3, 3, 0
2328, 4, 4, 0
2329, 18, 29, 11
2330, 74, 564, 490
2331, 528, 2370, 1842
2332, 1844, 1876, 32
2333, 32, 32, 0
2334, 0, 0, 0
2335, 2, 2, 0
2336, 12, 17, 5
2337, 42, 228, 186
2338, 240, 1913, 1673
2339, 1688, 2204, 516
2340, 516, 518, 2
2341, 3, 3, 0
2342, 1, 1, 0
2343, 4, 4, 0
2344, 43, 206, 163
2345, 203, 1705, 1502
2346, 1518, 2249, 731
2347, 731, 732, 1
2348, 1, 1, 0
2349, 0, 0, 0
2350, 4, 4, 0
2351, 41, 174, 133
2352, 182, 1538, 1356
2353, 1375, 2273, 898
2354, 898, 898, 0
2355, 0, 0, 0
2356, 1, 1, 0
2357, 5, 6, 1
2358, 23, 65, 42
2359, 99, 811, 712
2360, 754, 2370, 1616
2361, 1616, 1619, 3
2362, 3, 3, 0
2363, 0, 0, 0
2364, 3, 3, 0
2365, 16, 31, 15
2366, 72, 531, 459
2367, 502, 2366, 1864
2368, 1867, 1907, 40
2369, 41, 41, 0
2370, 0, 0, 0
2371, 0, 0, 0
2372, 12, 22, 10
2373, 63, 454, 391
2374, 438, 2340, 1902
2375, 1903, 1987, 84
2376, 84, 84, 0
2377, 0, 0, 0
2378, 0, 0, 0
2379, 8, 9, 1
2380, 43, 247, 204
2381, 236, 1891, 1655
2382, 1666, 2213, 547
2383, 547, 547, 0
2384, 0, 0, 0
2385, 2, 2, 0
2386, 6, 7, 1
2387, 37, 157, 120
2388, 159, 1374, 1215
2389, 1240, 2296, 1056
2390, 1056, 1058, 2
2391, 2, 2, 0
2392, 1, 1, 0
2393, 8, 8, 0
2394, 20, 65, 45
2395, 90, 712, 622
2396, 647, 2372, 1725
2397, 1725, 1735, 10
2398, 10, 10, 0
2399, 0, 0, 0
2400, 0, 0, 0
2401, 15, 36, 21
2402, 73, 565, 492
2403, 528, 2375, 1847
2404, 1848, 1884, 36
2405, 36, 36, 0
2406, 0, 0, 0
2407, 1, 1, 0
2408, 12, 17, 5
2409, 53, 356, 303
2410, 358, 2246, 1888
2411, 1889, 2076, 187
2412, 187, 188, 1
2413, 1, 1, 0
2414, 1, 1, 0
2415, 7, 11, 4
2416, 56, 350, 294
2417, 349, 2223, 1874
2418, 1878, 2087, 209
2419, 209, 210, 1
2420, 1, 1, 0
2421, 2, 2, 0
2422, 7, 7, 0
2423, 46, 261, 215
2424, 254, 1966, 1712
2425, 1720, 2191, 471
2426, 471, 473, 2
2427, 2, 2, 0
2428, 3, 3, 0
2429, 8, 8, 0
2430, 49, 275, 226
2431, 278, 2044, 1766
2432, 1778, 2162, 384
2433, 384, 387, 3
2434, 3, 3, 0
2435, 2, 2, 0
2436, 9, 10, 1
2437, 39, 188, 149
2438, 200, 1663, 1463
2439, 1474, 2250, 776
2440, 776, 778, 2
2441, 2, 2, 0
2442, 0, 0, 0
2443, 3, 3, 0
2444, 46, 232, 186
2445, 235, 1867, 1632
2446, 1642, 2216, 574
2447, 574, 574, 0
2448, 0, 0, 0
2449, 1, 1, 0
2450, 3, 3, 0
2451, 44, 214, 170
2452, 207, 1731, 1524
2453, 1539, 2245, 706
2454, 706, 707, 1
2455, 1, 1, 0
2456, 1, 1, 0
2457, 5, 5, 0
2458, 25, 82, 57
2459, 96, 768, 672
2460, 709, 2370, 1661
2461, 1661, 1665, 4
2462, 4, 4, 0
2463, 1, 1, 0
2464, 4, 4, 0
2465, 18, 34, 16
2466, 65, 463, 398
2467, 440, 2342, 1902
2468, 1905, 1973, 68
2469, 68, 70, 2
2470, 3, 3, 0
2471, 0, 0, 0
2472, 10, 14, 4
2473, 49, 292, 243
2474, 291, 2093, 1802
2475, 1811, 2150, 339
2476, 339, 339, 0
2477, 0, 0, 0
2478, 0, 0, 0
2479, 10, 17, 7
2480, 58, 360, 302
2481, 356, 2248, 1892
2482, 1897, 2076, 179
2483, 179, 179, 0
2484, 0, 0, 0
2485, 1, 1, 0
2486, 9, 10, 1
2487, 38, 197, 159
2488, 201, 1686, 1485
2489, 1495, 2251, 756
2490, 756, 757, 1
2491, 3, 3, 0
2492, 1, 1, 0
2493, 2, 2, 0
2494, 24, 75, 51
2495, 90, 736, 646
2496, 675, 2374, 1699
2497, 1699, 1709, 10
2498, 10, 10, 0
2499, 0, 0, 0
2500, 3, 3, 0
2501, 11, 16, 5
2502, 52, 324, 272
2503, 312, 2152, 1840
2504, 1843, 2122, 279
2505, 279, 281, 2
2506, 2, 2, 0
2507, 2, 2, 0
2508, 8, 9, 1
2509, 39, 206, 167
2510, 211, 1734, 1523
2511, 1537, 2240, 703
2512, 703, 705, 2
2513, 2, 2, 0
2514, 2, 2, 0
2515, 9, 11, 2
2516, 50, 269, 219
2517, 258, 1944, 1686
2518, 1694, 2181, 487
2519, 487, 489, 2
2520, 3, 3, 0
2521, 2, 2, 0
2522, 4, 5, 1
2523, 36, 177, 141
2524, 197, 1669, 1472
2525, 1491, 2261, 770
2526, 770, 772, 2
2527, 2, 2, 0
2528, 0, 0, 0
2529, 11, 11, 0
2530, 32, 121, 89
2531, 137, 1192, 1055
2532, 1083, 2320, 1237
2533, 1237, 1237, 0
2534, 0, 0, 0
2535, 0, 0, 0
2536, 0, 0, 0
2537, 23, 61, 38
2538, 84, 650, 566
2539, 601, 2372, 1771
2540, 1771, 1792, 21
2541, 21, 21, 0
2542, 0, 0, 0
2543, 0, 0, 0
2544, 9, 14, 5
2545, 57, 380, 323
2546, 372, 2252, 1880
2547, 1883, 2062, 179
2548, 179, 179, 0
2549, 0, 0, 0
2550, 2, 2, 0
2551, 22, 36, 14
2552, 58, 369, 311
2553, 351, 2218, 1867
2554, 1873, 2067, 194
2555, 195, 196, 1
2556, 1, 1, 0
2557, 0, 0, 0
2558, 9, 13, 4
2559, 48, 271, 223
2560, 263, 2001, 1738
2561, 1744, 2180, 436
2562, 436, 436, 0
2563, 0, 0, 0
2564, 3, 3, 0
2565, 5, 7, 2
2566, 45, 234, 189
2567, 245, 1954, 1709
2568, 1714, 2202, 488
2569, 488, 491, 3
2570, 3, 3, 0
2571, 1, 1, 0
2572, 6, 6, 0
2573, 51, 294, 243
2574, 275, 2020, 1745
2575, 1755, 2167, 412
2576, 412, 413, 1
2577, 1, 1, 0
2578, 2, 2, 0
2579, 7, 7, 0
2580, 51, 266, 215
2581, 248, 1916, 1668
2582, 1675, 2192, 517
2583, 517, 519, 2
2584, 2, 2, 0
2585, 1, 1, 0
2586, 6, 9, 3
2587, 39, 179, 140
2588, 179, 1551, 1372
2589, 1395, 2275, 880
2590, 880, 881, 1
2591, 1, 1, 0
2592, 3, 3, 0
2593, 4, 4, 0
2594, 36, 139, 103
2595, 135, 1173, 1038
2596, 1066, 2322, 1256
2597, 1256, 1259, 3
2598, 3, 3, 0
2599, 2, 2, 0
2600, 3, 3, 0
2601, 34, 106, 72
2602, 129, 1101, 972
2603, 998, 2332, 1334
2604, 1334, 1336, 2
2605, 2, 2, 0
2606, 0, 0, 0
2607, 1, 1, 0
2608, 17, 37, 20
2609, 75, 563, 488
2610, 517, 2375, 1858
2611, 1859, 1890, 31
2612, 31, 31, 0
2613, 0, 0, 0
2614, 3, 3, 0
2615, 11, 16, 5
2616, 56, 349, 293
2617, 345, 2238, 1893
2618, 1897, 2085, 188
2619, 190, 191, 1
2620, 1, 1, 0
2621, 2, 2, 0
2622, 7, 10, 3
2623, 50, 292, 242
2624, 294, 2092, 1798
2625, 1805, 2147, 342
2626, 342, 344, 2
2627, 2, 2, 0
2628, 0, 0, 0
2629, 6, 7, 1
2630, 56, 337, 281
2631, 327, 2175, 1848
2632, 1852, 2111, 259
2633, 259, 259, 0
2634, 0, 0, 0
2635, 1, 1, 0
2636, 6, 7, 1
2637, 44, 242, 198
2638, 251, 1959, 1708
2639, 1713, 2198, 485
2640, 485, 486, 1
2641, 1, 1, 0
2642, 0, 0, 0
2643, 6, 7, 1
2644, 45, 225, 180
2645, 226, 1814, 1588
2646, 1599, 2223, 624
2647, 624, 624, 0
2648, 0, 0, 0
2649, 1, 1, 0
2650, 6, 8, 2
2651, 38, 177, 139
2652, 175, 1509, 1334
2653, 1355, 2280, 925
2654, 925, 926, 1
2655, 1, 1, 0
2656, 0, 0, 0
2657, 7, 9, 2
2658, 28, 95, 67
2659, 100, 816, 716
2660, 749, 2362, 1613
2661, 1613, 1616, 3
2662, 4, 4, 0
2663, 0, 0, 0
2664, 2, 2, 0
2665, 16, 30, 14
2666, 70, 519, 449
2667, 498, 2371, 1873
2668, 1874, 1914, 40
2669, 40, 40, 0
2670, 0, 0, 0
2671, 3, 3, 0
2672, 7, 9, 2
2673, 50, 321, 271
2674, 308, 2145, 1837
2675, 1845, 2132, 287
2676, 287, 290, 3
2677, 3, 3, 0
2678, 0, 0, 0
2679, 7, 10, 3
2680, 50, 289, 239
2681, 284, 2083, 1799
2682, 1803, 2159, 356
2683, 356, 356, 0
2684, 0, 0, 0
2685, 1, 1, 0
2686, 4, 4, 0
2687, 33, 151, 118
2688, 162, 1410, 1248
2689, 1274, 2300, 1026
2690, 1026, 1027, 1
2691, 1, 1, 0
2692, 0, 0, 0
2693, 5, 5, 0
2694, 29, 97, 68
2695, 111, 926, 815
2696, 847, 2353, 1506
2697, 1506, 1508, 2
2698, 2, 2, 0
2699, 1, 1, 0
2700, 2, 2, 0
2701, 17, 29, 12
2702, 82, 674, 592
2703, 617, 2382, 1765
2704, 1765, 1782, 17
2705, 17, 17, 0
2706, 0, 0, 0
2707, 4, 4, 0
2708, 19, 32, 13
2709, 52, 329, 277
2710, 314, 2148, 1834
2711, 1840, 2111, 271
2712, 271, 275, 4
2713, 4, 4, 0
2714, 1, 1, 0
2715, 5, 6, 1
2716, 51, 324, 273
2717, 311, 2142, 1831
2718, 1835, 2132, 297
2719, 297, 298, 1
2720, 1, 1, 0
2721, 2, 2, 0
2722, 4, 4, 0
2723, 40, 208, 168
2724, 215, 1765, 1550
2725, 1563, 2239, 676
2726, 676, 678, 2
2727, 3, 3, 0
2728, 1, 1, 0
2729, 7, 7, 0
2730, 32, 132, 100
2731, 150, 1330, 1180
2732, 1201, 2310, 1109
2733, 1109, 1110, 1
2734, 2, 2, 0
2735, 1, 1, 0
2736, 7, 8, 1
2737, 35, 132, 97
2738, 159, 1374, 1215
2739, 1244, 2298, 1054
2740, 1054, 1055, 1
2741, 1, 1, 0
2742, 2, 2, 0
2743, 7, 7, 0
2744, 22, 61, 39
2745, 84, 637, 553
2746, 590, 2363, 1773
2747, 1773, 1797, 24
2748, 25, 25, 0
2749, 1, 1, 0
2750, 2, 2, 0
2751, 16, 27, 11
2752, 62, 430, 368
2753, 414, 2320, 1906
2754, 1907, 2006, 99
2755, 99, 100, 1
2756, 1, 1, 0
2757, 2, 2, 0
2758, 8, 12, 4
2759, 53, 343, 290
2760, 324, 2183, 1859
2761, 1863, 2113, 250
2762, 250, 252, 2
2763, 2, 2, 0
2764, 2, 2, 0
2765, 8, 9, 1
2766, 57, 366, 309
2767, 355, 2245, 1890
2768, 1893, 2078, 185
2769, 185, 187, 2
2770, 2, 2, 0
2771, 3, 3, 0
2772, 7, 7, 0
2773, 42, 233, 191
2774, 245, 1930, 1685
2775, 1698, 2203, 505
2776, 505, 508, 3
2777, 3, 3, 0
2778, 0, 0, 0
2779, 3, 3, 0
2780, 34, 146, 112
2781, 160, 1383, 1223
2782, 1245, 2303, 1058
2783, 1058, 1058, 0
2784, 0, 0, 0
2785, 3, 3, 0
2786, 8, 8, 0
2787, 38, 145, 107
2788, 163, 1392, 1229
2789, 1250, 2288, 1038
2790, 1038, 1041, 3
2791, 3, 3, 0
2792, 1, 1, 0
2793, 4, 4, 0
2794, 30, 93, 63
2795, 121, 1045, 924
2796, 967, 2343, 1376
2797, 1376, 1378, 2
2798, 2, 2, 0
2799, 1, 1, 0
2800, 1, 1, 0
2801, 18, 39, 21
2802, 66, 493, 427
2803, 464, 2348, 1884
2804, 1884, 1951, 67
2805, 67, 67, 0
2806, 0, 0, 0
2807, 1, 1, 0
2808, 9, 11, 2
2809, 44, 262, 218
2810, 263, 2006, 1743
2811, 1756, 2183, 427
2812, 427, 428, 1
2813, 1, 1, 0
2814, 4, 4, 0
2815, 7, 10, 3
2816, 40, 214, 174
2817, 217, 1785, 1568
2818, 1587, 2232, 645
2819, 645, 649, 4
2820, 4, 4, 0
2821, 0, 0, 0
2822, 4, 4, 0
2823, 34, 145, 111
2824, 164, 1420, 1256
2825, 1279, 2297, 1018
2826, 1018, 1019, 1
2827, 1, 1, 0
2828, 0, 0, 0
2829, 8, 9, 1
2830, 34, 127, 93
2831, 134, 1175, 1041
2832, 1063, 2324, 1261
2833, 1261, 1261, 0
2834, 1, 1, 0
2835, 4, 4, 0
2836, 3, 3, 0
2837, 24, 59, 35
2838, 89, 723, 634
2839, 679, 2375, 1696
2840, 1696, 1705, 9
2841, 9, 9, 0
2842, 1, 1, 0
2843, 1, 1, 0
2844, 18, 38, 20
2845, 70, 522, 452
2846, 485, 2349, 1864
2847, 1867, 1926, 59
2848, 59, 59, 0
2849, 0, 0, 0
2850, 1, 1, 0
2851, 17, 28, 11
2852, 70, 509, 439
2853, 480, 2360, 1880
2854, 1882, 1932, 50
2855, 50, 50, 0
2856, 0, 0, 0
2857, 4, 4, 0
2858, 13, 18, 5
2859, 53, 374, 321
2860, 366, 2266, 1900
2861, 1906, 2064, 158
2862, 158, 159, 1
2863, 1, 1, 0
2864, 1, 1, 0
2865, 10, 14, 4
2866, 53, 318, 265
2867, 310, 2135, 1825
2868, 1832, 2126, 294
2869, 294, 295, 1
2870, 1, 1, 0
2871, 4, 4, 0
2872, 6, 7, 1
2873, 52, 306, 254
2874, 301, 2131, 1830
2875, 1839, 2137, 298
2876, 299, 302, 3
2877, 3, 3, 0
2878, 0, 0, 0
2879, 12, 21, 9
2880, 62, 415, 353
2881, 402, 2313, 1911
2882, 1914, 2024, 110
2883, 110, 110, 0
2884, 1, 1, 0
2885, 0, 0, 0
2886, 8, 9, 1
2887, 49, 300, 251
2888, 285, 2086, 1801
2889, 1805, 2158, 353
2890, 353, 353, 0
2891, 0, 0, 0
2892, 0, 0, 0
2893, 7, 7, 0
2894, 51, 294, 243
2895, 283, 2059, 1776
2896, 1779, 2159, 380
2897, 380, 380, 0
2898, 0, 0, 0
2899, 0, 0, 0
2900, 5, 5, 0
2901, 41, 210, 169
2902, 217, 1783, 1566
2903, 1574, 2237, 663
2904, 663, 663, 0
2905, 0, 0, 0
2906, 0, 0, 0
2907, 7, 7, 0
2908, 39, 163, 124
2909, 189, 1593, 1404
2910, 1424, 2265, 841
2911, 841, 841, 0
2912, 0, 0, 0
2913, 1, 1, 0
2914, 6, 7, 1
2915, 31, 119, 88
2916, 139, 1206, 1067
2917, 1096, 2323, 1227
2918, 1227, 1228, 1
2919, 2, 2, 0
2920, 0, 0, 0
2921, 1, 1, 0
2922, 35, 120, 85
2923, 131, 1147, 1016
2924, 1039, 2333, 1294
2925, 1294, 1294, 0
2926, 0, 0, 0
2927, 0, 0, 0
2928, 3, 3, 0
2929, 28, 88, 60
2930, 100, 817, 717
2931, 746, 2365, 1619
2932, 1619, 1623, 4
2933, 4, 4, 0
2934, 1, 1, 0
2935, 2, 2, 0
2936, 15, 27, 12
2937, 58, 390, 332
2938, 374, 2271, 1897
2939, 1900, 2051, 151
2940, 151, 152, 1
2941, 1, 1, 0
2942, 3, 3, 0
2943, 7, 8, 1
2944, 39, 211, 172
2945, 222, 1768, 1546
2946, 1555, 2229, 674
2947, 674, 677, 3
2948, 3, 3, 0
2949, 0, 0, 0
2950, 2, 2, 0
2951, 35, 152, 117
2952, 178, 1546, 1368
2953, 1389, 2285, 896
2954, 896, 896, 0
2955, 0, 0, 0
2956, 3, 3, 0
2957, 7, 7, 0
2958, 24, 74, 50
2959, 91, 734, 643
2960, 677, 2370, 1693
2961, 1694, 1701, 7
2962, 7, 7, 0
2963, 0, 0, 0
2964, 2, 2, 0
2965, 15, 27, 12
2966, 66, 484, 418
2967, 454, 2354, 1900
2968, 1904, 1963, 59
2969, 59, 59, 0
2970, 0, 0, 0
2971, 2, 2, 0
2972, 11, 17, 6
2973, 56, 368, 312
2974, 353, 2249, 1896
2975, 1900, 2078, 178
2976, 178, 179, 1
2977, 1, 1, 0
2978, 1, 1, 0
2979, 11, 15, 4
2980, 48, 272, 224
2981, 268, 2006, 1738
2982, 1748, 2172, 424
2983, 424, 425, 1
2984, 1, 1, 0
2985, 1, 1, 0
2986, 10, 14, 4
2987, 39, 196, 157
2988, 190, 1612, 1422
2989, 1441, 2260, 819
2990, 819, 820, 1
2991, 1, 1, 0
2992, 2, 2, 0
2993, 3, 5, 2
2994, 41, 159, 118
2995, 170, 1458, 1288
2996, 1309, 2284, 975
2997, 975, 977, 2
2998, 2, 2, 0
2999, 0, 0, 0
3000, 4, 4, 0
3001, 35, 138, 103
3002, 154, 1333, 1179
3003, 1202, 2307, 1105
3004, 1105, 1105, 0
3005, 0, 0, 0
3006, 0, 0, 0
3007, 5, 5, 0
3008, 24, 82, 58
3009, 101, 840, 739
3010, 769, 2368, 1599
3011, 1599, 1601, 2
3012, 2, 2, 0
3013, 1, 1, 0
3014, 1, 1, 0
3015, 25, 57, 32
3016, 82, 628, 546
3017, 584, 2378, 1794
3018, 1795, 1808, 13
3019, 13, 13, 0
3020, 1, 1, 0
3021, 3, 3, 0
3022, 8, 9, 1
3023, 62, 423, 361
3024, 404, 2306, 1902
3025, 1904, 2023, 119
3026, 119, 119, 0
3027, 0, 0, 0
3028, 2, 2, 0
3029, 6, 8, 2
3030, 54, 334, 280
3031, 339, 2216, 1877
3032, 1882, 2099, 217
3033, 217, 218, 1
3034, 1, 1, 0
3035, 4, 4, 0
3036, 6, 9, 3
3037, 49, 283, 234
3038, 267, 1977, 1710
3039, 1720, 2174, 454
3040, 454, 458, 4
3041, 4, 4, 0
3042, 1, 1, 0
3043, 6, 8, 2
3044, 53, 311, 258
3045, 304, 2122, 1818
3046, 1824, 2136, 312
3047, 312, 312, 0
3048, 0, 0, 0
3049, 2, 2, 0
3050, 6, 7, 1
3051, 51, 289, 238
3052, 276, 2016, 1740
3053, 1745, 2165, 420
3054, 420, 422, 2
3055, 2, 2, 0
3056, 0, 0, 0
3057, 7, 8, 1
3058, 39, 196, 157
3059, 204, 1703, 1499
3060, 1513, 2250, 737
3061, 737, 737, 0
3062, 0, 0, 0
3063, 0, 0, 0
3064, 9, 10, 1
3065, 43, 194, 151
3066, 202, 1684, 1482
3067, 1493, 2246, 753
3068, 753, 753, 0
3069, 0, 0, 0
3070, 1, 1, 0
3071, 6, 7, 1
3072, 41, 182, 141
3073, 182, 1554, 1372
3074, 1389, 2270, 881
3075, 881, 882, 1
3076, 1, 1, 0
3077, 1, 1, 0
3078, 4, 4, 0
3079, 34, 114, 80
3080, 122, 1049, 927
3081, 953, 2339, 1386
3082, 1386, 1387, 1
3083, 1, 1, 0
3084, 2, 2, 0
3085, 2, 2, 0
3086, 27, 82, 55
3087, 104, 873, 769
3088, 804, 2365, 1561
3089, 1561, 1563, 2
3090, 2, 2, 0
3091, 0, 0, 0
3092, 2, 2, 0
3093, 20, 38, 18
3094, 53, 341, 288
3095, 340, 2197, 1857
3096, 1863, 2085, 222
3097, 222, 224, 2
3098, 3, 3, 0
3099, 0, 0, 0
3100, 8, 11, 3
3101, 44, 240, 196
3102, 238, 1898, 1660
3103, 1673, 2210, 537
3104, 537, 537, 0
3105, 0, 0, 0
3106, 2, 2, 0
3107, 7, 8, 1
3108, 37, 173, 136
3109, 196, 1680, 1484
3110, 1492, 2258, 766
3111, 766, 768, 2
3112, 2, 2, 0
3113, 0, 0, 0
3114, 6, 6, 0
3115, 45, 205, 160
3116, 202, 1673, 1471
3117, 1482, 2247, 765
3118, 765, 765, 0
3119, 0, 0, 0
3120, 0, 0, 0
3121, 5, 6, 1
3122, 36, 145, 109
3123, 152, 1307, 1155
3124, 1182, 2307, 1125
3125, 1125, 1125, 0
3126, 0, 0, 0
3127, 2, 2, 0
3128, 4, 4, 0
3129, 28, 96, 68
3130, 104, 862, 758
3131, 781, 2358, 1577
3132, 1577, 1583, 6
3133, 6, 6, 0
3134, 0, 0, 0
3135, 2, 2, 0
3136, 16, 36, 20
3137, 64, 444, 380
3138, 413, 2305, 1892
3139, 1893, 2005, 112
3140, 112, 112, 0
3141, 2, 2, 0
3142, 1, 1, 0
3143, 13, 21, 8
3144, 61, 398, 337
3145, 388, 2274, 1886
3146, 1887, 2037, 150
3147, 150, 151, 1
3148, 1, 1, 0
3149, 1, 1, 0
3150, 7, 7, 0
3151, 51, 308, 257
3152, 299, 2107, 1808
3153, 1813, 2142, 329
3154, 329, 330, 1
3155, 2, 2, 0
3156, 1, 1, 0
3157, 6, 6, 0
3158, 37, 178, 141
3159, 192, 1636, 1444
3160, 1466, 2264, 798
3161, 798, 799, 1
3162, 1, 1, 0
3163, 0, 0, 0
3164, 2, 3, 1
3165, 38, 165, 127
3166, 169, 1459, 1290
3167, 1305, 2291, 986
3168, 986, 986, 0
3169, 0, 0, 0
3170, 0, 0, 0
3171, 6, 8, 2
3172, 33, 118, 85
3173, 137, 1199, 1062
3174, 1081, 2323, 1242
3175, 1242, 1243, 1
3176, 1, 1, 0
3177, 1, 1, 0
3178, 5, 7, 2
3179, 30, 92, 62
3180, 114, 966, 852
3181, 875, 2349, 1474
3182, 1475, 1476, 1
3183, 1, 1, 0
3184, 0, 0, 0
3185, 3, 3, 0
3186, 17, 31, 14
3187, 67, 477, 410
3188, 450, 2332, 1882
3189, 1883, 1963, 80
3190, 81, 82, 1
3191, 2, 2, 0
3192, 2, 2, 0
3193, 13, 17, 4
3194, 55, 367, 312
3195, 346, 2220, 1874
3196, 1878, 2084, 206
3197, 206, 207, 1
3198, 1, 1, 0
3199, 2, 2, 0
3200, 14, 20, 6
3201, 49, 272, 223
3202, 264, 1978, 1714
3203, 1726, 2171, 445
3204, 445, 447, 2
3205, 2, 2, 0
3206, 2, 2, 0
3207, 8, 11, 3
3208, 41, 196, 155
3209, 203, 1693, 1490
3210, 1503, 2246, 743
3211, 743, 745, 2
3212, 3, 3, 0
3213, 0, 0, 0
3214, 2, 2, 0
3215, 33, 121, 88
3216, 141, 1213, 1072
3217, 1098, 2324, 1226
3218, 1226, 1226, 0
3219, 0, 0, 0
3220, 0, 0, 0
3221, 2, 2, 0
3222, 17, 30, 13
3223, 60, 417, 357
3224, 399, 2288, 1889
3225, 1889, 2022, 133
3226, 133, 134, 1
3227, 1, 1, 0
3228, 3, 4, 1
3229, 13, 20, 7
3230, 65, 470, 405
3231, 458, 2355, 1897
3232, 1898, 1961, 63
3233, 63, 65, 2
3234, 3, 3, 0
3235, 2, 2, 0
3236, 11, 21, 10
3237, 61, 419, 358
3238, 388, 2290, 1902
3239, 1903, 2038, 135
3240, 135, 136, 1
3241, 3, 3, 0
3242, 2, 2, 0
3243, 5, 5, 0
3244, 53, 325, 272
3245, 329, 2197, 1868
3246, 1871, 2111, 240
3247, 240, 241, 1
3248, 1, 1, 0
3249, 1, 1, 0
3250, 7, 8, 1
3251, 39, 206, 167
3252, 211, 1759, 1548
3253, 1560, 2242, 682
3254, 682, 683, 1
3255, 1, 1, 0
3256, 1, 1, 0
3257, 7, 9, 2
3258, 42, 193, 151
3259, 191, 1605, 1414
3260, 1423, 2259, 836
3261, 836, 837, 1
3262, 2, 2, 0
3263, 0, 0, 0
3264, 1, 1, 0
3265, 36, 144, 108
3266, 154, 1345, 1191
3267, 1210, 2309, 1099
3268, 1099, 1099, 0
3269, 1, 1, 0
3270, 2, 2, 0
3271, 3, 3, 0
3272, 35, 129, 94
3273, 137, 1182, 1045
3274, 1063, 2323, 1260
3275, 1260, 1262, 2
3276, 2, 2, 0
3277, 2, 2, 0
3278, 4, 4, 0
3279, 25, 63, 38
3280, 76, 590, 514
3281, 565, 2377, 1812
3282, 1812, 1830, 18
3283, 18, 18, 0
3284, 0, 0, 0
3285, 2, 2, 0
3286, 13, 20, 7
3287, 57, 368, 311
3288, 355, 2219, 1864
3289, 1867, 2073, 206
3290, 206, 207, 1
3291, 2, 2, 0
3292, 0, 0, 0
3293, 9, 13, 4
3294, 45, 268, 223
3295, 269, 2008, 1739
3296, 1746, 2177, 431
3297, 431, 431, 0
3298, 1, 1, 0
3299, 1, 1, 0
3300, 10, 11, 1
3301, 32, 130, 98
3302, 141, 1228, 1087
3303, 1110, 2316, 1206
3304, 1206, 1207, 1
3305, 1, 1, 0
3306, 1, 1, 0
3307, 4, 4, 0
3308, 27, 83, 56
3309, 107, 891, 784
3310, 820, 2359, 1539
3311, 1539, 1542, 3
3312, 3, 3, 0
3313, 1, 1, 0
3314, 2, 2, 0
3315, 23, 49, 26
3316, 87, 700, 613
3317, 647, 2382, 1735
3318, 1735, 1741, 6
3319, 6, 6, 0
3320, 1, 1, 0
3321, 4, 4, 0
3322, 22, 53, 31
3323, 75, 572, 497
3324, 541, 2371, 1830
3325, 1831, 1858, 27
3326, 27, 27, 0
3327, 1, 1, 0
3328, 2, 2, 0
3329, 14, 21, 7
3330, 49, 306, 257
3331, 306, 2128, 1822
3332, 1825, 2129, 304
3333, 304, 306, 2
3334, 3, 3, 0
3335, 0, 0, 0
3336, 8, 11, 3
3337, 42, 218, 176
3338, 214, 1784, 1570
3339, 1582, 2236, 654
3340, 654, 654, 0
3341, 0, 0, 0
3342, 1, 1, 0
3343, 3, 3, 0
3344, 39, 175, 136
3345, 176, 1497, 1321
3346, 1344, 2281, 937
3347, 937, 938, 1
3348, 1, 1, 0
3349, 0, 0, 0
3350, 6, 7, 1
3351, 37, 150, 113
3352, 157, 1366, 1209
3353, 1241, 2300, 1059
3354, 1059, 1059, 0
3355, 0, 0, 0
3356, 0, 0, 0
3357, 2, 2, 0
3358, 34, 123, 89
3359, 141, 1204, 1063
3360, 1086, 2323, 1237
3361, 1237, 1237, 0
3362, 0, 0, 0
3363, 0, 0, 0
3364, 5, 5, 0
3365, 18, 38, 20
3366, 66, 482, 416
3367, 448, 2336, 1888
3368, 1890, 1963, 73
3369, 73, 73, 0
3370, 0, 0, 0
3371, 1, 1, 0
3372, 11, 14, 3
3373, 51, 313, 262
3374, 299, 2111, 1812
3375, 1822, 2138, 316
3376, 316, 316, 0
3377, 0, 0, 0
3378, 2, 2, 0
3379, 8, 9, 1
3380, 44, 247, 203
3381, 236, 1855, 1619
3382, 1628, 2210, 582
3383, 582, 584, 2
3384, 2, 2, 0
3385, 1, 1, 0
3386, 6, 6, 0
3387, 34, 145, 111
3388, 149, 1285, 1136
3389, 1164, 2310, 1146
3390, 1146, 1147, 1
3391, 1, 1, 0
3392, 0, 0, 0
3393, 1, 1, 0
3394, 22, 66, 44
3395, 92, 724, 632
3396, 669, 2378, 1709
3397, 1709, 1716, 7
3398, 7, 7, 0
3399, 1, 1, 0
3400, 4, 4, 0
3401, 24, 48, 24
3402, 79, 608, 529
3403, 554, 2366, 1812
3404, 1813, 1839, 26
3405, 26, 26, 0
3406, 0, 0, 0
3407, 2, 2, 0
3408, 14, 22, 8
3409, 51, 309, 258
3410, 301, 2139, 1838
3411, 1840, 2132, 292
3412, 292, 294, 2
3413, 2, 2, 0
3414, 2, 2, 0
3415, 11, 12, 1
3416, 34, 151, 117
3417, 160, 1402, 1242
3418, 1265, 2293, 1028
3419, 1028, 1030, 2
3420, 2, 2, 0
3421, 1, 1, 0
3422, 3, 3, 0
3423, 29, 92, 63
3424, 109, 926, 817
3425, 854, 2356, 1502
3426, 1503, 1505, 2
3427, 2, 2, 0
3428, 0, 0, 0
3429, 2, 2, 0
3430, 19, 37, 18
3431, 66, 464, 398
3432, 430, 2325, 1895
3433, 1898, 1983, 85
3434, 85, 85, 0
3435, 1, 1, 0
3436, 1, 1, 0
3437, 10, 12, 2
3438, 45, 268, 223
3439, 271, 2034, 1763
3440, 1777, 2173, 396
3441, 396, 396, 0
3442, 0, 0, 0
3443, 1, 1, 0
3444, 6, 6, 0
3445, 42, 215, 173
3446, 240, 1911, 1671
3447, 1682, 2211, 529
3448, 529, 530, 1
3449, 1, 1, 0
3450, 2, 2, 0
3451, 4, 4, 0
3452, 31, 112, 81
3453, 124, 1076, 952
3454, 983, 2339, 1356
3455, 1356, 1358, 2
3456, 2, 2, 0
3457, 2, 2, 0
3458, 1, 1, 0
3459, 15, 36, 21
3460, 70, 527, 457
3461, 503, 2362, 1859
3462, 1860, 1911, 51
3463, 51, 51, 0
3464, 0, 0, 0
3465, 3, 3, 0
3466, 10, 14, 4
3467, 51, 324, 273
3468, 316, 2167, 1851
3469, 1855, 2120, 265
3470, 265, 266, 1
3471, 1, 1, 0
3472, 1, 1, 0
3473, 6, 8, 2
3474, 52, 332, 280
3475, 337, 2188, 1851
3476, 1856, 2104, 248
3477, 248, 249, 1
3478, 1, 1, 0
3479, 2, 2, 0
3480, 9, 12, 3
3481, 49, 292, 243
3482, 279, 2038, 1759
3483, 1764, 2161, 397
3484, 397, 399, 2
3485, 3, 3, 0
3486, 2, 2, 0
3487, 6, 11, 5
3488, 39, 202, 163
3489, 210, 1749, 1539
3490, 1556, 2243, 687
3491, 687, 689, 2
3492, 2, 2, 0
3493, 1, 1, 0
3494, 5, 5, 0
3495, 35, 154, 119
3496, 168, 1456, 1288
3497, 1308, 2291, 983
3498, 983, 984, 1
3499, 1, 1, 0
3500, 0, 0, 0
3501, 2, 2, 0
3502, 31, 93, 62
3503, 103, 855, 752
3504, 779, 2361, 1582
3505, 1582, 1585, 3
3506, 3, 3, 0
3507, 0, 0, 0
3508, 4, 4, 0
3509, 14, 20, 6
3510, 66, 472, 406
3511, 449, 2340, 1891
3512, 1893, 1967, 74
3513, 74, 75, 1
3514, 1, 1, 0
3515, 0, 0, 0
3516, 10, 16, 6
3517, 55, 362, 307
3518, 355, 2260, 1905
3519, 1906, 2080, 174
3520, 174, 174, 0
3521, 0, 0, 0
3522, 0, 0, 0
3523, 7, 7, 0
3524, 51, 317, 266
3525, 304, 2154, 1850
3526, 1853, 2138, 285
3527, 285, 285, 0
3528, 0, 0, 0
3529, 3, 3, 0
3530, 6, 6, 0
3531, 48, 281, 233
3532, 271, 2016, 1745
3533, 1758, 2172, 414
3534, 414, 416, 2
3535, 2, 2, 0
3536, 0, 0, 0
3537, 3, 3, 0
3538, 37, 157, 120
3539, 168, 1440, 1272
3540, 1290, 2292, 1002
3541, 1002, 1002, 0
3542, 0, 0, 0
3543, 1, 1, 0
3544, 3, 3, 0
3545, 34, 129, 95
3546, 143, 1262, 1119
3547, 1146, 2319, 1173
3548, 1173, 1174, 1
3549, 1, 1, 0
3550, 0, 0, 0
3551, 4, 4, 0
3552, 23, 68, 45
3553, 97, 806, 709
3554, 754, 2373, 1619
3555, 1620, 1622, 2
3556, 2, 2, 0
3557, 0, 0, 0
3558, 3, 3, 0
3559, 15, 26, 11
3560, 54, 349, 295
3561, 327, 2204, 1877
3562, 1883, 2101, 218
3563, 218, 221, 3
3564, 3, 3, 0
3565, 0, 0, 0
3566, 9, 14, 5
3567, 48, 273, 225
3568, 261, 1991, 1730
3569, 1744, 2182, 438
3570, 438, 438, 0
3571, 0, 0, 0
3572, 1, 1, 0
3573, 8, 8, 0
3574, 33, 130, 97
3575, 131, 1136, 1005
3576, 1027, 2327, 1300
3577, 1300, 1301, 1
3578, 1, 1, 0
3579, 1, 1, 0
3580, 1, 1, 0
3581, 27, 85, 58
3582, 96, 760, 664
3583, 695, 2370, 1675
3584, 1675, 1681, 6
3585, 6, 6, 0
3586, 2, 2, 0
3587, 5, 7, 2
3588, 21, 47, 26
3589, 76, 563, 487
3590, 526, 2365, 1839
3591, 1840, 1872, 32
3592, 32, 33, 1
3593, 1, 1, 0
3594, 1, 1, 0
3595, 18, 32, 14
3596, 64, 453, 389
3597, 441, 2338, 1897
3598, 1898, 1976, 78
3599, 78, 78, 0
3600, 0, 0, 0
3601, 2, 2, 0
3602, 12, 19, 7
3603, 58, 389, 331
3604, 366, 2268, 1902
3605, 1906, 2062, 156
3606, 156, 158, 2
3607, 2, 2, 0
3608, 3, 3, 0
3609, 12, 19, 7
3610, 51, 319, 268
3611, 307, 2128, 1821
3612, 1828, 2127, 299
3613, 299, 302, 3
3614, 3, 3, 0
3615, 3, 3, 0
3616, 14, 17, 3
3617, 48, 262, 214
3618, 242, 1899, 1657
3619, 1673, 2193, 520
3620, 520, 523, 3
3621, 3, 3, 0
3622, 0, 0, 0
3623, 3, 3, 0
3624, 32, 133, 101
3625, 150, 1298, 1148
3626, 1169, 2315, 1146
3627, 1146, 1146, 0
3628, 0, 0, 0
3629, 0, 0, 0
3630, 3, 3, 0
3631, 25, 67, 42
3632, 100, 835, 735
3633, 769, 2370, 1601
3634, 1601, 1603, 2
3635, 2, 2, 0
3636, 0, 0, 0
3637, 1, 1, 0
3638, 15, 27, 12
3639, 61, 425, 364
3640, 397, 2288, 1891
3641, 1892, 2026, 134
3642, 134, 134, 0
3643, 0, 0, 0
3644, 1, 1, 0
3645, 7, 9, 2
3646, 45, 259, 214
3647, 265, 2023, 1758
3648, 1771, 2182, 411
3649, 411, 412, 1
3650, 1, 1, 0
3651, 0, 0, 0
3652, 5, 6, 1
3653, 39, 181, 142
3654, 188, 1612, 1424
3655, 1442, 2268, 826
3656, 826, 826, 0
3657, 1, 1, 0
3658, 1, 1, 0
3659, 4, 5, 1
3660, 32, 111, 79
3661, 124, 1077, 953
3662, 981, 2339, 1358
3663, 1358, 1359, 1
3664, 1, 1, 0
3665, 1, 1, 0
3666, 4, 4, 0
3667, 24, 74, 50
3668, 96, 801, 705
3669, 735, 2370, 1635
3670, 1635, 1641, 6
3671, 6, 6, 0
3672, 0, 0, 0
3673, 3, 3, 0
3674, 15, 24, 9
3675, 52, 320, 268
3676, 309, 2142, 1833
3677, 1838, 2121, 283
3678, 283, 286, 3
3679, 3, 3, 0
3680, 1, 1, 0
3681, 2, 2, 0
3682, 57, 346, 289
3683, 330, 2198, 1868
3684, 1868, 2110, 242
3685, 242, 243, 1
3686, 1, 1, 0
3687, 2, 2, 0
3688, 9, 10, 1
3689, 39, 215, 176
3690, 220, 1816, 1596
3691, 1615, 2230, 615
3692, 615, 617, 2
3693, 2, 2, 0
3694, 1, 1, 0
3695, 6, 7, 1
3696, 48, 255, 207
3697, 254, 1947, 1693
3698, 1701, 2191, 490
3699, 490, 491, 1
3700, 1, 1, 0
3701, 2, 2, 0
3702, 4, 4, 0
3703, 47, 244, 197
3704, 238, 1856, 1618
3705, 1625, 2209, 584
3706, 584, 586, 2
3707, 2, 2, 0
3708, 1, 1, 0
3709, 11, 16, 5
3710, 47, 241, 194
3711, 243, 1886, 1643
3712, 1656, 2198, 542
3713, 542, 543, 1
3714, 1, 1, 0
3715, 0, 0, 0
3716, 8, 10, 2
3717, 53, 288, 235
3718, 271, 2047, 1776
3719, 1786, 2168, 382
3720, 382, 382, 0
3721, 0, 0, 0
3722, 1, 1, 0
3723, 4, 5, 1
3724, 48, 272, 224
3725, 272, 2028, 1756
3726, 1764, 2175, 411
3727, 411, 412, 1
3728, 1, 1, 0
3729, 0, 0, 0
3730, 3, 4, 1
3731, 42, 211, 169
3732, 224, 1821, 1597
3733, 1610, 2231, 621
3734, 621, 621, 0
3735, 0, 0, 0
3736, 1, 1, 0
3737, 6, 6, 0
3738, 34, 137, 103
3739, 161, 1415, 1254
3740, 1271, 2298, 1027
3741, 1027, 1028, 1
3742, 1, 1, 0
3743, 1, 1, 0
3744, 5, 5, 0
3745, 24, 79, 55
3746, 103, 843, 740
3747, 773, 2364, 1591
3748, 1591, 1595, 4
3749, 4, 4, 0
3750, 1, 1, 0
3751, 4, 4, 0
3752, 22, 45, 23
3753, 68, 492, 424
3754, 454, 2319, 1865
3755, 1869, 1952, 83
3756, 83, 84, 1
3757, 2, 2, 0
3758, 4, 4, 0
3759, 11, 13, 2
3760, 53, 337, 284
3761, 334, 2198, 1864
3762, 1873, 2098, 225
3763, 225, 228, 3
3764, 3, 3, 0
3765, 1, 1, 0
3766, 11, 16, 5
3767, 55, 345, 290
3768, 332, 2203, 1871
3769, 1875, 2101, 226
3770, 226, 227, 1
3771, 1, 1, 0
3772, 1, 1, 0
3773, 4, 4, 0
3774, 51, 287, 236
3775, 278, 2040, 1762
3776, 1771, 2166, 395
3777, 395, 396, 1
3778, 1, 1, 0
3779, 1, 1, 0
3780, 11, 15, 4
3781, 39, 193, 154
3782, 207, 1696, 1489
3783, 1499, 2242, 743
3784, 743, 744, 1
3785, 2, 2, 0
3786, 0, 0, 0
3787, 5, 5, 0
3788, 31, 119, 88
3789, 127, 1069, 942
3790, 969, 2337, 1368
3791, 1368, 1368, 0
3792, 0, 0, 0
3793, 1, 1, 0
3794, 3, 3, 0
3795, 30, 81, 51
3796, 90, 714, 624
3797, 658, 2371, 1713
3798, 1713, 1719, 6
3799, 6, 6, 0
3800, 1, 1, 0
3801, 3, 4, 1
3802, 16, 25, 9
3803, 51, 334, 283
3804, 323, 2182, 1859
3805, 1871, 2107, 236
3806, 236, 239, 3
3807, 3, 4, 1
3808, 1, 1, 0
3809, 11, 15, 4
3810, 39, 201, 162
3811, 205, 1717, 1512
3812, 1528, 2244, 716
3813, 716, 717, 1
3814, 2, 2, 0
3815, 0, 0, 0
3816, 7, 9, 2
3817, 38, 158, 120
3818, 174, 1494, 1320
3819, 1341, 2281, 940
3820, 940, 940, 0
3821, 0, 0, 0
3822, 1, 1, 0
3823, 6, 8, 2
3824, 38, 143, 105
3825, 149, 1305, 1156
3826, 1178, 2306, 1128
3827, 1128, 1129, 1
3828, 1, 1, 0
3829, 1, 1, 0
3830, 1, 1, 0
3831, 28, 78, 50
3832, 96, 786, 690
3833, 730, 2369, 1639
3834, 1639, 1645, 6
3835, 6, 6, 0
3836, 1, 1, 0
3837, 1, 1, 0
3838, 16, 37, 21
3839, 66, 477, 411
3840, 438, 2337, 1899
3841, 1901, 1979, 78
3842, 78, 78, 0
3843, 0, 0, 0
3844, 2, 2, 0
3845, 9, 13, 4
3846, 55, 344, 289
3847, 340, 2201, 1861
3848, 1868, 2094, 226
3849, 226, 228, 2
3850, 3, 3, 0
3851, 3, 3, 0
3852, 10, 16, 6
3853, 45, 256, 211
3854, 250, 1932, 1682
3855, 1695, 2192, 497
3856, 497, 500, 3
3857, 3, 4, 1
3858, 1, 1, 0
3859, 5, 7, 2
3860, 38, 183, 145
3861, 191, 1612, 1421
3862, 1432, 2265, 833
3863, 833, 834, 1
3864, 1, 1, 0
3865, 0, 0, 0
3866, 4, 5, 1
3867, 33, 123, 90
3868, 137, 1183, 1046
3869, 1073, 2326, 1253
3870, 1253, 1253, 0
3871, 0, 0, 0
3872, 1, 1, 0
3873, 3, 3, 0
3874, 27, 69, 42
3875, 89, 694, 605
3876, 641, 2372, 1731
3877, 1732, 1740, 8
3878, 8, 8, 0
3879, 0, 0, 0
3880, 1, 1, 0
3881, 14, 20, 6
3882, 63, 439, 376
3883, 413, 2318, 1905
3884, 1906, 2009, 103
3885, 103, 103, 0
3886, 0, 0, 0
3887, 0, 0, 0
3888, 10, 12, 2
3889, 49, 298, 249
3890, 299, 2133, 1834
3891, 1838, 2142, 304
3892, 304, 304, 0
3893, 0, 0, 0
3894, 3, 3, 0
3895, 6, 6, 0
3896, 42, 235, 193
3897, 247, 1925, 1678
3898, 1689, 2202, 513
3899, 513, 516, 3
3900, 3, 3, 0
3901, 1, 1, 0
3902, 11, 11, 0
3903, 36, 139, 103
3904, 149, 1268, 1119
3905, 1137, 2303, 1166
3906, 1166, 1167, 1
3907, 1, 1, 0
3908, 1, 1, 0
3909, 2, 2, 0
3910, 19, 48, 29
3911, 90, 736, 646
3912, 681, 2380, 1699
3913, 1699, 1708, 9
3914, 9, 9, 0
3915, 1, 1, 0
3916, 3, 3, 0
3917, 9, 17, 8
3918, 72, 519, 447
3919, 486, 2370, 1884
3920, 1884, 1930, 46
3921, 46, 46, 0
3922, 1, 1, 0
3923, 3, 3, 0
3924, 13, 21, 8
3925, 58, 405, 347
3926, 391, 2298, 1907
3927, 1909, 2035, 126
3928, 126, 129, 3
3929, 3, 3, 0
3930, 1, 1, 0
3931, 14, 19, 5
3932, 55, 339, 284
3933, 341, 2211, 1870
3934, 1875, 2089, 214
3935, 214, 215, 1
3936, 1, 1, 0
3937, 1, 1, 0
3938, 6, 9, 3
3939, 54, 315, 261
3940, 304, 2116, 1812
3941, 1816, 2135, 319
3942, 319, 319, 0
3943, 0, 0, 0
3944, 4, 4, 0
3945, 9, 12, 3
3946, 46, 246, 200
3947, 244, 1903, 1659
3948, 1666, 2197, 531
3949, 531, 535, 4
3950, 5, 5, 0
3951, 2, 2, 0
3952, 4, 4, 0
3953, 38, 186, 148
3954, 197, 1686, 1489
3955, 1511, 2259, 748
3956, 748, 750, 2
3957, 2, 2, 0
3958, 2, 2, 0
3959, 6, 6, 0
3960, 31, 106, 75
3961, 117, 977, 860
3962, 894, 2344, 1450
3963, 1450, 1452, 2
3964, 2, 2, 0
3965, 0, 0, 0
3966, 6, 6, 0
3967, 20, 43, 23
3968, 83, 661, 578
3969, 610, 2377, 1767
3970, 1767, 1781, 14
3971, 14, 14, 0
3972, 0, 0, 0
3973, 2, 2, 0
3974, 10, 14, 4
3975, 55, 359, 304
3976, 348, 2204, 1856
3977, 1863, 2085, 222
3978, 222, 224, 2
3979, 2, 2, 0
3980, 4, 4, 0
3981, 10, 14, 4
3982, 53, 338, 285
3983, 323, 2166, 1843
3984, 1847, 2110, 263
3985, 263, 267, 4
3986, 4, 4, 0
3987, 2, 2, 0
3988, 8, 12, 4
3989, 57, 360, 303
3990, 340, 2207, 1867
3991, 1871, 2093, 222
3992, 222, 224, 2
3993, 2, 2, 0
3994, 1, 1, 0
3995, 8, 9, 1
3996, 42, 239, 197
3997, 248, 1959, 1711
3998, 1724, 2201, 477
3999, 477, 478, 1
4000, 1, 1, 0
4001, 1, 1, 0
4002, 4, 4, 0
4003, 39, 186, 147
4004, 195, 1635, 1440
4005, 1457, 2261, 804
4006, 804, 805, 1
4007, 1, 1, 0
4008, 1, 1, 0
4009, 4, 4, 0
4010, 38, 164, 126
4011, 177, 1542, 1365
4012, 1384, 2280, 896
4013, 896, 897, 1
4014, 1, 1, 0
4015, 0, 0, 0
4016, 4, 4, 0
4017, 28, 94, 66
4018, 122, 1066, 944
4019, 970, 2346, 1376
4020, 1376, 1376, 0
4021, 0, 0, 0
4022, 0, 0, 0
4023, 2, 2, 0
4024, 26, 77, 51
4025, 109, 922, 813
4026, 847, 2362, 1515
4027, 1515, 1516, 1
4028, 1, 1, 0
4029, 1, 1, 0
4030, 5, 6, 1
4031, 25, 61, 36
4032, 89, 718, 629
4033, 656, 2375, 1719
4034, 1719, 1725, 6
4035, 6, 6, 0
4036, 1, 1, 0
4037, 1, 1, 0
4038, 19, 32, 13
4039, 73, 533, 460
4040, 502, 2365, 1863
4041, 1864, 1905, 41
4042, 41, 41, 0
4043, 1, 1, 0
4044, 3, 3, 0
4045, 12, 16, 4
4046, 59, 392, 333
4047, 382, 2262, 1880
4048, 1882, 2044, 162
4049, 162, 164, 2
4050, 2, 2, 0
4051, 0, 0, 0
4052, 13, 20, 7
4053, 52, 308, 256
4054, 298, 2142, 1844
4055, 1845, 2137, 292
4056, 292, 292, 0
4057, 0, 0, 0
4058, 0, 0, 0
4059, 8, 11, 3
4060, 48, 269, 221
4061, 270, 2008, 1738
4062, 1749, 2174, 425
4063, 425, 425, 0
4064, 0, 0, 0
4065, 1, 1, 0
4066, 4, 4, 0
4067, 29, 115, 86
4068, 130, 1125, 995
4069, 1023, 2336, 1313
4070, 1313, 1314, 1
4071, 1, 1, 0
4072, 0, 0, 0
4073, 3, 3, 0
4074, 24, 63, 39
4075, 88, 709, 621
4076, 658, 2374, 1716
4077, 1716, 1727, 11
4078, 11, 11, 0
4079, 1, 1, 0
4080, 1, 1, 0
4081, 18, 36, 18
4082, 67, 489, 422
4083, 474, 2345, 1871
4084, 1872, 1940, 68
4085, 68, 69, 1
4086, 1, 1, 0
4087, 0, 0, 0
4088, 4, 4, 0
4089, 42, 236, 194
4090, 238, 1894, 1656
4091, 1670, 2216, 546
4092, 546, 546, 0
4093, 0, 0, 0
4094, 0, 0, 0
4095, 6, 7, 1
4096, 39, 183, 144
4097, 200, 1659, 1459
4098, 1476, 2255, 779
4099, 779, 779, 0
4100, 0, 0, 0
4101, 2, 2, 0
4102, 4, 5, 1
4103, 37, 152, 115
4104, 166, 1436, 1270
4105, 1295, 2291, 996
4106, 996, 998, 2
4107, 2, 2, 0
4108, 0, 0, 0
4109, 5, 5, 0
4110, 27, 89, 62
4111, 105, 870, 765
4112, 797, 2360, 1563
4113, 1563, 1566, 3
4114, 3, 3, 0
4115, 0, 0, 0
4116, 2, 2, 0
4117, 20, 48, 28
4118, 91, 706, 615
4119, 642, 2377, 1735
4120, 1735, 1745, 10
4121, 10, 10, 0
4122, 0, 0, 0
4123, 0, 0, 0
4124, 17, 33, 16
4125, 60, 422, 362
4126, 401, 2294, 1893
4127, 1896, 2022, 126
4128, 126, 126, 0
4129, 0, 0, 0
4130, 2, 2, 0
4131, 10, 13, 3
4132, 49, 296, 247
4133, 291, 2083, 1792
4134, 1800, 2148, 348
4135, 348, 350, 2
4136, 3, 3, 0
4137, 1, 1, 0
4138, 4, 4, 0
4139, 55, 334, 279
4140, 327, 2183, 1856
4141, 1865, 2113, 248
4142, 248, 249, 1
4143, 1, 1, 0
4144, 0, 0, 0
4145, 11, 20, 9
4146, 45, 259, 214
4147, 251, 1946, 1695
4148, 1712, 2193, 481
4149, 481, 481, 0
4150, 0, 0, 0
4151, 1, 1, 0
4152, 3, 4, 1
4153, 47, 248, 201
4154, 243, 1918, 1675
4155, 1689, 2206, 517
4156, 517, 518, 1
4157, 1, 1, 0
4158, 1, 1, 0
4159, 7, 7, 0
4160, 45, 231, 186
4161, 242, 1898, 1656
4162, 1662, 2205, 543
4163, 543, 544, 1
4164, 1, 1, 0
4165, 2, 2, 0
4166, 6, 6, 0
4167, 35, 153, 118
4168, 169, 1466, 1297
4169, 1314, 2288, 974
4170, 974, 976, 2
4171, 2, 2, 0
4172, 0, 0, 0
4173, 5, 7, 2
4174, 32, 109, 77
4175, 117, 1001, 884
4176, 925, 2346, 1421
4177, 1421, 1421, 0
4178, 0, 0, 0
4179, 0, 0, 0
4180, 0, 0, 0
4181, 25, 68, 43
4182, 86, 711, 625
4183, 666, 2383, 1717
4184, 1717, 1723, 6
4185, 6, 6, 0
4186, 0, 0, 0
4187, 3, 4, 1
4188, 15, 30, 15
4189, 62, 437, 375
4190, 423, 2320, 1897
4191, 1898, 1997, 99
4192, 99, 99, 0
4193, 0, 0, 0
4194, 4, 4, 0
4195, 9, 12, 3
4196, 48, 323, 275
4197, 311, 2165, 1854
4198, 1859, 2128, 269
4199, 269, 273, 4
4200, 5, 5, 0
4201, 2, 2, 0
4202, 6, 10, 4
4203, 41, 208, 167
4204, 211, 1737, 1526
4205, 1535, 2240, 705
4206, 705, 707, 2
4207, 2, 2, 0
4208, 1, 1, 0
4209, 7, 7, 0
4210, 32, 134, 102
4211, 158, 1384, 1226
4212, 1250, 2302, 1052
4213, 1052, 1053, 1
4214, 1, 1, 0
4215, 0, 0, 0
4216, 5, 5, 0
4217, 40, 165, 125
4218, 184, 1566, 1382
4219, 1399, 2271, 872
4220, 872, 872, 0
4221, 1, 1, 0
4222, 0, 0, 0
4223, 6, 6, 0
4224, 38, 152, 114
4225, 166, 1428, 1262
4226, 1280, 2290, 1010
4227, 1010, 1010, 0
4228, 0, 0, 0
4229, 1, 1, 0
4230, 1, 1, 0
4231, 22, 69, 47
4232, 97, 812, 715
4233, 755, 2378, 1623
4234, 1623, 1625, 2
4235, 2, 2, 0
4236, 0, 0, 0
4237, 7, 7, 0
4238, 21, 51, 30
4239, 76, 579, 503
4240, 534, 2357, 1823
4241, 1823, 1862, 39
4242, 39, 39, 0
4243, 0, 0, 0
4244, 3, 3, 0
4245, 16, 28, 12
4246, 68, 491, 423
4247, 462, 2352, 1890
4248, 1891, 1951, 60
4249, 60, 60, 0
4250, 0, 0, 0
4251, 1, 1, 0
4252, 13, 16, 3
4253, 39, 207, 168
4254, 221, 1804, 1583
4255, 1601, 2226, 625
4256, 625, 626, 1
4257, 1, 1, 0
4258, 1, 1, 0
4259, 6, 6, 0
4260, 30, 127, 97
4261, 147, 1297, 1150
4262, 1173, 2315, 1142
4263, 1142, 1144, 2
4264, 2, 2, 0
4265, 3, 3, 0
4266, 3, 3, 0
4267, 33, 119, 86
4268, 134, 1165, 1031
4269, 1057, 2327, 1270
4270, 1270, 1273, 3
4271, 3, 3, 0
4272, 0, 0, 0
4273, 8, 8, 0
4274, 23, 57, 34
4275, 88, 702, 614
4276, 656, 2374, 1718
4277, 1718, 1725, 7
4278, 7, 7, 0
4279, 0, 0, 0
4280, 3, 3, 0
4281, 8, 11, 3
4282, 53, 344, 291
4283, 324, 2197, 1873
4284, 1875, 2112, 237
4285, 237, 240, 3
4286, 3, 3, 0
4287, 1, 1, 0
4288, 4, 5, 1
4289, 41, 216, 175
4290, 227, 1823, 1596
4291, 1609, 2227, 618
4292, 618, 619, 1
4293, 1, 1, 0
4294, 0, 0, 0
4295, 4, 4, 0
4296, 26, 95, 69
4297, 108, 916, 808
4298, 832, 2358, 1526
4299, 1526, 1530, 4
4300, 4, 4, 0
4301, 0, 0, 0
4302, 2, 2, 0
4303, 22, 53, 31
4304, 89, 720, 631
4305, 670, 2378, 1708
4306, 1708, 1717, 9
4307, 9, 9, 0
4308, 0, 0, 0
4309, 4, 4, 0
4310, 11, 20, 9
4311, 40, 225, 185
4312, 224, 1836, 1612
4313, 1626, 2221, 595
4314, 595, 599, 4
4315, 4, 4, 0
4316, 0, 0, 0
4317, 7, 8, 1
4318, 40, 187, 147
4319, 200, 1653, 1453
4320, 1468, 2253, 785
4321, 785, 785, 0
4322, 1, 1, 0
4323, 2, 2, 0
4324, 6, 6, 0
4325, 51, 246, 195
4326, 242, 1887, 1645
4327, 1660, 2199, 539
4328, 539, 541, 2
4329, 2, 2, 0
4330, 2, 2, 0
4331, 6, 6, 0
4332, 40, 187, 147
4333, 197, 1669, 1472
4334, 1490, 2255, 765
4335, 765, 767, 2
4336, 3, 3, 0
4337, 0, 0, 0
4338, 6, 9, 3
4339, 37, 143, 106
4340, 148, 1269, 1121
4341, 1154, 2309, 1155
4342, 1155, 1155, 0
4343, 0, 0, 0
4344, 1, 1, 0
4345, 3, 4, 1
4346, 25, 79, 54
4347, 113, 945, 832
4348, 864, 2357, 1493
4349, 1493, 1495, 2
4350, 2, 2, 0
4351, 1, 1, 0
4352, 8, 9, 1
4353, 19, 39, 20
4354, 73, 542, 469
4355, 502, 2348, 1846
4356, 1849, 1898, 49
4357, 49, 49, 0
4358, 1, 1, 0
4359, 2, 3, 1
4360, 15, 24, 9
4361, 56, 381, 325
4362, 366, 2242, 1876
4363, 1882, 2061, 179
4364, 179, 180, 1
4365, 1, 1, 0
4366, 2, 2, 0
4367, 7, 7, 0
4368, 29, 132, 103
4369, 165, 1431, 1266
4370, 1290, 2297, 1007
4371, 1008, 1009, 1
4372, 1, 1, 0
4373, 2, 2, 0
4374, 3, 3, 0
4375, 27, 93, 66
4376, 123, 1068, 945
4377, 962, 2345, 1383
4378, 1383, 1385, 2
4379, 2, 2, 0
4380, 1, 1, 0
4381, 3, 3, 0
4382, 24, 63, 39
4383, 97, 809, 712
4384, 764, 2371, 1607
4385, 1607, 1612, 5
4386, 5, 5, 0
4387, 0, 0, 0
4388, 2, 2, 0
4389, 24, 61, 37
4390, 92, 754, 662
4391, 692, 2378, 1686
4392, 1686, 1690, 4
4393, 4, 4, 0
4394, 0, 0, 0
4395, 2, 2, 0
4396, 15, 32, 17
4397, 65, 453, 388
4398, 427, 2319, 1892
4399, 1893, 1991, 98
4400, 98, 98, 0
4401, 0, 0, 0
4402, 0, 0, 0
4403, 5, 9, 4
4404, 50, 297, 247
4405, 297, 2128, 1831
4406, 1836, 2148, 312
4407, 312, 312, 0
4408, 0, 0, 0
4409, 1, 1, 0
4410, 8, 11, 3
4411, 54, 321, 267
4412, 315, 2158, 1843
4413, 1849, 2122, 273
4414, 273, 274, 1
4415, 1, 1, 0
4416, 0, 0, 0
4417, 6, 6, 0
4418, 43, 233, 190
4419, 227, 1831, 1604
4420, 1615, 2224, 609
4421, 609, 609, 0
4422, 0, 0, 0
4423, 1, 1, 0
4424, 5, 5, 0
4425, 39, 166, 127
4426, 172, 1491, 1319
4427, 1335, 2283, 948
4428, 948, 949, 1
4429, 2, 2, 0
4430, 1, 1, 0
4431, 6, 8, 2
4432, 23, 64, 41
4433, 90, 708, 618
4434, 667, 2373, 1706
4435, 1706, 1714, 8
4436, 8, 8, 0
4437, 2, 2, 0
4438, 1, 1, 0
4439, 13, 26, 13
4440, 62, 443, 381
4441, 425, 2330, 1905
4442, 1906, 1999, 93
4443, 94, 94, 0
4444, 0, 0, 0
4445, 5, 5, 0
4446, 6, 8, 2
4447, 55, 357, 302
4448, 356, 2258, 1902
4449, 1905, 2078, 173
4450, 173, 176, 3
4451, 3, 3, 0
4452, 2, 2, 0
4453, 6, 9, 3
4454, 39, 204, 165
4455, 211, 1752, 1541
4456, 1556, 2242, 686
4457, 686, 688, 2
4458, 2, 2, 0
4459, 1, 1, 0
4460, 7, 8, 1
4461, 38, 169, 131
4462, 169, 1478, 1309
4463, 1324, 2285, 961
4464, 961, 962, 1
4465, 1, 1, 0
4466, 0, 0, 0
4467, 2, 3, 1
4468, 32, 121, 89
4469, 130, 1142, 1012
4470, 1040, 2336, 1296
4471, 1296, 1296, 0
4472, 0, 0, 0
4473, 1, 1, 0
4474, 8, 8, 0
4475, 19, 59, 40
4476, 84, 660, 576
4477, 610, 2376, 1766
4478, 1767, 1779, 12
4479, 13, 14, 1
4480, 1, 1, 0
4481, 2, 2, 0
4482, 15, 23, 8
4483, 58, 394, 336
4484, 376, 2259, 1883
4485, 1887, 2049, 162
4486, 162, 164, 2
4487, 2, 2, 0
4488, 1, 1, 0
4489, 12, 18, 6
4490, 62, 420, 358
4491, 396, 2294, 1898
4492, 1902, 2029, 127
4493, 127, 128, 1
4494, 1, 1, 0
4495, 2, 2, 0
4496, 5, 7, 2
4497, 44, 256, 212
4498, 258, 1985, 1727
4499, 1735, 2191, 456
4500, 456, 458, 2
4501, 2, 2, 0
4502, 1, 1, 0
4503, 4, 5, 1
4504, 40, 205, 165
4505, 203, 1710, 1507
4506, 1524, 2252, 728
4507, 728, 729, 1
4508, 1, 1, 0
4509, 1, 1, 0
4510, 3, 3, 0
4511, 32, 125, 93
4512, 133, 1178, 1045
4513, 1067, 2331, 1264
4514, 1264, 1265, 1
4515, 2, 2, 0
4516, 0, 0, 0
4517, 2, 2, 0
4518, 18, 32, 14
4519, 63, 437, 374
4520, 425, 2319, 1894
4521, 1898, 1992, 94
4522, 94, 95, 1
4523, 1, 1, 0
4524, 0, 0, 0
4525, 11, 17, 6
4526, 45, 263, 218
4527, 265, 2010, 1745
4528, 1756, 2179, 423
4529, 423, 423, 0
4530, 1, 1, 0
4531, 2, 2, 0
4532, 6, 6, 0
4533, 44, 220, 176
4534, 224, 1803, 1579
4535, 1585, 2224, 639
4536, 639, 641, 2
4537, 2, 2, 0
4538, 1, 1, 0
4539, 6, 7, 1
4540, 26, 89, 63
4541, 106, 914, 808
4542, 837, 2360, 1523
4543, 1523, 1525, 2
4544, 2, 2, 0
4545, 1, 1, 0
4546, 0, 0, 0
4547, 21, 47, 26
4548, 79, 583, 504
4549, 548, 2361, 1813
4550, 1813, 1852, 39
4551, 39, 39, 0
4552, 0, 0, 0
4553, 1, 1, 0
4554, 9, 14, 5
4555, 62, 442, 380
4556, 432, 2333, 1901
4557, 1903, 1996, 93
4558, 93, 93, 0
4559, 0, 0, 0
4560, 1, 1, 0
4561, 14, 22, 8
4562, 46, 281, 235
4563, 266, 1992, 1726
4564, 1732, 2173, 441
4565, 441, 442, 1
4566, 2, 2, 0
4567, 1, 1, 0
4568, 7, 8, 1
4569, 39, 197, 158
4570, 206, 1718, 1512
4571, 1525, 2247, 722
4572, 722, 723, 1
4573, 2, 2, 0
4574, 1, 1, 0
4575, 5, 5, 0
4576, 35, 136, 101
4577, 144, 1272, 1128
4578, 1157, 2315, 1158
4579, 1158, 1159, 1
4580, 1, 1, 0
4581, 1, 1, 0
4582, 5, 6, 1
4583, 19, 54, 35
4584, 93, 757, 664
4585, 688, 2376, 1688
4586, 1688, 1695, 7
4587, 7, 7, 0
4588, 0, 0, 0
4589, 0, 0, 0
4590, 20, 48, 28
4591, 70, 520, 450
4592, 496, 2362, 1866
4593, 1868, 1914, 46
4594, 46, 46, 0
4595, 0, 0, 0
4596, 1, 1, 0
4597, 15, 20, 5
4598, 43, 244, 201
4599, 253, 1930, 1677
4600, 1689, 2188, 499
4601, 499, 500, 1
4602, 1, 1, 0
4603, 1, 1, 0
4604, 9, 9, 0
4605, 38, 185, 147
4606, 200, 1667, 1467
4607, 1486, 2252, 766
4608, 766, 767, 1
4609, 1, 1, 0
4610, 0, 0, 0
4611, 7, 8, 1
4612, 38, 162, 124
4613, 176, 1506, 1330
4614, 1347, 2279, 932
4615, 932, 932, 0
4616, 0, 0, 0
4617, 2, 2, 0
4618, 4, 4, 0
4619, 36, 135, 99
4620, 151, 1326, 1175
4621, 1202, 2307, 1105
4622, 1105, 1107, 2
4623, 2, 2, 0
4624, 0, 0, 0
4625, 2, 2, 0
4626, 22, 64, 42
4627, 92, 741, 649
4628, 688, 2377, 1689
4629, 1689, 1696, 7
4630, 7, 7, 0
4631, 2, 2, 0
4632, 2, 2, 0
4633, 19, 37, 18
4634, 56, 370, 314
4635, 361, 2243, 1882
4636, 1885, 2062, 177
4637, 177, 179, 2
4638, 2, 2, 0
4639, 1, 1, 0
4640, 9, 11, 2
4641, 56, 337, 281
4642, 338, 2199, 1861
4643, 1863, 2096, 233
4644, 233, 234, 1
4645, 2, 2, 0
4646, 2, 2, 0
4647, 6, 6, 0
4648, 49, 300, 251
4649, 294, 2112, 1818
4650, 1823, 2149, 326
4651, 326, 328, 2
4652, 2, 2, 0
4653, 0, 0, 0
4654, 4, 4, 0
4655, 35, 165, 130
4656, 176, 1503, 1327
4657, 1345, 2285, 940
4658, 940, 940, 0
4659, 0, 0, 0
4660, 0, 0, 0
4661, 7, 9, 2
4662, 31, 110, 79
4663, 132, 1150, 1018
4664, 1043, 2330, 1287
4665, 1287, 1287, 0
4666, 0, 0, 0
4667, 1, 1, 0
4668, 0, 0, 0
4669, 17, 42, 25
4670, 76, 571, 495
4671, 524, 2366, 1842
4672, 1843, 1883, 40
4673, 40, 40, 0
4674, 0, 0, 0
4675, 0, 0, 0
4676, 13, 24, 11
4677, 67, 489, 422
4678, 459, 2347, 1888
4679, 1889, 1961, 72
4680, 72, 72, 0
4681, 0, 0, 0
4682, 0, 0, 0
4683, 13, 18, 5
4684, 59, 379, 320
4685, 364, 2246, 1882
4686, 1885, 2064, 179
4687, 179, 179, 0
4688, 0, 0, 0
4689, 0, 0, 0
4690, 9, 16, 7
4691, 44, 260, 216
4692, 268, 2027, 1759
4693, 1769, 2179, 410
4694, 410, 410, 0
4695, 1, 1, 0
4696, 1, 1, 0
4697, 10, 12, 2
4698, 35, 158, 123
4699, 175, 1503, 1328
4700, 1346, 2279, 933
4701, 933, 934, 1
4702, 1, 1, 0
4703, 0, 0, 0
4704, 3, 3, 0
4705, 31, 97, 66
4706, 121, 1046, 925
4707, 947, 2345, 1398
4708, 1398, 1398, 0
4709, 0, 0, 0
4710, 0, 0, 0
4711, 0, 0, 0
4712, 17, 24, 7
4713, 58, 382, 324
4714, 363, 2237, 1874
4715, 1879, 2062, 183
4716, 183, 183, 0
4717, 0, 0, 0
4718, 1, 1, 0
4719, 8, 15, 7
4720, 51, 299, 248
4721, 287, 2072, 1785
4722, 1790, 2153, 363
4723, 363, 364, 1
4724, 2, 2, 0
4725, 0, 0, 0
4726, 7, 7, 0
4727, 47, 257, 210
4728, 255, 1948, 1693
4729, 1698, 2191, 493
4730, 493, 493, 0
4731, 0, 0, 0
4732, 2, 2, 0
4733, 3, 3, 0
4734, 41, 208, 167
4735, 206, 1725, 1519
4736, 1523, 2248, 725
4737, 725, 727, 2
4738, 2, 2, 0
4739, 0, 0, 0
4740, 5, 6, 1
4741, 32, 118, 86
4742, 130, 1101, 971
4743, 996, 2333, 1337
4744, 1337, 1337, 0
4745, 0, 0, 0
4746, 0, 0, 0
4747, 3, 3, 0
4748, 20, 53, 33
4749, 95, 774, 679
4750, 711, 2377, 1666
4751, 1666, 1671, 5
4752, 5, 5, 0
4753, 0, 0, 0
4754, 4, 4, 0
4755, 22, 58, 36
4756, 85, 693, 608
4757, 638, 2378, 1740
4758, 1741, 1751, 10
4759, 10, 10, 0
4760, 1, 1, 0
4761, 3, 3, 0
4762, 8, 11, 3
4763, 54, 346, 292
4764, 343, 2216, 1873
4765, 1875, 2092, 217
4766, 217, 217, 0
4767, 0, 0, 0
4768, 3, 3, 0
4769, 11, 15, 4
4770, 48, 282, 234
4771, 285, 2050, 1765
4772, 1773, 2153, 380
4773, 380, 382, 2
4774, 2, 2, 0
4775, 1, 1, 0
4776, 2, 3, 1
4777, 45, 242, 197
4778, 242, 1900, 1658
4779, 1667, 2210, 543
4780, 543, 544, 1
4781, 1, 1, 0
4782, 1, 1, 0
4783, 6, 8, 2
4784, 43, 203, 160
4785, 205, 1709, 1504
4786, 1522, 2245, 723
4787, 723, 724, 1
4788, 1, 1, 0
4789, 1, 1, 0
4790, 7, 9, 2
4791, 29, 107, 78
4792, 131, 1121, 990
4793, 1027, 2332, 1305
4794, 1305, 1306, 1
4795, 1, 1, 0
4796, 1, 1, 0
4797, 6, 9, 3
4798, 24, 68, 44
4799, 90, 722, 632
4800, 672, 2374, 1702
4801, 1702, 1708, 6
4802, 6, 6, 0
4803, 1, 1, 0
4804, 4, 4, 0
4805, 21, 38, 17
4806, 61, 420, 359
4807, 393, 2280, 1887
4808, 1890, 2021, 131
4809, 131, 135, 4
4810, 4, 4, 0
4811, 5, 5, 0
4812, 10, 14, 4
4813, 39, 211, 172
4814, 222, 1802, 1580
4815, 1594, 2224, 630
4816, 630, 635, 5
4817, 5, 5, 0
4818, 1, 1, 0
4819, 4, 5, 1
4820, 39, 185, 146
4821, 202, 1689, 1487
4822, 1502, 2254, 752
4823, 752, 753, 1
4824, 2, 2, 0
4825, 3, 3, 0
4826, 4, 4, 0
4827, 38, 159, 121
4828, 172, 1472, 1300
4829, 1329, 2283, 954
4830, 954, 957, 3
4831, 3, 3, 0
4832, 2, 2, 0
4833, 2, 2, 0
4834, 34, 123, 89
4835, 132, 1153, 1021
4836, 1039, 2330, 1291
4837, 1291, 1293, 2
4838, 2, 2, 0
4839, 2, 2, 0
4840, 3, 3, 0
4841, 24, 64, 40
4842, 83, 668, 585
4843, 615, 2375, 1760
4844, 1760, 1775, 15
4845, 15, 15, 0
4846, 0, 0, 0
4847, 5, 5, 0
4848, 11, 16, 5
4849, 55, 371, 316
4850, 364, 2275, 1911
4851, 1911, 2065, 154
4852, 154, 156, 2
4853, 2, 2, 0
4854, 0, 0, 0
4855, 5, 7, 2
4856, 49, 288, 239
4857, 286, 2086, 1800
4858, 1806, 2160, 354
4859, 354, 354, 0
4860, 0, 0, 0
4861, 2, 2, 0
4862, 6, 6, 0
4863, 42, 203, 161
4864, 200, 1676, 1476
4865, 1493, 2250, 757
4866, 757, 759, 2
4867, 2, 2, 0
4868, 0, 0, 0
4869, 5, 5, 0
4870, 40, 175, 135
4871, 196, 1659, 1463
4872, 1479, 2259, 780
4873, 780, 780, 0
4874, 0, 0, 0
4875, 2, 2, 0
4876, 2, 2, 0
4877, 45, 205, 160
4878, 207, 1719, 1512
4879, 1523, 2244, 721
4880, 721, 723, 2
4881, 2, 2, 0
4882, 0, 0, 0
4883, 5, 6, 1
4884, 34, 122, 88
4885, 133, 1159, 1026
4886, 1043, 2328, 1285
4887, 1285, 1285, 0
4888, 1, 1, 0
4889, 0, 0, 0
4890, 5, 5, 0
4891, 24, 74, 50
4892, 89, 713, 624
4893, 661, 2370, 1709
4894, 1709, 1721, 12
4895, 12, 12, 0
4896, 1, 1, 0
4897, 6, 6, 0
4898, 16, 33, 17
4899, 79, 607, 528
4900, 574, 2373, 1799
4901, 1800, 1825, 25
4902, 25, 25, 0
4903, 1, 1, 0
4904, 3, 3, 0
4905, 16, 32, 16
4906, 66, 463, 397
4907, 438, 2337, 1899
4908, 1899, 1977, 78
4909, 78, 79, 1
4910, 1, 1, 0
4911, 2, 2, 0
4912, 13, 20, 7
4913, 59, 411, 352
4914, 398, 2311, 1913
4915, 1916, 2028, 112
4916, 112, 112, 0
4917, 0, 0, 0
4918, 2, 2, 0
4919, 10, 14, 4
4920, 45, 273, 228
4921, 271, 2044, 1773
4922, 1777, 2172, 395
4923, 395, 397, 2
4924, 3, 3, 0
4925, 0, 0, 0
4926, 4, 4, 0
4927, 42, 203, 161
4928, 209, 1738, 1529
4929, 1544, 2245, 701
4930, 701, 701, 0
4931, 0, 0, 0
4932, 1, 1, 0
4933, 5, 5, 0
4934, 35, 132, 97
4935, 150, 1302, 1152
4936, 1173, 2309, 1136
4937, 1136, 1137, 1
4938, 1, 1, 0
4939, 0, 0, 0
4940, 2, 2, 0
4941, 22, 53, 31
4942, 93, 745, 652
4943, 678, 2377, 1699
4944, 1699, 1705, 6
4945, 6, 6, 0
4946, 0, 0, 0
4947, 2, 2, 0
4948, 12, 19, 7
4949, 51, 330, 279
4950, 326, 2168, 1842
4951, 1849, 2109, 260
4952, 260, 262, 2
4953, 2, 2, 0
4954, 0, 0, 0
4955, 9, 10, 1
4956, 42, 234, 192
4957, 235, 1897, 1662
4958, 1669, 2214, 545
4959, 545, 545, 0
4960, 0, 0, 0
4961, 1, 1, 0
4962, 3, 3, 0
4963, 44, 221, 177
4964, 229, 1857, 1628
4965, 1641, 2223, 582
4966, 582, 583, 1
4967, 1, 1, 0
4968, 2, 2, 0
4969, 5, 6, 1
4970, 30, 106, 76
4971, 124, 1081, 957
4972, 984, 2339, 1355
4973, 1355, 1357, 2
4974, 3, 3, 0
4975, 1, 1, 0
4976, 1, 1, 0
4977, 20, 38, 18
4978, 79, 610, 531
4979, 577, 2372, 1795
4980, 1795, 1823, 28
4981, 28, 28, 0
4982, 0, 0, 0
4983, 4, 4, 0
4984, 9, 15, 6
4985, 49, 292, 243
4986, 280, 2080, 1800
4987, 1808, 2158, 350
4988, 350, 353, 3
4989, 3, 3, 0
4990, 4, 5, 1
4991, 7, 7, 0
4992, 41, 208, 167
4993, 213, 1753, 1540
4994, 1551, 2235, 684
4995, 684, 688, 4
4996, 4, 5, 1
4997, 2, 2, 0
4998, 3, 3, 0
4999, 37, 147, 110
5000, 148, 1267, 1119
5001, 1148, 2310, 1162
5002, 1162, 1164, 2
5003, 2, 2, 0
5004, 1, 1, 0
5005, 5, 6, 1
5006, 20, 53, 33
5007, 70, 500, 430
5008, 474, 2342, 1868
5009, 1869, 1931, 62
5010, 62, 63, 1
5011, 3, 3, 0
5012, 2, 2, 0
5013, 16, 25, 9
5014, 61, 409, 348
5015, 394, 2282, 1888
5016, 1891, 2027, 136
5017, 136, 138, 2
5018, 2, 2, 0
5019, 1, 1, 0
5020, 10, 13, 3
5021, 41, 218, 177
5022, 223, 1804, 1581
5023, 1588, 2225, 637
5024, 637, 638, 1
5025, 1, 1, 0
5026, 1, 1, 0
5027, 5, 5, 0
5028, 34, 133, 99
5029, 146, 1274, 1128
5030, 1144, 2314, 1170
5031, 1170, 1171, 1
5032, 1, 1, 0
5033, 0, 0, 0
5034, 5, 5, 0
5035, 39, 153, 114
5036, 160, 1366, 1206
5037, 1229, 2296, 1067
5038, 1067, 1067, 0
5039, 0, 0, 0
5040, 1, 1, 0
5041, 7, 8, 1
5042, 33, 110, 77
5043, 123, 1055, 932
5044, 948, 2336, 1388
5045, 1388, 1389, 1
5046, 1, 1, 0
5047, 0, 0, 0
5048, 2, 2, 0
5049, 28, 89, 61
5050, 110, 935, 825
5051, 853, 2360, 1507
5052, 1507, 1507, 0
5053, 0, 0, 0
5054, 1, 1, 0
5055, 4, 4, 0
5056, 16, 32, 16
5057, 60, 417, 357
5058, 397, 2306, 1909
5059, 1911, 2023, 112
5060, 112, 114, 2
5061, 2, 2, 0
5062, 0, 0, 0
5063, 9, 11, 2
5064, 51, 302, 251
5065, 280, 2054, 1774
5066, 1784, 2160, 376
5067, 376, 376, 0
5068, 0, 0, 0
5069, 1, 1, 0
5070, 6, 6, 0
5071, 43, 217, 174
5072, 222, 1775, 1553
5073, 1565, 2228, 663
5074, 663, 664, 1
5075, 1, 1, 0
5076, 1, 1, 0
5077, 2, 2, 0
5078, 32, 116, 84
5079, 136, 1197, 1061
5080, 1088, 2329, 1241
5081, 1241, 1242, 1
5082, 1, 1, 0
5083, 0, 0, 0
5084, 2, 2, 0
5085, 33, 116, 83
5086, 130, 1138, 1008
5087, 1029, 2335, 1306
5088, 1306, 1306, 0
5089, 0, 0, 0
5090, 0, 0, 0
5091, 3, 3, 0
5092, 21, 56, 35
5093, 95, 799, 704
5094, 742, 2377, 1635
5095, 1635, 1639, 4
5096, 4, 4, 0
5097, 0, 0, 0
5098, 4, 4, 0
5099, 28, 69, 41
5100, 90, 724, 634
5101, 668, 2369, 1701
5102, 1701, 1710, 9
5103, 9, 9, 0
5104, 1, 1, 0
5105, 2, 2, 0
5106, 14, 27, 13
5107, 70, 520, 450
5108, 481, 2355, 1874
5109, 1876, 1933, 57
5110, 57, 57, 0
5111, 0, 0, 0
5112, 1, 1, 0
5113, 8, 12, 4
5114, 54, 337, 283
5115, 327, 2185, 1858
5116, 1864, 2110, 246
5117, 246, 247, 1
5118, 2, 2, 0
5119, 0, 0, 0
5120, 7, 8, 1
5121, 36, 171, 135
5122, 185, 1570, 1385
5123, 1403, 2272, 869
5124, 869, 869, 0
5125, 0, 0, 0
5126, 0, 0, 0
5127, 2, 2, 0
5128, 38, 153, 115
5129, 160, 1367, 1207
5130, 1241, 2300, 1059
5131, 1059, 1059, 0
5132, 0, 0, 0
5133, 0, 0, 0
5134, 6, 6, 0
5135, 36, 137, 101
5136, 137, 1203, 1066
5137, 1097, 2320, 1223
5138, 1223, 1224, 1
5139, 1, 1, 0
5140, 0, 0, 0
5141, 3, 3, 0
5142, 20, 58, 38
5143, 75, 558, 483
5144, 514, 2351, 1837
5145, 1838, 1888, 50
5146, 52, 52, 0
5147, 0, 0, 0
5148, 4, 4, 0
5149, 11, 15, 4
5150, 59, 396, 337
5151, 380, 2282, 1902
5152, 1903, 2046, 143
5153, 143, 146, 3
5154, 4, 4, 0
5155, 3, 3, 0
5156, 13, 19, 6
5157, 46, 267, 221
5158, 280, 2041, 1761
5159, 1769, 2158, 389
5160, 389, 392, 3
5161, 3, 3, 0
5162, 4, 4, 0
5163, 7, 8, 1
5164, 46, 258, 212
5165, 264, 2009, 1745
5166, 1752, 2179, 427
5167, 427, 430, 3
5168, 3, 3, 0
5169, 1, 1, 0
5170, 9, 13, 4
5171, 59, 373, 314
5172, 344, 2211, 1867
5173, 1868, 2087, 219
5174, 219, 220, 1
5175, 2, 2, 0
5176, 1, 1, 0
5177, 9, 10, 1
5178, 51, 293, 242
5179, 270, 1998, 1728
5180, 1735, 2169, 434
5181, 434, 435, 1
5182, 1, 1, 0
5183, 0, 0, 0
5184, 6, 6, 0
5185, 38, 175, 137
5186, 181, 1564, 1383
5187, 1397, 2275, 878
5188, 878, 878, 0
5189, 1, 1, 0
5190, 1, 1, 0
5191, 9, 9, 0
5192, 25, 84, 59
5193, 102, 862, 760
5194, 777, 2359, 1582
5195, 1582, 1587, 5
5196, 5, 5, 0
5197, 0, 0, 0
5198, 1, 1, 0
5199, 17, 31, 14
5200, 66, 459, 393
5201, 437, 2331, 1894
5202, 1897, 1979, 82
5203, 82, 82, 0
5204, 2, 2, 0
5205, 1, 1, 0
5206, 9, 16, 7
5207, 39, 203, 164
5208, 203, 1668, 1465
5209, 1480, 2248, 768
5210, 768, 769, 1
5211, 1, 1, 0
5212, 2, 2, 0
5213, 5, 5, 0
5214, 41, 169, 128
5215, 174, 1503, 1329
5216, 1352, 2278, 926
5217, 926, 928, 2
5218, 2, 2, 0
5219, 0, 0, 0
5220, 5, 5, 0
5221, 34, 128, 94
5222, 150, 1323, 1173
5223, 1202, 2311, 1109
5224, 1109, 1109, 0
5225, 0, 0, 0
5226, 0, 0, 0
5227, 5, 5, 0
5228, 25, 85, 60
5229, 100, 840, 740
5230, 776, 2367, 1591
5231, 1591, 1594, 3
5232, 3, 3, 0
5233, 0, 0, 0
5234, 2, 2, 0
5235, 22, 51, 29
5236, 82, 642, 560
5237, 602, 2377, 1775
5238, 1775, 1792, 17
5239, 17, 17, 0
5240, 1, 1, 0
5241, 2, 2, 0
5242, 21, 39, 18
5243, 85, 655, 570
5244, 603, 2375, 1772
5245, 1772, 1789, 17
5246, 17, 17, 0
5247, 0, 0, 0
5248, 3, 4, 1
5249, 13, 21, 8
5250, 53, 338, 285
5251, 324, 2185, 1861
5252, 1866, 2107, 241
5253, 242, 243, 1
5254, 1, 1, 0
5255, 1, 1, 0
5256, 4, 4, 0
5257, 41, 222, 181
5258, 211, 1759, 1548
5259, 1564, 2243, 679
5260, 679, 680, 1
5261, 1, 1, 0
5262, 3, 3, 0
5263, 7, 8, 1
5264, 32, 122, 90
5265, 126, 1091, 965
5266, 993, 2332, 1339
5267, 1339, 1342, 3
5268, 3, 3, 0
5269, 0, 0, 0
5270, 4, 5, 1
5271, 26, 74, 48
5272, 87, 696, 609
5273, 641, 2372, 1731
5274, 1731, 1742, 11
5275, 11, 11, 0
5276, 1, 1, 0
5277, 1, 1, 0
5278, 16, 30, 14
5279, 71, 519, 448
5280, 491, 2356, 1865
5281, 1865, 1921, 56
5282, 56, 56, 0
5283, 0, 0, 0
5284, 3, 3, 0
5285, 7, 8, 1
5286, 51, 314, 263
5287, 308, 2136, 1828
5288, 1832, 2131, 299
5289, 299, 302, 3
5290, 3, 3, 0
5291, 4, 5, 1
5292, 12, 18, 6
5293, 40, 205, 165
5294, 202, 1680, 1478
5295, 1495, 2242, 747
5296, 747, 751, 4
5297, 4, 5, 1
5298, 1, 1, 0
5299, 9, 10, 1
5300, 28, 92, 64
5301, 121, 1009, 888
5302, 927, 2341, 1414
5303, 1414, 1415, 1
5304, 1, 1, 0
5305, 1, 1, 0
5306, 3, 3, 0
5307, 20, 53, 33
5308, 81, 611, 530
5309, 575, 2373, 1798
5310, 1798, 1821, 23
5311, 23, 23, 0
5312, 0, 0, 0
5313, 3, 3, 0
5314, 12, 15, 3
5315, 49, 307, 258
5316, 306, 2128, 1822
5317, 1830, 2130, 300
5318, 300, 303, 3
5319, 3, 3, 0
5320, 2, 2, 0
5321, 2, 2, 0
5322, 59, 376, 317
5323, 363, 2252, 1889
5324, 1892, 2074, 182
5325, 182, 184, 2
5326, 2, 2, 0
5327, 0, 0, 0
5328, 5, 6, 1
5329, 37, 201, 164
5330, 202, 1695, 1493
5331, 1508, 2256, 748
5332, 748, 748, 0
5333, 0, 0, 0
5334, 0, 0, 0
5335, 8, 9, 1
5336, 37, 135, 98
5337, 139, 1208, 1069
5338, 1086, 2316, 1230
5339, 1230, 1230, 0
5340, 0, 0, 0
5341, 2, 2, 0
5342, 0, 0, 0
5343, 37, 148, 111
5344, 163, 1392, 1229
5345, 1250, 2298, 1048
5346, 1048, 1050, 2
5347, 2, 2, 0
5348, 1, 1, 0
5349, 2, 2, 0
5350, 27, 93, 66
5351, 114, 997, 883
5352, 919, 2354, 1435
5353, 1435, 1438, 3
5354, 3, 3, 0
5355, 2, 2, 0
5356, 4, 6, 2
5357, 17, 33, 16
5358, 59, 398, 339
5359, 369, 2227, 1858
5360, 1861, 2051, 190
5361, 190, 193, 3
5362, 3, 4, 1
5363, 3, 3, 0
5364, 11, 16, 5
5365, 41, 224, 183
5366, 223, 1798, 1575
5367, 1588, 2222, 634
5368, 634, 637, 3
5369, 4, 4, 0
5370, 0, 0, 0
5371, 3, 4, 1
5372, 44, 212, 168
5373, 216, 1787, 1571
5374, 1578, 2237, 659
5375, 659, 659, 0
5376, 0, 0, 0
5377, 0, 0, 0
5378, 4, 4, 0
5379, 31, 130, 99
5380, 147, 1288, 1141
5381, 1162, 2318, 1156
5382, 1156, 1156, 0
5383, 0, 0, 0
5384, 0, 0, 0
5385, 7, 7, 0
5386, 25, 73, 48
5387, 106, 876, 770
5388, 800, 2362, 1562
5389, 1562, 1562, 0
5390, 0, 0, 0
5391, 2, 2, 0
5392, 3, 3, 0
5393, 19, 43, 24
5394, 58, 382, 324
5395, 371, 2265, 1894
5396, 1899, 2049, 150
5397, 150, 151, 1
5398, 1, 1, 0
5399, 0, 0, 0
5400, 10, 10, 0
5401, 38, 207, 169
5402, 218, 1783, 1565
5403, 1576, 2234, 658
5404, 658, 658, 0
5405, 0, 0, 0
5406, 1, 1, 0
5407, 4, 4, 0
5408, 31, 127, 96
5409, 126, 1081, 955
5410, 981, 2338, 1357
5411, 1357, 1358, 1
5412, 1, 1, 0
5413, 0, 0, 0
5414, 4, 5, 1
5415, 21, 49, 28
5416, 68, 512, 444
5417, 488, 2354, 1866
5418, 1866, 1919, 53
5419, 53, 55, 2
5420, 3, 3, 0
5421, 2, 2, 0
5422, 13, 20, 7
5423, 53, 337, 284
5424, 331, 2191, 1860
5425, 1863, 2101, 238
5426, 238, 238, 0
5427, 1, 1, 0
5428, 0, 0, 0
5429, 6, 7, 1
5430, 51, 308, 257
5431, 301, 2114, 1813
5432, 1824, 2142, 318
5433, 318, 318, 0
5434, 0, 0, 0
5435, 0, 0, 0
5436, 6, 6, 0
5437, 43, 232, 189
5438, 234, 1883, 1649
5439, 1655, 2217, 562
5440, 562, 562, 0
5441, 0, 0, 0
5442, 1, 1, 0
5443, 6, 7, 1
5444, 40, 196, 156
5445, 205, 1719, 1514
5446, 1522, 2248, 726
5447, 726, 727, 1
5448, 1, 1, 0
5449, 1, 1, 0
5450, 7, 9, 2
5451, 39, 175, 136
5452, 185, 1574, 1389
5453, 1413, 2268, 855
5454, 855, 856, 1
5455, 1, 1, 0
5456, 0, 0, 0
5457, 10, 11, 1
5458, 30, 103, 73
5459, 131, 1149, 1018
5460, 1042, 2329, 1287
5461, 1287, 1287, 0
5462, 0, 0, 0
5463, 0, 0, 0
5464, 3, 3, 0
5465, 27, 75, 48
5466, 87, 717, 630
5467, 659, 2376, 1717
5468, 1717, 1724, 7
5469, 7, 7, 0
5470, 0, 0, 0
5471, 1, 1, 0
5472, 23, 50, 27
5473, 69, 526, 457
5474, 487, 2344, 1857
5475, 1858, 1920, 62
5476, 62, 62, 0
5477, 0, 0, 0
5478, 3, 3, 0
5479, 5, 7, 2
5480, 52, 322, 270
5481, 317, 2154, 1837
5482, 1843, 2123, 280
5483, 280, 283, 3
5484, 3, 3, 0
5485, 0, 0, 0
5486, 5, 6, 1
5487, 57, 350, 293
5488, 333, 2197, 1864
5489, 1871, 2105, 234
5490, 234, 234, 0
5491, 0, 0, 0
5492, 0, 0, 0
5493, 6, 7, 1
5494, 50, 296, 246
5495, 298, 2137, 1839
5496, 1845, 2146, 301
5497, 301, 301, 0
5498, 0, 0, 0
5499, 0, 0, 0
5500, 8, 11, 3
5501, 47, 266, 219
5502, 257, 1965, 1708
5503, 1716, 2188, 472
5504, 472, 472, 0
5505, 0, 0, 0
5506, 0, 0, 0
5507, 6, 7, 1
5508, 35, 176, 141
5509, 189, 1606, 1417
5510, 1444, 2270, 826
5511, 826, 826, 0
5512, 0, 0, 0
5513, 1, 1, 0
5514, 6, 6, 0
5515, 26, 85, 59
5516, 107, 899, 792
5517, 830, 2359, 1529
5518, 1529, 1531, 2
5519, 2, 2, 0
5520, 0, 0, 0
5521, 2, 2, 0
5522, 17, 30, 13
5523, 59, 405, 346
5524, 377, 2260, 1883
5525, 1887, 2045, 158
5526, 158, 159, 1
5527, 1, 1, 0
5528, 3, 3, 0
5529, 15, 19, 4
5530, 39, 197, 158
5531, 208, 1724, 1516
5532, 1530, 2235, 705
5533, 705, 708, 3
5534, 3, 3, 0
5535, 0, 0, 0
5536, 6, 7, 1
5537, 29, 102, 73
5538, 118, 1021, 903
5539, 937, 2347, 1410
5540, 1410, 1410, 0
5541, 0, 0, 0
5542, 1, 1, 0
5543, 3, 4, 1
5544, 31, 94, 63
5545, 101, 826, 725
5546, 751, 2361, 1610
5547, 1610, 1614, 4
5548, 4, 4, 0
5549, 1, 1, 0
5550, 3, 3, 0
5551, 15, 29, 14
5552, 64, 463, 399
5553, 441, 2330, 1889
5554, 1891, 1977, 86
5555, 86, 88, 2
5556, 2, 2, 0
5557, 3, 3, 0
5558, 15, 22, 7
5559, 62, 426, 364
5560, 402, 2310, 1908
5561, 1912, 2018, 106
5562, 107, 109, 2
5563, 2, 2, 0
5564, 3, 3, 0
5565, 5, 6, 1
5566, 49, 303, 254
5567, 299, 2119, 1820
5568, 1830, 2144, 314
5569, 314, 317, 3
5570, 3, 3, 0
5571, 3, 3, 0
5572, 5, 5, 0
5573, 56, 347, 291
5574, 332, 2201, 1869
5575, 1881, 2104, 223
5576, 223, 226, 3
5577, 3, 3, 0
5578, 2, 2, 0
5579, 3, 3, 0
5580, 48, 282, 234
5581, 281, 2078, 1797
5582, 1802, 2166, 364
5583, 364, 366, 2
5584, 2, 2, 0
5585, 0, 0, 0
5586, 5, 10, 5
5587, 46, 241, 195
5588, 238, 1880, 1642
5589, 1660, 2211, 551
5590, 551, 551, 0
5591, 1, 1, 0
5592, 1, 1, 0
5593, 6, 6, 0
5594, 50, 263, 213
5595, 265, 1958, 1693
5596, 1706, 2178, 472
5597, 472, 473, 1
5598, 1, 1, 0
5599, 1, 1, 0
5600, 7, 7, 0
5601, 40, 198, 158
5602, 193, 1622, 1429
5603, 1449, 2259, 810
5604, 810, 811, 1
5605, 1, 1, 0
5606, 0, 0, 0
5607, 1, 1, 0
5608, 34, 144, 110
5609, 157, 1361, 1204
5610, 1232, 2308, 1076
5611, 1076, 1076, 0
5612, 0, 0, 0
5613, 0, 0, 0
5614, 2, 2, 0
5615, 33, 113, 80
5616, 123, 1058, 935
5617, 950, 2342, 1392
5618, 1392, 1392, 0
5619, 0, 0, 0
5620, 1, 1, 0
5621, 1, 1, 0
5622, 22, 46, 24
5623, 73, 532, 459
5624, 504, 2355, 1851
5625, 1852, 1900, 48
5626, 48, 48, 0
5627, 0, 0, 0
5628, 2, 2, 0
5629, 12, 18, 6
5630, 53, 345, 292
5631, 331, 2191, 1860
5632, 1867, 2102, 235
5633, 235, 237, 2
5634, 2, 2, 0
5635, 0, 0, 0
5636, 13, 14, 1
5637, 39, 204, 165
5638, 221, 1824, 1603
5639, 1618, 2227, 609
5640, 609, 609, 0
5641, 0, 0, 0
5642, 1, 1, 0
5643, 4, 4, 0
5644, 37, 161, 124
5645, 175, 1506, 1331
5646, 1354, 2283, 929
5647, 929, 930, 1
5648, 1, 1, 0
5649, 3, 3, 0
5650, 7, 10, 3
5651, 36, 159, 123
5652, 170, 1453, 1283
5653, 1302, 2284, 982
5654, 982, 985, 3
5655, 3, 3, 0
5656, 0, 0, 0
5657, 2, 2, 0
5658, 26, 74, 48
5659, 95, 777, 682
5660, 715, 2373, 1658
5661, 1659, 1662, 3
5662, 3, 3, 0
5663, 2, 2, 0
5664, 4, 4, 0
5665, 14, 23, 9
5666, 62, 437, 375
5667, 430, 2332, 1902
5668, 1904, 1990, 86
5669, 86, 88, 2
5670, 2, 2, 0
5671, 2, 2, 0
5672, 10, 13, 3
5673, 55, 354, 299
5674, 341, 2214, 1873
5675, 1876, 2092, 216
5676, 216, 218, 2
5677, 4, 4, 0
5678, 2, 2, 0
5679, 7, 9, 2
5680, 46, 279, 233
5681, 272, 2060, 1788
5682, 1797, 2173, 376
5683, 376, 378, 2
5684, 2, 2, 0
5685, 2, 2, 0
5686, 7, 8, 1
5687, 53, 300, 247
5688, 293, 2094, 1801
5689, 1808, 2145, 337
5690, 337, 338, 1
5691, 1, 1, 0
5692, 0, 0, 0
5693, 8, 13, 5
5694, 36, 165, 129
5695, 174, 1498, 1324
5696, 1344, 2282, 938
5697, 938, 938, 0
5698, 0, 0, 0
5699, 1, 1, 0
5700, 9, 10, 1
5701, 31, 102, 71
5702, 125, 1093, 968
5703, 1002, 2334, 1332
5704, 1332, 1333, 1
5705, 1, 1, 0
5706, 0, 0, 0
5707, 2, 2, 0
5708, 16, 32, 16
5709, 67, 465, 398
5710, 431, 2336, 1905
5711, 1906, 1984, 78
5712, 78, 80, 2
5713, 3, 3, 0
5714, 0, 0, 0
5715, 9, 12, 3
5716, 51, 334, 283
5717, 325, 2179, 1854
5718, 1858, 2115, 257
5719, 257, 257, 0
5720, 0, 0, 0
5721, 2, 2, 0
5722, 10, 13, 3
5723, 39, 213, 174
5724, 220, 1759, 1539
5725, 1548, 2229, 681
5726, 681, 683, 2
5727, 3, 3, 0
5728, 0, 0, 0
5729, 2, 2, 0
5730, 38, 157, 119
5731, 165, 1432, 1267
5732, 1284, 2295, 1011
5733, 1011, 1011, 0
5734, 1, 1, 0
5735, 2, 2, 0
5736, 5, 5, 0
5737, 31, 110, 79
5738, 133, 1155, 1022
5739, 1047, 2328, 1281
5740, 1281, 1284, 3
5741, 3, 3, 0
5742, 0, 0, 0
5743, 8, 9, 1
5744, 28, 72, 44
5745, 82, 615, 533
5746, 560, 2361, 1801
5747, 1801, 1822, 21
5748, 21, 21, 0
5749, 1, 1, 0
5750, 3, 3, 0
5751, 14, 27, 13
5752, 60, 399, 339
5753, 386, 2284, 1898
5754, 1899, 2037, 138
5755, 138, 138, 0
5756, 0, 0, 0
5757, 2, 2, 0
5758, 15, 22, 7
5759, 50, 315, 265
5760, 310, 2137, 1827
5761, 1832, 2123, 291
5762, 291, 293, 2
5763, 2, 2, 0
5764, 1, 1, 0
5765, 7, 7, 0
5766, 42, 206, 164
5767, 201, 1686, 1485
5768, 1498, 2249, 751
5769, 751, 752, 1
5770, 1, 1, 0
5771, 2, 2, 0
5772, 4, 4, 0
5773, 28, 125, 97
5774, 145, 1250, 1105
5775, 1127, 2321, 1194
5776, 1194, 1196, 2
5777, 2, 2, 0
5778, 4, 4, 0
5779, 1, 1, 0
5780, 30, 101, 71
5781, 117, 1010, 893
5782, 922, 2348, 1426
5783, 1426, 1430, 4
5784, 4, 4, 0
5785, 1, 1, 0
5786, 6, 6, 0
5787, 26, 77, 51
5788, 101, 826, 725
5789, 755, 2361, 1606
5790, 1606, 1612, 6
5791, 6, 6, 0
5792, 0, 0, 0
5793, 2, 2, 0
5794, 16, 32, 16
5795, 68, 495, 427
5796, 467, 2363, 1896
5797, 1897, 1947, 50
5798, 50, 50, 0
5799, 0, 0, 0
5800, 4, 4, 0
5801, 10, 13, 3
5802, 69, 487, 418
5803, 456, 2357, 1901
5804, 1902, 1961, 59
5805, 60, 62, 2
5806, 2, 2, 0
5807, 1, 1, 0
5808, 4, 4, 0
5809, 65, 434, 369
5810, 406, 2306, 1900
5811, 1903, 2024, 121
5812, 121, 122, 1
5813, 1, 1, 0
5814, 1, 1, 0
5815, 21, 46, 25
5816, 79, 606, 527
5817, 569, 2374, 1805
5818, 1805, 1830, 25
5819, 25, 25, 0
5820, 0, 0, 0
5821, 2, 2, 0
5822, 9, 17, 8
5823, 70, 515, 445
5824, 482, 2360, 1878
5825, 1878, 1937, 59
5826, 59, 60, 1
5827, 1, 1, 0
5828, 0, 0, 0
5829, 10, 14, 4
5830, 51, 330, 279
5831, 324, 2197, 1873
5832, 1873, 2115, 242
5833, 242, 242, 0
5834, 1, 1, 0
5835, 4, 5, 1
5836, 6, 6, 0
5837, 54, 324, 270
5838, 320, 2163, 1843
5839, 1846, 2116, 270
5840, 270, 274, 4
5841, 4, 5, 1
5842, 1, 1, 0
5843, 5, 6, 1
5844, 34, 152, 118
5845, 158, 1361, 1203
5846, 1227, 2302, 1075
5847, 1075, 1076, 1
5848, 1, 1, 0
5849, 1, 1, 0
5850, 4, 4, 0
5851, 20, 46, 26
5852, 68, 499, 431
5853, 473, 2350, 1877
5854, 1877, 1935, 58
5855, 58, 58, 0
5856, 0, 0, 0
5857, 4, 4, 0
5858, 12, 18, 6
5859, 49, 301, 252
5860, 296, 2103, 1807
5861, 1812, 2139, 327
5862, 327, 330, 3
5863, 3, 3, 0
5864, 2, 2, 0
5865, 10, 11, 1
5866, 54, 303, 249
5867, 282, 2077, 1795
5868, 1802, 2152, 350
5869, 350, 352, 2
5870, 2, 2, 0
5871, 0, 0, 0
5872, 7, 9, 2
5873, 40, 198, 158
5874, 208, 1713, 1505
5875, 1516, 2245, 729
5876, 729, 729, 0
5877, 0, 0, 0
5878, 0, 0, 0
5879, 2, 2, 0
5880, 36, 165, 129
5881, 177, 1528, 1351
5882, 1374, 2285, 911
5883, 911, 911, 0
5884, 0, 0, 0
5885, 1, 1, 0
5886, 3, 3, 0
5887, 28, 103, 75
5888, 121, 1044, 923
5889, 948, 2346, 1398
5890, 1398, 1400, 2
5891, 2, 2, 0
5892, 0, 0, 0
5893, 2, 2, 0
5894, 18, 35, 17
5895, 63, 438, 375
5896, 430, 2318, 1888
5897, 1890, 1987, 97
5898, 97, 97, 0
5899, 0, 0, 0
5900, 0, 0, 0
5901, 7, 8, 1
5902, 44, 262, 218
5903, 274, 2042, 1768
5904, 1775, 2175, 400
5905, 400, 400, 0
5906, 0, 0, 0
5907, 3, 3, 0
5908, 6, 6, 0
5909, 45, 233, 188
5910, 234, 1865, 1631
5911, 1642, 2212, 570
5912, 570, 573, 3
5913, 3, 3, 0
5914, 1, 1, 0
5915, 7, 10, 3
5916, 40, 180, 140
5917, 189, 1576, 1387
5918, 1407, 2263, 856
5919, 856, 857, 1
5920, 1, 1, 0
5921, 0, 0, 0
5922, 4, 5, 1
5923, 26, 76, 50
5924, 106, 893, 787
5925, 818, 2361, 1543
5926, 1543, 1546, 3
5927, 3, 3, 0
5928, 1, 1, 0
5929, 4, 4, 0
5930, 17, 31, 14
5931, 76, 568, 492
5932, 531, 2369, 1838
5933, 1839, 1872, 33
5934, 33, 33, 0
5935, 0, 0, 0
5936, 3, 3, 0
5937, 12, 19, 7
5938, 56, 366, 310
5939, 358, 2248, 1890
5940, 1892, 2071, 179
5941, 179, 182, 3
5942, 3, 3, 0
5943, 3, 3, 0
5944, 6, 7, 1
5945, 38, 201, 163
5946, 206, 1723, 1517
5947, 1533, 2247, 714
5948, 714, 717, 3
5949, 3, 3, 0
5950, 3, 3, 0
5951, 8, 9, 1
5952, 44, 209, 165
5953, 211, 1748, 1537
5954, 1552, 2234, 682
5955, 682, 685, 3
5956, 3, 3, 0
5957, 0, 0, 0
5958, 8, 11, 3
5959, 43, 202, 159
5960, 205, 1708, 1503
5961, 1520, 2244, 724
5962, 724, 724, 0
5963, 0, 0, 0
5964, 1, 1, 0
5965, 5, 6, 1
5966, 36, 152, 116
5967, 163, 1429, 1266
5968, 1286, 2295, 1009
5969, 1009, 1010, 1
5970, 1, 1, 0
5971, 1, 1, 0
5972, 4, 5, 1
5973, 32, 96, 64
5974, 116, 1019, 903
5975, 933, 2346, 1413
5976, 1413, 1415, 2
5977, 2, 2, 0
5978, 1, 1, 0
5979, 5, 5, 0
5980, 25, 71, 46
5981, 88, 715, 627
5982, 659, 2369, 1710
5983, 1710, 1723, 13
5984, 13, 13, 0
5985, 0, 0, 0
5986, 0, 0, 0
5987, 16, 28, 12
5988, 59, 402, 343
5989, 393, 2310, 1917
5990, 1921, 2032, 111
5991, 111, 111, 0
5992, 0, 0, 0
5993, 2, 2, 0
5994, 12, 17, 5
5995, 70, 526, 456
5996, 495, 2361, 1866
5997, 1867, 1921, 54
5998, 54, 54, 0
5999, 0, 0, 0
6000, 2, 2, 0
6001, 19, 32, 13
6002, 59, 400, 341
6003, 378, 2264, 1886
6004, 1889, 2042, 153
6005, 153, 154, 1
6006, 3, 3, 0
6007, 0, 0, 0
6008, 7, 8, 1
6009, 44, 258, 214
6010, 255, 1962, 1707
6011, 1714, 2194, 480
6012, 480, 480, 0
6013, 0, 0, 0
6014, 0, 0, 0
6015, 10, 13, 3
6016, 39, 182, 143
6017, 188, 1600, 1412
6018, 1435, 2263, 828
6019, 828, 828, 0
6020, 0, 0, 0
6021, 1, 1, 0
6022, 5, 5, 0
6023, 39, 160, 121
6024, 170, 1451, 1281
6025, 1297, 2285, 988
6026, 988, 989, 1
6027, 1, 1, 0
6028, 1, 1, 0
6029, 5, 5, 0
6030, 24, 75, 51
6031, 102, 832, 730
6032, 759, 2367, 1608
6033, 1608, 1610, 2
6034, 2, 2, 0
6035, 2, 2, 0
6036, 0, 0, 0
6037, 14, 23, 9
6038, 61, 434, 373
6039, 406, 2320, 1914
6040, 1914, 2019, 105
6041, 105, 105, 0
6042, 0, 0, 0
6043, 0, 0, 0
6044, 7, 7, 0
6045, 45, 253, 208
6046, 256, 1959, 1703
6047, 1714, 2192, 478
6048, 478, 478, 0
6049, 0, 0, 0
6050, 0, 0, 0
6051, 5, 5, 0
6052, 46, 242, 196
6053, 230, 1844, 1614
6054, 1627, 2219, 592
6055, 592, 592, 0
6056, 0, 0, 0
6057, 1, 1, 0
6058, 4, 4, 0
6059, 34, 151, 117
6060, 162, 1422, 1260
6061, 1276, 2299, 1023
6062, 1023, 1024, 1
6063, 2, 2, 0
6064, 0, 0, 0
6065, 3, 4, 1
6066, 40, 149, 109
6067, 157, 1327, 1170
6068, 1193, 2300, 1107
6069, 1107, 1107, 0
6070, 0, 0, 0
6071, 0, 0, 0
6072, 4, 4, 0
6073, 36, 134, 98
6074, 150, 1296, 1146
6075, 1160, 2310, 1150
6076, 1150, 1150, 0
6077, 1, 1, 0
6078, 1, 1, 0
6079, 8, 8, 0
6080, 28, 98, 70
6081, 119, 1035, 916
6082, 946, 2343, 1397
6083, 1397, 1399, 2
6084, 2, 2, 0
6085, 0, 0, 0
6086, 2, 2, 0
6087, 14, 28, 14
6088, 61, 437, 376
6089, 415, 2316, 1901
6090, 1903, 2008, 105
6091, 105, 105, 0
6092, 0, 0, 0
6093, 2, 2, 0
6094, 10, 13, 3
6095, 49, 304, 255
6096, 304, 2123, 1819
6097, 1825, 2135, 310
6098, 310, 312, 2
6099, 2, 2, 0
6100, 1, 1, 0
6101, 11, 14, 3
6102, 46, 244, 198
6103, 244, 1912, 1668
6104, 1681, 2198, 517
6105, 517, 518, 1
6106, 1, 1, 0
6107, 0, 0, 0
6108, 4, 5, 1
6109, 41, 201, 160
6110, 216, 1776, 1560
6111, 1571, 2239, 668
6112, 668, 668, 0
6113, 0, 0, 0
6114, 0, 0, 0
6115, 7, 7, 0
6116, 38, 158, 120
6117, 155, 1348, 1193
6118, 1215, 2300, 1085
6119, 1085, 1085, 0
6120, 0, 0, 0
6121, 1, 1, 0
6122, 4, 5, 1
6123, 33, 117, 84
6124, 132, 1146, 1014
6125, 1043, 2330, 1287
6126, 1287, 1288, 1
6127, 1, 1, 0
6128, 0, 0, 0
6129, 4, 4, 0
6130, 23, 60, 37
6131, 78, 580, 502
6132, 544, 2371, 1827
6133, 1827, 1851, 24
6134, 24, 24, 0
6135, 0, 0, 0
6136, 0, 0, 0
6137, 13, 18, 5
6138, 60, 411, 351
6139, 389, 2281, 1892
6140, 1894, 2038, 144
6141, 144, 144, 0
6142, 0, 0, 0
6143, 2, 2, 0
6144, 7, 9, 2
6145, 58, 386, 328
6146, 369, 2249, 1880
6147, 1885, 2064, 179
6148, 179, 180, 1
6149, 1, 1, 0
6150, 1, 1, 0
6151, 7, 7, 0
6152, 38, 196, 158
6153, 207, 1724, 1517
6154, 1534, 2247, 713
6155, 713, 714, 1
6156, 1, 1, 0
6157, 1, 1, 0
6158, 4, 4, 0
6159, 34, 143, 109
6160, 148, 1284, 1136
6161, 1168, 2313, 1145
6162, 1145, 1146, 1
6163, 1, 1, 0
6164, 1, 1, 0
6165, 3, 3, 0
6166, 22, 59, 37
6167, 87, 690, 603
6168, 639, 2377, 1738
6169, 1738, 1749, 11
6170, 11, 11, 0
6171, 0, 0, 0
6172, 0, 0, 0
6173, 11, 14, 3
6174, 45, 267, 222
6175, 263, 1970, 1707
6176, 1711, 2181, 470
6177, 470, 470, 0
6178, 0, 0, 0
6179, 1, 1, 0
6180, 4, 5, 1
6181, 36, 170, 134
6182, 184, 1571, 1387
6183, 1402, 2275, 873
6184, 873, 874, 1
6185, 1, 1, 0
6186, 1, 1, 0
6187, 8, 9, 1
6188, 26, 83, 57
6189, 106, 872, 766
6190, 798, 2357, 1559
6191, 1559, 1562, 3
6192, 3, 3, 0
6193, 1, 1, 0
6194, 2, 2, 0
6195, 19, 43, 24
6196, 62, 444, 382
6197, 430, 2318, 1888
6198, 1890, 1987, 97
6199, 97, 98, 1
6200, 1, 1, 0
6201, 1, 1, 0
6202, 9, 9, 0
6203, 43, 246, 203
6204, 247, 1941, 1694
6205, 1711, 2200, 489
6206, 489, 490, 1
6207, 2, 2, 0
6208, 1, 1, 0
6209, 7, 9, 2
6210, 33, 147, 114
6211, 153, 1325, 1172
6212, 1195, 2306, 1111
6213, 1111, 1112, 1
6214, 1, 1, 0
6215, 1, 1, 0
6216, 1, 1, 0
6217, 23, 67, 44
6218, 92, 752, 660
6219, 697, 2372, 1675
6220, 1675, 1687, 12
6221, 12, 12, 0
6222, 0, 0, 0
6223, 2, 2, 0
6224, 18, 30, 12
6225, 61, 409, 348
6226, 386, 2261, 1875
6227, 1878, 2033, 155
6228, 155, 157, 2
6229, 2, 2, 0
6230, 2, 2, 0
6231, 12, 14, 2
6232, 37, 181, 144
6233, 189, 1588, 1399
6234, 1413, 2260, 847
6235, 847, 849, 2
6236, 3, 3, 0
6237, 0, 0, 0
6238, 6, 6, 0
6239, 33, 128, 95
6240, 146, 1274, 1128
6241, 1153, 2314, 1161
6242, 1161, 1162, 1
6243, 1, 1, 0
6244, 0, 0, 0
6245, 2, 2, 0
6246, 31, 103, 72
6247, 120, 1032, 912
6248, 945, 2347, 1402
6249, 1402, 1402, 0
6250, 0, 0, 0
6251, 1, 1, 0
6252, 1, 1, 0
6253, 22, 51, 29
6254, 80, 642, 562
6255, 603, 2376, 1773
6256, 1773, 1794, 21
6257, 21, 21, 0
6258, 3, 3, 0
6259, 3, 3, 0
6260, 18, 28, 10
6261, 65, 444, 379
6262, 431, 2322, 1891
6263, 1892, 1983, 91
6264, 91, 94, 3
6265, 5, 5, 0
6266, 3, 3, 0
6267, 7, 8, 1
6268, 38, 200, 162
6269, 201, 1685, 1484
6270, 1498, 2251, 753
6271, 753, 756, 3
6272, 3, 3, 0
6273, 0, 0, 0
6274, 5, 6, 1
6275, 41, 171, 130
6276, 193, 1646, 1453
6277, 1474, 2261, 787
6278, 787, 787, 0
6279, 0, 0, 0
6280, 0, 0, 0
6281, 5, 6, 1
6282, 45, 207, 162
6283, 210, 1745, 1535
6284, 1550, 2240, 690
6285, 690, 690, 0
6286, 0, 0, 0
6287, 3, 3, 0
6288, 3, 3, 0
6289, 27, 92, 65
6290, 112, 934, 822
6291, 864, 2354, 1490
6292, 1490, 1494, 4
6293, 4, 4, 0
6294, 0, 0, 0
6295, 6, 6, 0
6296, 14, 24, 10
6297, 46, 284, 238
6298, 273, 2003, 1730
6299, 1739, 2161, 422
6300, 422, 427, 5
6301, 6, 6, 0
6302, 1, 1, 0
6303, 4, 4, 0
6304, 43, 233, 190
6305, 231, 1857, 1626
6306, 1642, 2221, 579
6307, 579, 580, 1
6308, 1, 1, 0
6309, 1, 1, 0
6310, 3, 3, 0
6311, 43, 206, 163
6312, 203, 1710, 1507
6313, 1521, 2250, 729
6314, 729, 730, 1
6315, 1, 1, 0
6316, 0, 0, 0
6317, 6, 6, 0
6318, 39, 155, 116
6319, 161, 1394, 1233
6320, 1250, 2294, 1044
6321, 1044, 1044, 0
6322, 0, 0, 0
6323, 0, 0, 0
6324, 4, 5, 1
6325, 30, 105, 75
6326, 121, 1045, 924
6327, 948, 2344, 1396
6328, 1396, 1397, 1
6329, 1, 1, 0
6330, 1, 1, 0
6331, 5, 6, 1
6332, 21, 57, 36
6333, 80, 616, 536
6334, 578, 2380, 1802
6335, 1803, 1816, 13
6336, 13, 13, 0
6337, 2, 2, 0
6338, 1, 1, 0
6339, 12, 17, 5
6340, 50, 316, 266
6341, 303, 2109, 1806
6342, 1817, 2134, 317
6343, 317, 318, 1
6344, 1, 1, 0
6345, 3, 3, 0
6346, 6, 7, 1
6347, 47, 261, 214
6348, 251, 1929, 1678
6349, 1686, 2193, 507
6350, 507, 510, 3
6351, 3, 3, 0
6352, 0, 0, 0
6353, 3, 3, 0
6354, 35, 155, 120
6355, 153, 1344, 1191
6356, 1212, 2309, 1097
6357, 1097, 1097, 0
6358, 0, 0, 0
6359, 1, 1, 0
6360, 2, 2, 0
6361, 34, 119, 85
6362, 133, 1168, 1035
6363, 1059, 2330, 1271
6364, 1271, 1272, 1
6365, 2, 2, 0
6366, 1, 1, 0
6367, 6, 7, 1
6368, 15, 29, 14
6369, 69, 513, 444
6370, 478, 2353, 1875
6371, 1876, 1932, 56
6372, 57, 58, 1
6373, 1, 1, 0
6374, 2, 2, 0
6375, 9, 12, 3
6376, 47, 300, 253
6377, 305, 2130, 1825
6378, 1829, 2137, 308
6379, 308, 309, 1
6380, 1, 1, 0
6381, 3, 3, 0
6382, 4, 4, 0
6383, 45, 243, 198
6384, 243, 1904, 1661
6385, 1668, 2205, 537
6386, 537, 540, 3
6387, 3, 3, 0
6388, 2, 2, 0
6389, 4, 4, 0
6390, 46, 228, 182
6391, 233, 1835, 1602
6392, 1613, 2215, 602
6393, 602, 604, 2
6394, 2, 2, 0
6395, 0, 0, 0
6396, 5, 5, 0
6397, 35, 152, 117
6398, 183, 1567, 1384
6399, 1400, 2277, 877
6400, 877, 877, 0
6401, 0, 0, 0
6402, 0, 0, 0
6403, 7, 8, 1
6404, 36, 142, 106
6405, 157, 1366, 1209
6406, 1232, 2300, 1068
6407, 1068, 1068, 0
6408, 0, 0, 0
6409, 1, 1, 0
6410, 3, 3, 0
6411, 32, 106, 74
6412, 122, 1065, 943
6413, 967, 2342, 1375
6414, 1375, 1376, 1
6415, 1, 1, 0
6416, 1, 1, 0
6417, 1, 1, 0
6418, 29, 78, 49
6419, 94, 771, 677
6420, 713, 2370, 1657
6421, 1657, 1663, 6
6422, 6, 6, 0
6423, 1, 1, 0
6424, 2, 2, 0
6425, 10, 14, 4
6426, 54, 347, 293
6427, 334, 2189, 1855
6428, 1859, 2100, 241
6429, 241, 242, 1
6430, 1, 1, 0
6431, 0, 0, 0
6432, 6, 7, 1
6433, 45, 250, 205
6434, 243, 1894, 1651
6435, 1661, 2206, 545
6436, 545, 545, 0
6437, 1, 1, 0
6438, 1, 1, 0
6439, 1, 1, 0
6440, 37, 167, 130
6441, 173, 1464, 1291
6442, 1312, 2288, 976
6443, 976, 977, 1
6444, 1, 1, 0
6445, 0, 0, 0
6446, 6, 7, 1
6447, 30, 104, 74
6448, 123, 1072, 949
6449, 973, 2341, 1368
6450, 1368, 1368, 0
6451, 0, 0, 0
6452, 1, 1, 0
6453, 2, 2, 0
6454, 27, 85, 58
6455, 105, 854, 749
6456, 789, 2365, 1576
6457, 1576, 1577, 1
6458, 1, 1, 0
6459, 1, 1, 0
6460, 0, 0, 0
6461, 13, 21, 8
6462, 61, 427, 366
6463, 411, 2298, 1887
6464, 1887, 2015, 128
6465, 128, 128, 0
6466, 0, 0, 0
6467, 1, 1, 0
6468, 9, 10, 1
6469, 53, 320, 267
6470, 309, 2132, 1823
6471, 1833, 2128, 295
6472, 295, 296, 1
6473, 1, 1, 0
6474, 1, 1, 0
6475, 6, 7, 1
6476, 43, 225, 182
6477, 230, 1872, 1642
6478, 1654, 2220, 566
6479, 566, 567, 1
6480, 1, 1, 0
6481, 1, 1, 0
6482, 4, 4, 0
6483, 26, 102, 76
6484, 121, 1049, 928
6485, 953, 2348, 1395
6486, 1395, 1396, 1
6487, 1, 1, 0
6488, 1, 1, 0
6489, 1, 1, 0
6490, 21, 49, 28
6491, 77, 601, 524
6492, 561, 2374, 1813
6493, 1813, 1840, 27
6494, 27, 27, 0
6495, 1, 1, 0
6496, 0, 0, 0
6497, 13, 18, 5
6498, 41, 240, 199
6499, 246, 1916, 1670
6500, 1681, 2200, 519
6501, 519, 519, 0
6502, 0, 0, 0
6503, 1, 1, 0
6504, 4, 7, 3
6505, 56, 313, 257
6506, 304, 2138, 1834
6507, 1840, 2135, 295
6508, 295, 296, 1
6509, 1, 1, 0
6510, 3, 3, 0
6511, 7, 9, 2
6512, 64, 433, 369
6513, 406, 2283, 1877
6514, 1882, 2020, 138
6515, 139, 140, 1
6516, 1, 1, 0
6517, 1, 1, 0
6518, 7, 9, 2
6519, 48, 290, 242
6520, 288, 2077, 1789
6521, 1801, 2156, 355
6522, 355, 356, 1
6523, 1, 1, 0
6524, 0, 0, 0
6525, 7, 8, 1
6526, 42, 218, 176
6527, 222, 1782, 1560
6528, 1579, 2229, 650
6529, 650, 650, 0
6530, 0, 0, 0
6531, 1, 1, 0
6532, 3, 4, 1
6533, 30, 124, 94
6534, 148, 1260, 1112
6535, 1139, 2318, 1179
6536, 1179, 1180, 1
6537, 1, 1, 0
6538, 0, 0, 0
6539, 7, 7, 0
6540, 33, 123, 90
6541, 145, 1256, 1111
6542, 1145, 2315, 1170
6543, 1170, 1170, 0
6544, 0, 0, 0
6545, 0, 0, 0
6546, 5, 5, 0
6547, 28, 74, 46
6548, 94, 781, 687
6549, 718, 2368, 1650
6550, 1650, 1655, 5
6551, 5, 5, 0
6552, 0, 0, 0
6553, 2, 2, 0
6554, 28, 78, 50
6555, 91, 747, 656
6556, 676, 2368, 1692
6557, 1692, 1703, 11
6558, 11, 11, 0
6559, 1, 1, 0
6560, 5, 5, 0
6561, 17, 40, 23
6562, 75, 586, 511
6563, 558, 2373, 1815
6564, 1815, 1845, 30
6565, 31, 31, 0
6566, 1, 1, 0
6567, 4, 4, 0
6568, 11, 15, 4
6569, 55, 360, 305
6570, 350, 2225, 1875
6571, 1882, 2080, 198
6572, 198, 202, 4
6573, 4, 4, 0
6574, 2, 2, 0
6575, 4, 4, 0
6576, 45, 241, 196
6577, 231, 1843, 1612
6578, 1625, 2218, 593
6579, 593, 595, 2
6580, 2, 2, 0
6581, 1, 1, 0
6582, 5, 5, 0
6583, 41, 191, 150
6584, 209, 1742, 1533
6585, 1548, 2244, 696
6586, 696, 697, 1
6587, 1, 1, 0
6588, 1, 1, 0
6589, 6, 6, 0
6590, 35, 138, 103
6591, 142, 1217, 1075
6592, 1114, 2316, 1202
6593, 1202, 1203, 1
6594, 1, 1, 0
6595, 0, 0, 0
6596, 4, 4, 0
6597, 28, 78, 50
6598, 114, 958, 844
6599, 875, 2353, 1478
6600, 1478, 1479, 1
6601, 1, 1, 0
6602, 0, 0, 0
6603, 2, 2, 0
6604, 19, 42, 23
6605, 81, 610, 529
6606, 564, 2375, 1811
6607, 1812, 1834, 22
6608, 23, 23, 0
6609, 0, 0, 0
6610, 1, 1, 0
6611, 10, 11, 1
6612, 53, 338, 285
6613, 323, 2158, 1835
6614, 1843, 2113, 270
6615, 270, 271, 1
6616, 1, 1, 0
6617, 0, 0, 0
6618, 7, 11, 4
6619, 58, 358, 300
6620, 341, 2218, 1877
6621, 1882, 2094, 212
6622, 212, 212, 0
6623, 0, 0, 0
6624, 2, 2, 0
6625, 8, 11, 3
6626, 50, 303, 253
6627, 291, 2102, 1811
6628, 1816, 2149, 333
6629, 333, 335, 2
6630, 2, 2, 0
6631, 0, 0, 0
6632, 8, 11, 3
6633, 36, 175, 139
6634, 186, 1583, 1397
6635, 1411, 2270, 859
6636, 859, 859, 0
6637, 1, 1, 0
6638, 0, 0, 0
6639, 6, 6, 0
6640, 34, 132, 98
6641, 160, 1368, 1208
6642, 1228, 2300, 1072
6643, 1072, 1072, 0
6644, 0, 0, 0
6645, 1, 1, 0
6646, 3, 3, 0
6647, 28, 89, 61
6648, 117, 1031, 914
6649, 936, 2351, 1415
6650, 1415, 1416, 1
6651, 1, 1, 0
6652, 0, 0, 0
6653, 5, 5, 0
6654, 28, 65, 37
6655, 80, 607, 527
6656, 569, 2366, 1797
6657, 1798, 1818, 20
6658, 20, 20, 0
6659, 1, 1, 0
6660, 1, 1, 0
6661, 10, 12, 2
6662, 47, 282, 235
6663, 286, 2087, 1801
6664, 1820, 2156, 336
6665, 336, 337, 1
6666, 1, 1, 0
6667, 2, 2, 0
6668, 4, 4, 0
6669, 35, 168, 133
6670, 177, 1511, 1334
6671, 1347, 2282, 935
6672, 935, 937, 2
6673, 2, 2, 0
6674, 3, 3, 0
6675, 4, 4, 0
6676, 19, 56, 37
6677, 87, 702, 615
6678, 653, 2376, 1723
6679, 1723, 1737, 14
6680, 14, 14, 0
6681, 0, 0, 0
6682, 2, 2, 0
6683, 20, 45, 25
6684, 75, 568, 493
6685, 536, 2365, 1829
6686, 1832, 1867, 35
6687, 35, 35, 0
6688, 0, 0, 0
6689, 3, 3, 0
6690, 11, 15, 4
6691, 56, 375, 319
6692, 365, 2251, 1886
6693, 1889, 2065, 176
6694, 176, 179, 3
6695, 4, 4, 0
6696, 0, 0, 0
6697, 7, 8, 1
6698, 37, 177, 140
6699, 190, 1631, 1441
6700, 1463, 2266, 803
6701, 803, 803, 0
6702, 0, 0, 0
6703, 0, 0, 0
6704, 8, 9, 1
6705, 41, 200, 159
6706, 201, 1703, 1502
6707, 1525, 2250, 725
6708, 725, 725, 0
6709, 0, 0, 0
6710, 2, 2, 0
6711, 4, 4, 0
6712, 27, 99, 72
6713, 116, 1001, 885
6714, 914, 2350, 1436
6715, 1436, 1439, 3
6716, 3, 3, 0
6717, 3, 3, 0
6718, 5, 5, 0
6719, 24, 70, 46
6720, 97, 801, 704
6721, 738, 2368, 1630
6722, 1630, 1636, 6
6723, 6, 6, 0
6724, 0, 0, 0
6725, 2, 2, 0
6726, 19, 37, 18
6727, 61, 426, 365
6728, 417, 2296, 1879
6729, 1881, 2001, 120
6730, 120, 121, 1
6731, 1, 1, 0
6732, 1, 1, 0
6733, 7, 9, 2
6734, 43, 239, 196
6735, 246, 1904, 1658
6736, 1665, 2203, 538
6737, 538, 539, 1
6738, 1, 1, 0
6739, 2, 2, 0
6740, 5, 8, 3
6741, 46, 228, 182
6742, 236, 1879, 1643
6743, 1655, 2211, 556
6744, 556, 558, 2
6745, 2, 2, 0
6746, 0, 0, 0
6747, 6, 7, 1
6748, 41, 184, 143
6749, 183, 1555, 1372
6750, 1386, 2270, 884
6751, 884, 884, 0
6752, 0, 0, 0
6753, 1, 1, 0
6754, 5, 5, 0
6755, 33, 110, 77
6756, 124, 1080, 956
6757, 974, 2336, 1362
6758, 1362, 1364, 2
6759, 2, 2, 0
6760, 2, 2, 0
6761, 4, 4, 0
6762, 23, 59, 36
6763, 70, 526, 456
6764, 495, 2349, 1854
6765, 1855, 1908, 53
6766, 53, 54, 1
6767, 1, 1, 0
6768, 0, 0, 0
6769, 15, 26, 11
6770, 57, 369, 312
6771, 338, 2211, 1873
6772, 1875, 2090, 215
6773, 215, 215, 0
6774, 0, 0, 0
6775, 3, 3, 0
6776, 5, 6, 1
6777, 32, 144, 112
6778, 164, 1416, 1252
6779, 1268, 2296, 1028
6780, 1028, 1031, 3
6781, 3, 3, 0
6782, 0, 0, 0
6783, 5, 6, 1
6784, 33, 115, 82
6785, 142, 1236, 1094
6786, 1123, 2320, 1197
6787, 1197, 1197, 0
6788, 0, 0, 0
6789, 2, 2, 0
6790, 6, 6, 0
6791, 33, 105, 72
6792, 121, 1060, 939
6793, 973, 2338, 1365
6794, 1365, 1367, 2
6795, 2, 2, 0
6796, 1, 1, 0
6797, 0, 0, 0
6798, 31, 95, 64
6799, 115, 1023, 908
6800, 930, 2352, 1422
6801, 1422, 1424, 2
6802, 2, 2, 0
6803, 1, 1, 0
6804, 3, 4, 1
6805, 25, 72, 47
6806, 99, 790, 691
6807, 731, 2368, 1637
6808, 1638, 1642, 4
6809, 4, 4, 0
6810, 0, 0, 0
6811, 3, 3, 0
6812, 24, 60, 36
6813, 85, 667, 582
6814, 606, 2381, 1775
6815, 1775, 1782, 7
6816, 7, 7, 0
6817, 0, 0, 0
6818, 3, 3, 0
6819, 12, 14, 2
6820, 59, 394, 335
6821, 372, 2260, 1888
6822, 1894, 2054, 160
6823, 161, 161, 0
6824, 1, 1, 0
6825, 1, 1, 0
6826, 12, 14, 2
6827, 62, 429, 367
6828, 408, 2308, 1900
6829, 1904, 2017, 113
6830, 113, 114, 1
6831, 1, 1, 0
6832, 1, 1, 0
6833, 9, 9, 0
6834, 35, 177, 142
6835, 202, 1721, 1519
6836, 1534, 2253, 719
6837, 719, 720, 1
6838, 2, 2, 0
6839, 0, 0, 0
6840, 5, 6, 1
6841, 44, 203, 159
6842, 202, 1679, 1477
6843, 1491, 2249, 758
6844, 758, 758, 0
6845, 0, 0, 0
6846, 1, 1, 0
6847, 6, 6, 0
6848, 34, 133, 99
6849, 140, 1235, 1095
6850, 1115, 2319, 1204
6851, 1204, 1205, 1
6852, 1, 1, 0
6853, 0, 0, 0
6854, 2, 2, 0
6855, 25, 67, 42
6856, 95, 765, 670
6857, 705, 2375, 1670
6858, 1670, 1673, 3
6859, 3, 3, 0
6860, 0, 0, 0
6861, 0, 0, 0
6862, 15, 24, 9
6863, 59, 399, 340
6864, 377, 2274, 1897
6865, 1898, 2049, 151
6866, 151, 151, 0
6867, 0, 0, 0
6868, 2, 2, 0
6869, 10, 15, 5
6870, 51, 308, 257
6871, 306, 2130, 1824
6872, 1830, 2131, 301
6873, 301, 303, 2
6874, 2, 2, 0
6875, 1, 1, 0
6876, 7, 7, 0
6877, 56, 333, 277
6878, 320, 2173, 1853
6879, 1857, 2116, 259
6880, 259, 260, 1
6881, 1, 1, 0
6882, 0, 0, 0
6883, 10, 12, 2
6884, 45, 246, 201
6885, 245, 1906, 1661
6886, 1667, 2200, 533
6887, 533, 533, 0
6888, 0, 0, 0
6889, 0, 0, 0
6890, 6, 7, 1
6891, 30, 126, 96
6892, 138, 1181, 1043
6893, 1063, 2326, 1263
6894, 1263, 1263, 0
6895, 0, 0, 0
6896, 1, 1, 0
6897, 2, 2, 0
6898, 21, 55, 34
6899, 90, 731, 641
6900, 683, 2379, 1696
6901, 1696, 1704, 8
6902, 8, 8, 0
6903, 1, 1, 0
6904, 3, 3, 0
6905, 21, 49, 28
6906, 72, 521, 449
6907, 494, 2366, 1872
6908, 1873, 1910, 37
6909, 37, 37, 0
6910, 0, 0, 0
6911, 1, 1, 0
6912, 14, 17, 3
6913, 40, 220, 180
6914, 219, 1787, 1568
6915, 1579, 2226, 647
6916, 647, 648, 1
6917, 1, 1, 0
6918, 1, 1, 0
6919, 5, 5, 0
6920, 27, 99, 72
6921, 118, 1036, 918
6922, 939, 2349, 1410
6923, 1410, 1411, 1
6924, 1, 1, 0
6925, 1, 1, 0
6926, 2, 2, 0
6927, 17, 34, 17
6928, 59, 396, 337
6929, 385, 2288, 1903
6930, 1904, 2037, 133
6931, 133, 134, 1
6932, 2, 2, 0
6933, 0, 0, 0
6934, 9, 9, 0
6935, 55, 349, 294
6936, 337, 2177, 1840
6937, 1843, 2099, 256
6938, 256, 256, 0
6939, 1, 1, 0
6940, 3, 3, 0
6941, 11, 14, 3
6942, 48, 264, 216
6943, 259, 1991, 1732
6944, 1745, 2179, 434
6945, 434, 437, 3
6946, 4, 4, 0
6947, 2, 2, 0
6948, 10, 10, 0
6949, 48, 247, 199
6950, 251, 1945, 1694
6951, 1704, 2189, 485
6952, 485, 487, 2
6953, 2, 2, 0
6954, 1, 1, 0
6955, 7, 7, 0
6956, 26, 93, 67
6957, 119, 996, 877
6958, 902, 2347, 1445
6959, 1445, 1446, 1
6960, 1, 1, 0
6961, 0, 0, 0
6962, 2, 2, 0
6963, 23, 58, 35
6964, 88, 708, 620
6965, 652, 2376, 1724
6966, 1724, 1735, 11
6967, 11, 11, 0
6968, 0, 0, 0
6969, 3, 5, 2
6970, 15, 27, 12
6971, 53, 337, 284
6972, 324, 2159, 1835
6973, 1838, 2105, 267
6974, 267, 269, 2
6975, 3, 3, 0
6976, 2, 2, 0
6977, 8, 9, 1
6978, 45, 237, 192
6979, 234, 1879, 1645
6980, 1656, 2211, 555
6981, 555, 557, 2
6982, 2, 2, 0
6983, 0, 0, 0
6984, 9, 10, 1
6985, 45, 219, 174
6986, 218, 1770, 1552
6987, 1562, 2228, 666
6988, 666, 666, 0
6989, 1, 1, 0
6990, 1, 1, 0
6991, 12, 16, 4
6992, 48, 256, 208
6993, 261, 1984, 1723
6994, 1733, 2178, 445
6995, 445, 446, 1
6996, 2, 2, 0
6997, 1, 1, 0
6998, 5, 5, 0
6999, 52, 303, 251
7000, 294, 2092, 1798
7001, 1805, 2148, 343
7002, 343, 344, 1
7003, 1, 1, 0
7004, 0, 0, 0
7005, 6, 6, 0
7006, 44, 215, 171
7007, 214, 1740, 1526
7008, 1545, 2236, 691
7009, 691, 691, 0
7010, 0, 0, 0
7011, 1, 1, 0
7012, 5, 6, 1
7013, 42, 180, 138
7014, 205, 1721, 1516
7015, 1525, 2247, 722
7016, 722, 723, 1
7017, 1, 1, 0
7018, 0, 0, 0
7019, 3, 3, 0
7020, 31, 120, 89
7021, 142, 1259, 1117
7022, 1134, 2324, 1190
7023, 1190, 1190, 0
7024, 0, 0, 0
7025, 0, 0, 0
7026, 3, 3, 0
7027, 25, 77, 52
7028, 107, 904, 797
7029, 829, 2362, 1533
7030, 1533, 1536, 3
7031, 3, 3, 0
7032, 1, 1, 0
7033, 2, 2, 0
7034, 13, 20, 7
7035, 67, 476, 409
7036, 458, 2354, 1896
7037, 1897, 1960, 63
7038, 63, 63, 0
7039, 1, 1, 0
7040, 1, 1, 0
7041, 4, 6, 2
7042, 65, 456, 391
7043, 423, 2320, 1897
7044, 1901, 2007, 106
7045, 106, 107, 1
7046, 1, 1, 0
7047, 1, 1, 0
7048, 6, 8, 2
7049, 52, 318, 266
7050, 302, 2156, 1854
7051, 1859, 2139, 280
7052, 280, 281, 1
7053, 1, 1, 0
7054, 2, 2, 0
7055, 8, 11, 3
7056, 61, 398, 337
7057, 378, 2253, 1875
7058, 1878, 2051, 173
7059, 173, 173, 0
7060, 1, 1, 0
7061, 0, 0, 0
7062, 5, 6, 1
7063, 39, 221, 182
7064, 236, 1903, 1667
7065, 1679, 2220, 541
7066, 541, 541, 0
7067, 0, 0, 0
7068, 3, 3, 0
7069, 7, 11, 4
7070, 33, 132, 99
7071, 142, 1220, 1078
7072, 1106, 2315, 1209
7073, 1209, 1212, 3
7074, 3, 3, 0
7075, 1, 1, 0
7076, 5, 5, 0
7077, 25, 75, 50
7078, 93, 735, 642
7079, 668, 2368, 1700
7080, 1700, 1709, 9
7081, 9, 9, 0
7082, 0, 0, 0
7083, 3, 3, 0
7084, 16, 30, 14
7085, 55, 359, 304
7086, 355, 2231, 1876
7087, 1881, 2071, 190
7088, 191, 192, 1
7089, 2, 2, 0
7090, 1, 1, 0
7091, 14, 22, 8
7092, 54, 341, 287
7093, 338, 2205, 1867
7094, 1872, 2093, 221
7095, 221, 221, 0
7096, 0, 0, 0
7097, 1, 1, 0
7098, 7, 9, 2
7099, 51, 298, 247
7100, 288, 2079, 1791
7101, 1799, 2153, 354
7102, 354, 355, 1
7103, 1, 1, 0
7104, 1, 1, 0
7105, 8, 9, 1
7106, 41, 190, 149
7107, 187, 1592, 1405
7108, 1425, 2263, 838
7109, 838, 839, 1
7110, 1, 1, 0
7111, 1, 1, 0
7112, 4, 4, 0
7113, 24, 79, 55
7114, 97, 794, 697
7115, 726, 2370, 1644
7116, 1644, 1649, 5
7117, 5, 5, 0
7118, 0, 0, 0
7119, 7, 7, 0
7120, 14, 27, 13
7121, 64, 441, 377
7122, 419, 2305, 1886
7123, 1893, 1996, 103
7124, 103, 104, 1
7125, 1, 1, 0
7126, 4, 4, 0
7127, 7, 9, 2
7128, 54, 351, 297
7129, 334, 2195, 1861
7130, 1865, 2101, 236
7131, 236, 239, 3
7132, 3, 3, 0
7133, 2, 2, 0
7134, 10, 12, 2
7135, 45, 248, 203
7136, 244, 1897, 1653
7137, 1665, 2199, 534
7138, 534, 536, 2
7139, 2, 2, 0
7140, 0, 0, 0
7141, 4, 4, 0
7142, 37, 162, 125
7143, 166, 1451, 1285
7144, 1299, 2293, 994
7145, 994, 994, 0
7146, 0, 0, 0
7147, 0, 0, 0
7148, 9, 11, 2
7149, 36, 140, 104
7150, 155, 1368, 1213
7151, 1237, 2300, 1063
7152, 1063, 1063, 0
7153, 0, 0, 0
7154, 2, 2, 0
7155, 4, 4, 0
7156, 27, 78, 51
7157, 103, 831, 728
7158, 772, 2359, 1587
7159, 1587, 1594, 7
7160, 7, 7, 0
7161, 1, 1, 0
7162, 5, 5, 0
7163, 20, 37, 17
7164, 68, 487, 419
7165, 452, 2332, 1880
7166, 1882, 1955, 73
7167, 74, 76, 2
7168, 2, 2, 0
7169, 0, 0, 0
7170, 9, 9, 0
7171, 46, 281, 235
7172, 277, 2038, 1761
7173, 1775, 2168, 393
7174, 393, 393, 0
7175, 0, 0, 0
7176, 1, 1, 0
7177, 8, 11, 3
7178, 51, 276, 225
7179, 271, 2008, 1737
7180, 1743, 2169, 426
7181, 426, 427, 1
7182, 1, 1, 0
7183, 1, 1, 0
7184, 14, 18, 4
7185, 47, 244, 197
7186, 239, 1864, 1625
7187, 1633, 2199, 566
7188, 566, 567, 1
7189, 2, 2, 0
7190, 0, 0, 0
7191, 3, 3, 0
7192, 43, 215, 172
7193, 230, 1887, 1657
7194, 1671, 2224, 553
7195, 553, 553, 0
7196, 0, 0, 0
7197, 1, 1, 0
7198, 4, 4, 0
7199, 50, 256, 206
7200, 246, 1921, 1675
7201, 1682, 2199, 517
7202, 517, 518, 1
7203, 1, 1, 0
7204, 1, 1, 0
7205, 5, 5, 0
7206, 41, 193, 152
7207, 192, 1632, 1440
7208, 1454, 2261, 807
7209, 807, 808, 1
7210, 1, 1, 0
7211, 2, 2, 0
7212, 7, 8, 1
7213, 30, 110, 80
7214, 131, 1164, 1033
7215, 1059, 2330, 1271
7216, 1271, 1273, 2
7217, 2, 2, 0
7218, 1, 1, 0
7219, 0, 0, 0
7220, 20, 47, 27
7221, 68, 468, 400
7222, 446, 2329, 1883
7223, 1883, 1966, 83
7224, 83, 83, 0
7225, 0, 0, 0
7226, 0, 0, 0
7227, 11, 15, 4
7228, 47, 281, 234
7229, 278, 2032, 1754
7230, 1761, 2164, 403
7231, 403, 403, 0
7232, 1, 1, 0
7233, 1, 1, 0
7234, 8, 10, 2
7235, 51, 290, 239
7236, 290, 2086, 1796
7237, 1806, 2150, 344
7238, 344, 345, 1
7239, 1, 1, 0
7240, 3, 3, 0
7241, 6, 9, 3
7242, 55, 346, 291
7243, 334, 2185, 1851
7244, 1853, 2102, 249
7245, 249, 252, 3
7246, 3, 3, 0
7247, 1, 1, 0
7248, 12, 16, 4
7249, 47, 264, 217
7250, 264, 1978, 1714
7251, 1724, 2176, 452
7252, 452, 453, 1
7253, 1, 1, 0
7254, 1, 1, 0
7255, 6, 7, 1
7256, 36, 160, 124
7257, 166, 1460, 1294
7258, 1309, 2291, 982
7259, 982, 983, 1
7260, 1, 1, 0
7261, 1, 1, 0
7262, 4, 5, 1
7263, 31, 116, 85
7264, 129, 1119, 990
7265, 1010, 2334, 1324
7266, 1324, 1326, 2
7267, 2, 2, 0
7268, 0, 0, 0
7269, 8, 11, 3
7270, 22, 61, 39
7271, 80, 621, 541
7272, 579, 2373, 1794
7273, 1795, 1811, 16
7274, 16, 16, 0
7275, 1, 1, 0
7276, 3, 3, 0
7277, 19, 35, 16
7278, 65, 456, 391
7279, 423, 2315, 1892
7280, 1897, 1990, 93
7281, 93, 94, 1
7282, 2, 2, 0
7283, 2, 3, 1
7284, 13, 20, 7
7285, 49, 288, 239
7286, 275, 2031, 1756
7287, 1761, 2161, 400
7288, 400, 402, 2
7289, 2, 3, 1
7290, 1, 1, 0
7291, 9, 11, 2
7292, 46, 237, 191
7293, 243, 1907, 1664
7294, 1681, 2201, 520
7295, 520, 521, 1
7296, 2, 2, 0
7297, 0, 0, 0
7298, 7, 9, 2
7299, 31, 135, 104
7300, 146, 1258, 1112
7301, 1135, 2316, 1181
7302, 1181, 1181, 0
7303, 0, 0, 0
7304, 0, 0, 0
7305, 5, 6, 1
7306, 26, 73, 47
7307, 93, 749, 656
7308, 689, 2373, 1684
7309, 1684, 1687, 3
7310, 3, 3, 0
7311, 1, 1, 0
7312, 3, 3, 0
7313, 16, 32, 16
7314, 60, 403, 343
7315, 377, 2241, 1864
7316, 1868, 2044, 176
7317, 176, 177, 1
7318, 2, 2, 0
7319, 0, 0, 0
7320, 11, 13, 2
7321, 40, 210, 170
7322, 225, 1831, 1606
7323, 1619, 2224, 605
7324, 605, 605, 0
7325, 2, 2, 0
7326, 4, 4, 0
7327, 3, 3, 0
7328, 42, 205, 163
7329, 210, 1754, 1544
7330, 1553, 2241, 688
7331, 688, 692, 4
7332, 4, 4, 0
7333, 2, 2, 0
7334, 7, 7, 0
7335, 24, 76, 52
7336, 105, 895, 790
7337, 822, 2361, 1539
7338, 1539, 1542, 3
7339, 3, 3, 0
7340, 1, 1, 0
7341, 4, 4, 0
7342, 18, 37, 19
7343, 74, 557, 483
7344, 526, 2371, 1845
7345, 1846, 1878, 32
7346, 32, 32, 0
7347, 0, 0, 0
7348, 3, 3, 0
7349, 12, 19, 7
7350, 59, 387, 328
7351, 369, 2254, 1885
7352, 1887, 2057, 170
7353, 170, 172, 2
7354, 2, 2, 0
7355, 1, 1, 0
7356, 6, 7, 1
7357, 55, 350, 295
7358, 336, 2184, 1848
7359, 1848, 2102, 254
7360, 254, 255, 1
7361, 1, 1, 0
7362, 1, 1, 0
7363, 12, 18, 6
7364, 48, 278, 230
7365, 258, 1954, 1696
7366, 1703, 2181, 478
7367, 478, 479, 1
7368, 1, 1, 0
7369, 3, 4, 1
7370, 3, 3, 0
7371, 35, 160, 125
7372, 164, 1428, 1264
7373, 1289, 2295, 1006
7374, 1006, 1009, 3
7375, 3, 4, 1
7376, 2, 2, 0
7377, 6, 6, 0
7378, 31, 103, 72
7379, 117, 1011, 894
7380, 925, 2343, 1418
7381, 1418, 1421, 3
7382, 3, 3, 0
7383, 0, 0, 0
7384, 3, 4, 1
7385, 22, 57, 35
7386, 87, 695, 608
7387, 649, 2380, 1731
7388, 1731, 1739, 8
7389, 8, 8, 0
7390, 2, 2, 0
7391, 0, 0, 0
7392, 19, 36, 17
7393, 77, 605, 528
7394, 563, 2375, 1812
7395, 1813, 1841, 28
7396, 28, 28, 0
7397, 1, 1, 0
7398, 2, 2, 0
7399, 14, 24, 10
7400, 55, 358, 303
7401, 343, 2188, 1845
7402, 1850, 2086, 236
7403, 236, 238, 2
7404, 2, 2, 0
7405, 0, 0, 0
7406, 7, 8, 1
7407, 49, 291, 242
7408, 291, 2098, 1807
7409, 1813, 2153, 340
7410, 340, 340, 0
7411, 0, 0, 0
7412, 1, 1, 0
7413, 4, 4, 0
7414, 47, 249, 202
7415, 247, 1938, 1691
7416, 1708, 2201, 493
7417, 493, 494, 1
7418, 1, 1, 0
7419, 0, 0, 0
7420, 4, 4, 0
7421, 40, 190, 150
7422, 196, 1610, 1414
7423, 1422, 2260, 838
7424, 838, 838, 0
7425, 1, 1, 0
7426, 0, 0, 0
7427, 7, 7, 0
7428, 23, 68, 45
7429, 86, 697, 611
7430, 650, 2374, 1724
7431, 1725, 1734, 9
7432, 10, 10, 0
7433, 0, 0, 0
7434, 1, 1, 0
7435, 12, 15, 3
7436, 57, 392, 335
7437, 376, 2281, 1905
7438, 1906, 2054, 148
7439, 148, 148, 0
7440, 0, 0, 0
7441, 1, 1, 0
7442, 11, 17, 6
7443, 54, 344, 290
7444, 328, 2185, 1857
7445, 1864, 2106, 242
7446, 242, 242, 0
7447, 1, 1, 0
7448, 0, 0, 0
7449, 6, 7, 1
7450, 51, 308, 257
7451, 309, 2139, 1830
7452, 1837, 2134, 297
7453, 297, 297, 0
7454, 0, 0, 0
7455, 0, 0, 0
7456, 8, 10, 2
7457, 46, 246, 200
7458, 244, 1902, 1658
7459, 1667, 2202, 535
7460, 535, 535, 0
7461, 0, 0, 0
7462, 1, 1, 0
7463, 5, 6, 1
7464, 41, 193, 152
7465, 194, 1609, 1415
7466, 1428, 2259, 831
7467, 831, 832, 1
7468, 1, 1, 0
7469, 2, 2, 0
7470, 7, 8, 1
7471, 42, 180, 138
7472, 193, 1614, 1421
7473, 1437, 2256, 819
7474, 819, 821, 2
7475, 2, 2, 0
7476, 1, 1, 0
7477, 7, 8, 1
7478, 32, 111, 79
7479, 125, 1103, 978
7480, 1009, 2335, 1326
7481, 1326, 1327, 1
7482, 1, 1, 0
7483, 0, 0, 0
7484, 2, 2, 0
7485, 21, 50, 29
7486, 79, 613, 534
7487, 579, 2383, 1804
7488, 1805, 1819, 14
7489, 14, 14, 0
7490, 0, 0, 0
7491, 1, 1, 0
7492, 13, 18, 5
7493, 59, 400, 341
7494, 382, 2267, 1885
7495, 1889, 2045, 156
7496, 156, 157, 1
7497, 1, 1, 0
7498, 1, 1, 0
7499, 11, 16, 5
7500, 43, 240, 197
7501, 241, 1866, 1625
7502, 1638, 2204, 566
7503, 566, 567, 1
7504, 1, 1, 0
7505, 1, 1, 0
7506, 5, 7, 2
7507, 41, 191, 150
7508, 198, 1674, 1476
7509, 1491, 2255, 764
7510, 764, 765, 1
7511, 1, 1, 0
7512, 0, 0, 0
7513, 6, 7, 1
7514, 32, 118, 86
7515, 140, 1221, 1081
7516, 1101, 2322, 1221
7517, 1221, 1221, 0
7518, 0, 0, 0
7519, 3, 3, 0
7520, 3, 3, 0
7521, 19, 47, 28
7522, 69, 523, 454
7523, 480, 2350, 1870
7524, 1871, 1929, 58
7525, 58, 59, 1
7526, 1, 1, 0
7527, 1, 1, 0
7528, 9, 11, 2
7529, 59, 402, 343
7530, 382, 2276, 1894
7531, 1896, 2049, 153
7532, 153, 153, 0
7533, 0, 0, 0
7534, 0, 0, 0
7535, 10, 11, 1
7536, 57, 362, 305
7537, 348, 2254, 1906
7538, 1909, 2085, 176
7539, 176, 176, 0
7540, 0, 0, 0
7541, 1, 1, 0
7542, 4, 6, 2
7543, 41, 213, 172
7544, 224, 1803, 1579
7545, 1591, 2230, 639
7546, 639, 640, 1
7547, 1, 1, 0
7548, 2, 2, 0
7549, 6, 6, 0
7550, 37, 131, 94
7551, 137, 1208, 1071
7552, 1094, 2318, 1224
7553, 1224, 1226, 2
7554, 2, 2, 0
7555, 1, 1, 0
7556, 2, 2, 0
7557, 30, 106, 76
7558, 128, 1101, 973
7559, 997, 2339, 1342
7560, 1342, 1343, 1
7561, 1, 1, 0
7562, 2, 2, 0
7563, 2, 2, 0
7564, 32, 90, 58
7565, 117, 1001, 884
7566, 920, 2346, 1426
7567, 1426, 1429, 3
7568, 3, 3, 0
7569, 2, 2, 0
7570, 2, 2, 0
7571, 22, 48, 26
7572, 81, 633, 552
7573, 587, 2381, 1794
7574, 1795, 1808, 13
7575, 13, 13, 0
7576, 0, 0, 0
7577, 1, 1, 0
7578, 12, 21, 9
7579, 54, 345, 291
7580, 331, 2184, 1853
7581, 1860, 2102, 242
7582, 242, 243, 1
7583, 1, 1, 0
7584, 0, 0, 0
7585, 8, 10, 2
7586, 56, 348, 292
7587, 339, 2215, 1876
7588, 1877, 2097, 220
7589, 220, 220, 0
7590, 0, 0, 0
7591, 0, 0, 0
7592, 9, 15, 6
7593, 53, 336, 283
7594, 329, 2194, 1865
7595, 1867, 2109, 242
7596, 242, 242, 0
7597, 0, 0, 0
7598, 2, 2, 0
7599, 17, 31, 14
7600, 48, 256, 208
7601, 253, 1947, 1694
7602, 1705, 2180, 475
7603, 475, 477, 2
7604, 3, 3, 0
7605, 1, 1, 0
7606, 10, 14, 4
7607, 34, 135, 101
7608, 155, 1333, 1178
7609, 1196, 2300, 1104
7610, 1104, 1105, 1
7611, 1, 1, 0
7612, 0, 0, 0
7613, 2, 2, 0
7614, 21, 56, 35
7615, 79, 609, 530
7616, 561, 2377, 1816
7617, 1816, 1837, 21
7618, 21, 21, 0
7619, 0, 0, 0
7620, 1, 1, 0
7621, 10, 15, 5
7622, 58, 392, 334
7623, 372, 2283, 1911
7624, 1914, 2059, 145
7625, 145, 145, 0
7626, 0, 0, 0
7627, 1, 1, 0
7628, 8, 12, 4
7629, 46, 255, 209
7630, 250, 1946, 1696
7631, 1706, 2195, 489
7632, 489, 490, 1
7633, 1, 1, 0
7634, 0, 0, 0
7635, 11, 14, 3
7636, 43, 222, 179
7637, 232, 1854, 1622
7638, 1640, 2214, 574
7639, 574, 574, 0
7640, 0, 0, 0
7641, 0, 0, 0
7642, 10, 12, 2
7643, 42, 222, 180
7644, 239, 1892, 1653
7645, 1664, 2209, 545
7646, 545, 545, 0
7647, 0, 0, 0
7648, 0, 0, 0
7649, 5, 7, 2
7650, 34, 155, 121
7651, 178, 1535, 1357
7652, 1374, 2283, 909
7653, 909, 909, 0
7654, 0, 0, 0
7655, 1, 1, 0
7656, 7, 8, 1
7657, 43, 164, 121
7658, 164, 1413, 1249
7659, 1271, 2285, 1014
7660, 1014, 1015, 1
7661, 1, 1, 0
7662, 5, 5, 0
7663, 1, 1, 0
7664, 25, 71, 46
7665, 99, 844, 745
7666, 779, 2368, 1589
7667, 1589, 1596, 7
7668, 7, 7, 0
7669, 1, 1, 0
7670, 2, 2, 0
7671, 14, 28, 14
7672, 68, 492, 424
7673, 457, 2340, 1883
7674, 1885, 1959, 74
7675, 74, 75, 1
7676, 1, 1, 0
7677, 2, 2, 0
7678, 8, 10, 2
7679, 45, 270, 225
7680, 278, 2037, 1759
7681, 1770, 2167, 397
7682, 397, 399, 2
7683, 2, 2, 0
7684, 3, 3, 0
7685, 5, 6, 1
7686, 46, 237, 191
7687, 230, 1859, 1629
7688, 1641, 2216, 575
7689, 575, 578, 3
7690, 3, 3, 0
7691, 2, 2, 0
7692, 7, 8, 1
7693, 30, 116, 86
7694, 136, 1173, 1037
7695, 1061, 2325, 1264
7696, 1264, 1266, 2
7697, 2, 2, 0
7698, 0, 0, 0
7699, 4, 4, 0
7700, 30, 89, 59
7701, 119, 1006, 887
7702, 914, 2345, 1431
7703, 1431, 1433, 2
7704, 2, 2, 0
7705, 0, 0, 0
7706, 2, 2, 0
7707, 27, 83, 56
7708, 103, 836, 733
7709, 769, 2363, 1594
7710, 1594, 1599, 5
7711, 5, 5, 0
7712, 0, 0, 0
7713, 6, 6, 0
7714, 31, 82, 51
7715, 103, 880, 777
7716, 812, 2357, 1545
7717, 1545, 1548, 3
7718, 3, 3, 0
7719, 1, 1, 0
7720, 4, 4, 0
7721, 21, 49, 28
7722, 71, 518, 447
7723, 470, 2358, 1888
7724, 1888, 1934, 46
7725, 46, 46, 0
7726, 0, 0, 0
7727, 4, 4, 0
7728, 21, 34, 13
7729, 62, 426, 364
7730, 402, 2282, 1880
7731, 1883, 2011, 128
7732, 128, 130, 2
7733, 4, 4, 0
7734, 2, 2, 0
7735, 9, 10, 1
7736, 52, 336, 284
7737, 323, 2156, 1833
7738, 1839, 2114, 275
7739, 275, 277, 2
7740, 2, 2, 0
7741, 0, 0, 0
7742, 11, 17, 6
7743, 47, 266, 219
7744, 253, 1966, 1713
7745, 1724, 2189, 465
7746, 465, 465, 0
7747, 0, 0, 0
7748, 0, 0, 0
7749, 2, 2, 0
7750, 36, 157, 121
7751, 167, 1472, 1305
7752, 1322, 2295, 973
7753, 973, 973, 0
7754, 0, 0, 0
7755, 1, 1, 0
7756, 1, 1, 0
7757, 25, 81, 56
7758, 101, 834, 733
7759, 760, 2366, 1606
7760, 1606, 1613, 7
7761, 7, 7, 0
7762, 0, 0, 0
7763, 1, 1, 0
7764, 18, 50, 32
7765, 83, 648, 565
7766, 603, 2383, 1780
7767, 1780, 1795, 15
7768, 15, 15, 0
7769, 0, 0, 0
7770, 0, 0, 0
7771, 12, 19, 7
7772, 50, 317, 267
7773, 308, 2132, 1824
7774, 1829, 2130, 301
7775, 301, 301, 0
7776, 0, 0, 0
7777, 2, 2, 0
7778, 10, 10, 0
7779, 36, 176, 140
7780, 183, 1571, 1388
7781, 1396, 2269, 873
7782, 873, 875, 2
7783, 2, 2, 0
7784, 1, 1, 0
7785, 7, 7, 0
7786, 32, 112, 80
7787, 125, 1102, 977
7788, 1007, 2335, 1328
7789, 1328, 1329, 1
7790, 1, 1, 0
7791, 1, 1, 0
7792, 3, 3, 0
7793, 19, 43, 24
7794, 83, 649, 566
7795, 601, 2377, 1776
7796, 1777, 1794, 17
7797, 17, 17, 0
7798, 0, 0, 0
7799, 2, 2, 0
7800, 15, 21, 6
7801, 54, 351, 297
7802, 335, 2214, 1879
7803, 1881, 2094, 213
7804, 213, 215, 2
7805, 2, 2, 0
7806, 3, 3, 0
7807, 15, 23, 8
7808, 43, 228, 185
7809, 234, 1858, 1624
7810, 1638, 2205, 567
7811, 567, 570, 3
7812, 3, 3, 0
7813, 1, 1, 0
7814, 5, 6, 1
7815, 33, 151, 118
7816, 158, 1360, 1202
7817, 1219, 2303, 1084
7818, 1084, 1085, 1
7819, 1, 1, 0
7820, 2, 2, 0
7821, 4, 4, 0
7822, 29, 81, 52
7823, 100, 819, 719
7824, 761, 2364, 1603
7825, 1604, 1606, 2
7826, 2, 2, 0
7827, 2, 2, 0
7828, 4, 4, 0
7829, 22, 48, 26
7830, 91, 750, 659
7831, 696, 2376, 1680
7832, 1680, 1687, 7
7833, 7, 7, 0
7834, 0, 0, 0
7835, 3, 3, 0
7836, 15, 22, 7
7837, 50, 314, 264
7838, 300, 2105, 1805
7839, 1812, 2132, 320
7840, 320, 322, 2
7841, 2, 2, 0
7842, 0, 0, 0
7843, 8, 9, 1
7844, 40, 201, 161
7845, 190, 1626, 1436
7846, 1453, 2262, 809
7847, 809, 809, 0
7848, 0, 0, 0
7849, 1, 1, 0
7850, 4, 4, 0
7851, 32, 110, 78
7852, 122, 1072, 950
7853, 978, 2341, 1363
7854, 1363, 1364, 1
7855, 2, 2, 0
7856, 0, 0, 0
7857, 8, 9, 1
7858, 22, 48, 26
7859, 60, 415, 355
7860, 397, 2289, 1892
7861, 1892, 2013, 121
7862, 121, 124, 3
7863, 3, 3, 0
7864, 2, 2, 0
7865, 11, 16, 5
7866, 34, 172, 138
7867, 190, 1608, 1418
7868, 1439, 2263, 824
7869, 824, 826, 2
7870, 2, 2, 0
7871, 1, 1, 0
7872, 3, 3, 0
7873, 34, 132, 98
7874, 139, 1202, 1063
7875, 1097, 2323, 1226
7876, 1226, 1227, 1
7877, 1, 1, 0
7878, 2, 2, 0
7879, 7, 7, 0
7880, 26, 78, 52
7881, 91, 727, 636
7882, 666, 2361, 1695
7883, 1695, 1710, 15
7884, 15, 15, 0
7885, 1, 1, 0
7886, 3, 3, 0
7887, 17, 35, 18
7888, 70, 502, 432
7889, 467, 2334, 1867
7890, 1868, 1943, 75
7891, 75, 75, 0
7892, 0, 0, 0
7893, 2, 2, 0
7894, 17, 28, 11
7895, 60, 407, 347
7896, 388, 2279, 1891
7897, 1893, 2033, 140
7898, 140, 141, 1
7899, 1, 1, 0
7900, 1, 1, 0
7901, 17, 25, 8
7902, 48, 283, 235
7903, 292, 2059, 1767
7904, 1770, 2142, 372
7905, 372, 373, 1
7906, 1, 1, 0
7907, 1, 1, 0
7908, 8, 10, 2
7909, 43, 199, 156
7910, 199, 1671, 1472
7911, 1489, 2249, 760
7912, 760, 761, 1
7913, 1, 1, 0
7914, 1, 1, 0
7915, 6, 7, 1
7916, 35, 148, 113
7917, 170, 1459, 1289
7918, 1306, 2288, 982
7919, 982, 983, 1
7920, 1, 1, 0
7921, 1, 1, 0
7922, 7, 8, 1
7923, 26, 86, 60
7924, 106, 867, 761
7925, 802, 2358, 1556
7926, 1556, 1559, 3
7927, 3, 3, 0
7928, 1, 1, 0
7929, 3, 3, 0
7930, 18, 40, 22
7931, 65, 453, 388
7932, 428, 2317, 1889
7933, 1890, 1986, 96
7934, 96, 96, 0
7935, 1, 1, 0
7936, 5, 5, 0
7937, 7, 10, 3
7938, 52, 354, 302
7939, 333, 2193, 1860
7940, 1865, 2103, 238
7941, 238, 243, 5
7942, 5, 5, 0
7943, 0, 0, 0
7944, 7, 9, 2
7945, 51, 272, 221
7946, 259, 1983, 1724
7947, 1733, 2183, 450
7948, 450, 450, 0
7949, 0, 0, 0
7950, 1, 1, 0
7951, 8, 8, 0
7952, 43, 223, 180
7953, 227, 1839, 1612
7954, 1625, 2221, 596
7955, 596, 597, 1
7956, 1, 1, 0
7957, 1, 1, 0
7958, 4, 4, 0
7959, 35, 133, 98
7960, 139, 1194, 1055
7961, 1071, 2320, 1249
7962, 1249, 1251, 2
7963, 2, 2, 0
7964, 2, 2, 0
7965, 5, 6, 1
7966, 23, 58, 35
7967, 87, 697, 610
7968, 642, 2373, 1731
7969, 1732, 1743, 11
7970, 12, 12, 0
7971, 0, 0, 0
7972, 2, 2, 0
7973, 11, 20, 9
7974, 63, 423, 360
7975, 404, 2298, 1894
7976, 1897, 2020, 123
7977, 123, 123, 0
7978, 1, 1, 0
7979, 2, 2, 0
7980, 10, 18, 8
7981, 52, 340, 288
7982, 326, 2162, 1836
7983, 1843, 2110, 267
7984, 267, 269, 2
7985, 2, 2, 0
7986, 3, 3, 0
7987, 5, 5, 0
7988, 34, 163, 129
7989, 176, 1488, 1312
7990, 1330, 2282, 952
7991, 952, 955, 3
7992, 3, 3, 0
7993, 2, 2, 0
7994, 7, 10, 3
7995, 28, 107, 79
7996, 112, 949, 837
7997, 862, 2348, 1486
7998, 1486, 1491, 5
7999, 5, 5, 0
8000, 1, 1, 0
8001, 2, 2, 0
8002, 19, 51, 32
8003, 77, 591, 514
8004, 555, 2377, 1822
8005, 1823, 1847, 24
8006, 24, 24, 0
8007, 0, 0, 0
8008, 1, 1, 0
8009, 21, 36, 15
8010, 73, 535, 462
8011, 511, 2358, 1847
8012, 1847, 1894, 47
8013, 47, 47, 0
8014, 0, 0, 0
8015, 6, 7, 1
8016, 14, 29, 15
8017, 58, 394, 336
8018, 377, 2263, 1886
8019, 1888, 2045, 157
8020, 157, 161, 4
8021, 4, 5, 1
8022, 1, 1, 0
8023, 12, 18, 6
8024, 56, 364, 308
8025, 357, 2264, 1907
8026, 1911, 2074, 163
8027, 163, 164, 1
8028, 1, 1, 0
8029, 3, 3, 0
8030, 7, 7, 0
8031, 46, 263, 217
8032, 249, 1934, 1685
8033, 1692, 2195, 503
8034, 503, 506, 3
8035, 3, 3, 0
8036, 0, 0, 0
8037, 11, 14, 3
8038, 41, 186, 145
8039, 197, 1656, 1459
8040, 1469, 2251, 782
8041, 782, 782, 0
8042, 0, 0, 0
8043, 2, 2, 0
8044, 5, 5, 0
8045, 42, 210, 168
8046, 218, 1761, 1543
8047, 1555, 2233, 678
8048, 678, 680, 2
8049, 2, 2, 0
8050, 0, 0, 0
8051, 3, 3, 0
8052, 32, 130, 98
8053, 148, 1294, 1146
8054, 1166, 2317, 1151
8055, 1151, 1151, 0
8056, 0, 0, 0
8057, 1, 1, 0
8058, 4, 4, 0
8059, 33, 112, 79
8060, 130, 1120, 990
8061, 1025, 2332, 1307
8062, 1307, 1308, 1
8063, 1, 1, 0
8064, 1, 1, 0
8065, 2, 2, 0
8066, 27, 87, 60
8067, 111, 931, 820
8068, 847, 2358, 1511
8069, 1511, 1513, 2
8070, 3, 3, 0
8071, 1, 1, 0
8072, 3, 3, 0
8073, 22, 48, 26
8074, 77, 605, 528
8075, 572, 2377, 1805
8076, 1805, 1826, 21
8077, 21, 21, 0
8078, 1, 1, 0
8079, 5, 5, 0
8080, 9, 14, 5
8081, 53, 323, 270
8082, 318, 2154, 1836
8083, 1838, 2115, 277
8084, 277, 282, 5
8085, 6, 6, 0
8086, 2, 2, 0
8087, 5, 5, 0
8088, 44, 248, 204
8089, 245, 1928, 1683
8090, 1689, 2204, 515
8091, 515, 517, 2
8092, 2, 2, 0
8093, 4, 4, 0
8094, 4, 4, 0
8095, 49, 249, 200
8096, 246, 1897, 1651
8097, 1667, 2197, 530
8098, 531, 534, 3
8099, 3, 3, 0
8100, 2, 2, 0
8101, 8, 10, 2
8102, 33, 121, 88
8103, 132, 1136, 1004
8104, 1029, 2324, 1295
8105, 1295, 1298, 3
8106, 3, 3, 0
8107, 0, 0, 0
8108, 3, 3, 0
8109, 21, 58, 37
8110, 89, 706, 617
8111, 668, 2379, 1711
8112, 1711, 1719, 8
8113, 8, 8, 0
8114, 1, 1, 0
8115, 1, 1, 0
8116, 13, 25, 12
8117, 67, 505, 438
8118, 478, 2356, 1878
8119, 1879, 1941, 62
8120, 62, 62, 0
8121, 0, 0, 0
8122, 0, 0, 0
8123, 11, 17, 6
8124, 50, 319, 269
8125, 317, 2139, 1822
8126, 1830, 2122, 292
8127, 292, 292, 0
8128, 0, 0, 0
8129, 1, 1, 0
8130, 6, 6, 0
8131, 48, 279, 231
8132, 270, 2004, 1734
8133, 1746, 2175, 429
8134, 429, 430, 1
8135, 1, 1, 0
8136, 1, 1, 0
8137, 7, 7, 0
8138, 45, 240, 195
8139, 236, 1870, 1634
8140, 1648, 2211, 563
8141, 563, 564, 1
8142, 1, 1, 0
8143, 0, 0, 0
8144, 13, 15, 2
8145, 35, 151, 116
8146, 169, 1466, 1297
8147, 1314, 2283, 969
8148, 969, 969, 0
8149, 0, 0, 0
8150, 0, 0, 0
8151, 5, 5, 0
8152, 33, 114, 81
8153, 136, 1179, 1043
8154, 1066, 2326, 1260
8155, 1260, 1260, 0
8156, 0, 0, 0
8157, 1, 1, 0
8158, 2, 2, 0
8159, 20, 51, 31
8160, 89, 709, 620
8161, 660, 2377, 1717
8162, 1717, 1729, 12
8163, 12, 12, 0
8164, 1, 1, 0
8165, 1, 1, 0
8166, 13, 21, 8
8167, 71, 527, 456
8168, 503, 2363, 1860
8169, 1860, 1912, 52
8170, 52, 52, 0
8171, 0, 0, 0
8172, 1, 1, 0
8173, 9, 14, 5
8174, 65, 453, 388
8175, 438, 2340, 1902
8176, 1904, 1987, 83
8177, 83, 83, 0
8178, 0, 0, 0
8179, 4, 4, 0
8180, 14, 24, 10
8181, 55, 354, 299
8182, 332, 2187, 1855
8183, 1857, 2095, 238
8184, 238, 240, 2
8185, 3, 3, 0
8186, 3, 3, 0
8187, 7, 10, 3
8188, 40, 214, 174
8189, 228, 1868, 1640
8190, 1654, 2222, 568
8191, 568, 571, 3
8192, 3, 3, 0
8193, 0, 0, 0
8194, 6, 7, 1
8195, 39, 180, 141
8196, 185, 1581, 1396
8197, 1407, 2270, 863
8198, 863, 863, 0
8199, 0, 0, 0
8200, 1, 1, 0
8201, 4, 5, 1
8202, 36, 136, 100
8203, 144, 1266, 1122
8204, 1141, 2315, 1174
8205, 1174, 1175, 1
8206, 2, 2, 0
8207, 0, 0, 0
8208, 4, 4, 0
8209, 32, 92, 60
8210, 112, 943, 831
8211, 860, 2350, 1490
8212, 1490, 1492, 2
8213, 2, 2, 0
8214, 0, 0, 0
8215, 2, 2, 0
8216, 21, 45, 24
8217, 77, 595, 518
8218, 550, 2365, 1815
8219, 1816, 1850, 34
8220, 34, 35, 1
8221, 2, 2, 0
8222, 1, 1, 0
8223, 11, 12, 1
8224, 62, 433, 371
8225, 415, 2340, 1925
8226, 1925, 2011, 86
8227, 87, 87, 0
8228, 0, 0, 0
8229, 2, 2, 0
8230, 10, 13, 3
8231, 50, 299, 249
8232, 293, 2088, 1795
8233, 1799, 2145, 346
8234, 346, 348, 2
8235, 2, 2, 0
8236, 1, 1, 0
8237, 5, 5, 0
8238, 47, 260, 213
8239, 258, 1985, 1727
8240, 1738, 2189, 451
8241, 452, 452, 0
8242, 0, 0, 0
8243, 0, 0, 0
8244, 3, 3, 0
8245, 47, 258, 211
8246, 256, 1949, 1693
8247, 1702, 2194, 492
8248, 492, 492, 0
8249, 0, 0, 0
8250, 0, 0, 0
8251, 3, 4, 1
8252, 48, 238, 190
8253, 247, 1925, 1678
8254, 1688, 2202, 514
8255, 514, 514, 0
8256, 0, 0, 0
8257, 2, 2, 0
8258, 6, 7, 1
8259, 50, 276, 226
8260, 264, 2017, 1753
8261, 1762, 2178, 416
8262, 417, 418, 1
8263, 1, 1, 0
8264, 2, 2, 0
8265, 7, 7, 0
8266, 37, 165, 128
8267, 167, 1425, 1258
8268, 1280, 2287, 1007
8269, 1007, 1009, 2
8270, 2, 2, 0
8271, 0, 0, 0
8272, 6, 6, 0
8273, 20, 56, 36
8274, 81, 615, 534
8275, 577, 2367, 1790
8276, 1790, 1816, 26
8277, 26, 26, 0
8278, 0, 0, 0
8279, 3, 3, 0
8280, 16, 29, 13
8281, 63, 445, 382
8282, 425, 2324, 1899
8283, 1901, 1993, 92
8284, 92, 94, 2
8285, 2, 2, 0
8286, 2, 2, 0
8287, 15, 22, 7
8288, 45, 258, 213
8289, 257, 1953, 1696
8290, 1701, 2181, 480
8291, 480, 482, 2
8292, 3, 3, 0
8293, 0, 0, 0
8294, 6, 6, 0
8295, 46, 237, 191
8296, 235, 1855, 1620
8297, 1636, 2213, 577
8298, 577, 577, 0
8299, 0, 0, 0
8300, 0, 0, 0
8301, 5, 6, 1
8302, 40, 205, 165
8303, 209, 1739, 1530
8304, 1538, 2246, 708
8305, 708, 708, 0
8306, 0, 0, 0
8307, 1, 1, 0
8308, 10, 12, 2
8309, 41, 183, 142
8310, 192, 1661, 1469
8311, 1481, 2256, 775
8312, 775, 776, 1
8313, 3, 3, 0
8314, 0, 0, 0
8315, 1, 1, 0
8316, 34, 140, 106
8317, 148, 1278, 1130
8318, 1147, 2317, 1170
8319, 1170, 1170, 0
8320, 0, 0, 0
8321, 0, 0, 0
8322, 5, 6, 1
8323, 20, 56, 36
8324, 90, 722, 632
8325, 678, 2383, 1705
8326, 1705, 1707, 2
8327, 2, 2, 0
8328, 0, 0, 0
8329, 3, 3, 0
8330, 18, 44, 26
8331, 77, 590, 513
8332, 554, 2374, 1820
8333, 1821, 1848, 27
8334, 27, 27, 0
8335, 0, 0, 0
8336, 2, 2, 0
8337, 10, 16, 6
8338, 52, 352, 300
8339, 350, 2250, 1900
8340, 1904, 2086, 182
8341, 182, 184, 2
8342, 2, 2, 0
8343, 0, 0, 0
8344, 7, 7, 0
8345, 47, 273, 226
8346, 280, 2071, 1791
8347, 1797, 2166, 369
8348, 369, 369, 0
8349, 0, 0, 0
8350, 1, 1, 0
8351, 15, 21, 6
8352, 56, 347, 291
8353, 324, 2169, 1845
8354, 1850, 2104, 254
8355, 254, 255, 1
8356, 1, 1, 0
8357, 1, 1, 0
8358, 11, 15, 4
8359, 57, 349, 292
8360, 343, 2224, 1881
8361, 1887, 2088, 201
8362, 201, 202, 1
8363, 1, 1, 0
8364, 0, 0, 0
8365, 11, 14, 3
8366, 49, 276, 227
8367, 272, 2014, 1742
8368, 1750, 2168, 418
8369, 418, 418, 0
8370, 0, 0, 0
8371, 0, 0, 0
8372, 5, 6, 1
8373, 50, 264, 214
8374, 254, 1970, 1716
8375, 1719, 2191, 472
8376, 472, 472, 0
8377, 0, 0, 0
8378, 0, 0, 0
8379, 8, 8, 0
8380, 49, 271, 222
8381, 260, 2000, 1740
8382, 1749, 2183, 434
8383, 434, 434, 0
8384, 0, 0, 0
8385, 2, 2, 0
8386, 6, 9, 3
8387, 46, 248, 202
8388, 249, 1924, 1675
8389, 1689, 2197, 508
8390, 508, 510, 2
8391, 2, 2, 0
8392, 3, 3, 0
8393, 9, 10, 1
8394, 47, 240, 193
8395, 226, 1813, 1587
8396, 1598, 2215, 617
8397, 617, 620, 3
8398, 3, 3, 0
8399, 1, 1, 0
8400, 3, 3, 0
8401, 37, 157, 120
8402, 168, 1433, 1265
8403, 1281, 2291, 1010
8404, 1010, 1011, 1
8405, 1, 1, 0
8406, 0, 0, 0
8407, 8, 9, 1
8408, 28, 92, 64
8409, 112, 957, 845
8410, 879, 2351, 1472
8411, 1473, 1473, 0
8412, 0, 0, 0
8413, 0, 0, 0
8414, 0, 0, 0
8415, 18, 39, 21
8416, 65, 468, 403
8417, 447, 2337, 1890
8418, 1891, 1970, 79
8419, 79, 79, 0
8420, 0, 0, 0
8421, 0, 0, 0
8422, 9, 11, 2
8423, 49, 293, 244
8424, 296, 2104, 1808
8425, 1815, 2146, 331
8426, 331, 331, 0
8427, 0, 0, 0
8428, 0, 0, 0
8429, 8, 10, 2
8430, 39, 206, 167
8431, 206, 1704, 1498
8432, 1509, 2247, 738
8433, 738, 738, 0
8434, 0, 0, 0
8435, 0, 0, 0
8436, 3, 3, 0
8437, 36, 157, 121
8438, 169, 1459, 1290
8439, 1309, 2292, 983
8440, 983, 983, 0
8441, 1, 1, 0
8442, 1, 1, 0
8443, 3, 3, 0
8444, 28, 89, 61
8445, 107, 907, 800
8446, 832, 2361, 1529
8447, 1529, 1530, 1
8448, 1, 1, 0
8449, 0, 0, 0
8450, 2, 2, 0
8451, 15, 28, 13
8452, 67, 473, 406
8453, 449, 2334, 1885
8454, 1886, 1967, 81
8455, 81, 81, 0
8456, 0, 0, 0
8457, 1, 1, 0
8458, 12, 18, 6
8459, 43, 253, 210
8460, 252, 1943, 1691
8461, 1700, 2192, 492
8462, 492, 493, 1
8463, 1, 1, 0
8464, 4, 4, 0
8465, 13, 14, 1
8466, 40, 202, 162
8467, 198, 1666, 1468
8468, 1478, 2245, 767
8469, 767, 771, 4
8470, 5, 5, 0
8471, 0, 0, 0
8472, 12, 14, 2
8473, 29, 110, 81
8474, 123, 1069, 946
8475, 974, 2335, 1361
8476, 1361, 1362, 1
8477, 1, 1, 0
8478, 3, 3, 0
8479, 3, 3, 0
8480, 21, 47, 26
8481, 88, 714, 626
8482, 649, 2377, 1728
8483, 1729, 1739, 10
8484, 10, 10, 0
8485, 0, 0, 0
8486, 2, 2, 0
8487, 11, 19, 8
8488, 58, 410, 352
8489, 395, 2278, 1883
8490, 1883, 2034, 151
8491, 152, 152, 0
8492, 0, 0, 0
8493, 3, 3, 0
8494, 8, 13, 5
8495, 35, 165, 130
8496, 173, 1489, 1316
8497, 1328, 2281, 953
8498, 953, 956, 3
8499, 3, 3, 0
8500, 2, 2, 0
8501, 2, 2, 0
8502, 32, 113, 81
8503, 121, 1029, 908
8504, 943, 2343, 1400
8505, 1400, 1402, 2
8506, 2, 2, 0
8507, 0, 0, 0
8508, 4, 5, 1
8509, 32, 102, 70
8510, 116, 1019, 903
8511, 936, 2348, 1412
8512, 1412, 1412, 0
8513, 0, 0, 0
8514, 0, 0, 0
8515, 4, 4, 0
8516, 20, 39, 19
8517, 57, 394, 337
8518, 377, 2269, 1892
8519, 1897, 2042, 145
8520, 145, 148, 3
8521, 3, 3, 0
8522, 4, 4, 0
8523, 11, 16, 5
8524, 34, 160, 126
8525, 182, 1569, 1387
8526, 1405, 2269, 864
8527, 864, 868, 4
8528, 4, 4, 0
8529, 1, 1, 0
8530, 6, 6, 0
8531, 21, 57, 36
8532, 80, 619, 539
8533, 587, 2377, 1790
8534, 1790, 1806, 16
8535, 17, 17, 0
8536, 0, 0, 0
8537, 2, 2, 0
8538, 14, 23, 9
8539, 44, 257, 213
8540, 264, 2017, 1753
8541, 1763, 2176, 413
8542, 413, 415, 2
8543, 2, 2, 0
8544, 0, 0, 0
8545, 6, 8, 2
8546, 46, 239, 193
8547, 247, 1908, 1661
8548, 1672, 2201, 529
8549, 529, 529, 0
8550, 1, 1, 0
8551, 0, 0, 0
8552, 7, 7, 0
8553, 37, 159, 122
8554, 171, 1470, 1299
8555, 1317, 2285, 968
8556, 968, 968, 0
8557, 0, 0, 0
8558, 1, 1, 0
8559, 4, 4, 0
8560, 28, 85, 57
8561, 102, 856, 754
8562, 781, 2363, 1582
8563, 1582, 1585, 3
8564, 3, 3, 0
8565, 0, 0, 0
8566, 1, 1, 0
8567, 29, 63, 34
8568, 87, 696, 609
8569, 648, 2375, 1727
8570, 1727, 1735, 8
8571, 8, 8, 0
8572, 0, 0, 0
8573, 2, 2, 0
8574, 10, 15, 5
8575, 57, 386, 329
8576, 374, 2267, 1893
8577, 1898, 2057, 159
8578, 159, 160, 1
8579, 1, 1, 0
8580, 2, 2, 0
8581, 10, 11, 1
8582, 35, 167, 132
8583, 177, 1465, 1288
8584, 1305, 2276, 971
8585, 971, 973, 2
8586, 2, 2, 0
8587, 1, 1, 0
8588, 2, 2, 0
8589, 33, 116, 83
8590, 125, 1080, 955
8591, 979, 2339, 1360
8592, 1360, 1361, 1
8593, 1, 1, 0
8594, 1, 1, 0
8595, 4, 4, 0
8596, 22, 63, 41
8597, 97, 809, 712
8598, 745, 2374, 1629
8599, 1629, 1632, 3
8600, 3, 3, 0
8601, 0, 0, 0
8602, 1, 1, 0
8603, 17, 36, 19
8604, 71, 508, 437
8605, 475, 2342, 1867
8606, 1869, 1936, 67
8607, 67, 68, 1
8608, 1, 1, 0
8609, 3, 3, 0
8610, 14, 19, 5
8611, 50, 308, 258
8612, 300, 2118, 1818
8613, 1821, 2133, 312
8614, 312, 315, 3
8615, 4, 4, 0
8616, 1, 1, 0
8617, 8, 9, 1
8618, 46, 252, 206
8619, 234, 1848, 1614
8620, 1631, 2211, 580
8621, 580, 581, 1
8622, 1, 1, 0
8623, 1, 1, 0
8624, 6, 6, 0
8625, 33, 144, 111
8626, 157, 1360, 1203
8627, 1225, 2303, 1078
8628, 1078, 1079, 1
8629, 1, 1, 0
8630, 1, 1, 0
8631, 3, 3, 0
8632, 20, 62, 42
8633, 106, 886, 780
8634, 806, 2369, 1563
8635, 1563, 1565, 2
8636, 2, 2, 0
8637, 0, 0, 0
8638, 5, 5, 0
8639, 19, 38, 19
8640, 68, 486, 418
8641, 463, 2352, 1889
8642, 1892, 1945, 53
8643, 54, 54, 0
8644, 0, 0, 0
8645, 1, 1, 0
8646, 11, 15, 4
8647, 41, 220, 179
8648, 221, 1813, 1592
8649, 1605, 2226, 621
8650, 621, 622, 1
8651, 2, 2, 0
8652, 1, 1, 0
8653, 5, 5, 0
8654, 38, 171, 133
8655, 173, 1516, 1343
8656, 1359, 2283, 924
8657, 924, 925, 1
8658, 1, 1, 0
8659, 0, 0, 0
8660, 3, 3, 0
8661, 33, 113, 80
8662, 128, 1091, 963
8663, 992, 2336, 1344
8664, 1344, 1344, 0
8665, 0, 0, 0
8666, 0, 0, 0
8667, 5, 5, 0
8668, 21, 47, 26
8669, 61, 423, 362
8670, 401, 2279, 1878
8671, 1882, 2012, 130
8672, 130, 131, 1
8673, 1, 1, 0
8674, 2, 2, 0
8675, 11, 13, 2
8676, 57, 363, 306
8677, 345, 2207, 1862
8678, 1873, 2085, 212
8679, 213, 214, 1
8680, 1, 1, 0
8681, 0, 0, 0
8682, 8, 11, 3
8683, 41, 218, 177
8684, 225, 1825, 1600
8685, 1611, 2226, 615
8686, 615, 615, 0
8687, 0, 0, 0
8688, 0, 0, 0
8689, 10, 13, 3
8690, 33, 131, 98
8691, 141, 1212, 1071
8692, 1095, 2316, 1221
8693, 1221, 1221, 0
8694, 0, 0, 0
8695, 0, 0, 0
8696, 2, 2, 0
8697, 20, 44, 24
8698, 74, 556, 482
8699, 521, 2367, 1846
8700, 1848, 1883, 35
8701, 35, 35, 0
8702, 0, 0, 0
8703, 2, 2, 0
8704, 14, 21, 7
8705, 53, 329, 276
8706, 319, 2140, 1821
8707, 1829, 2112, 283
8708, 283, 285, 2
8709, 3, 3, 0
8710, 1, 1, 0
8711, 7, 8, 1
8712, 50, 295, 245
8713, 285, 2060, 1775
8714, 1778, 2157, 379
8715, 379, 380, 1
8716, 1, 1, 0
8717, 0, 0, 0
8718, 9, 10, 1
8719, 40, 198, 158
8720, 209, 1750, 1541
8721, 1553, 2242, 689
8722, 689, 689, 0
8723, 0, 0, 0
8724, 1, 1, 0
8725, 5, 6, 1
8726, 36, 142, 106
8727, 148, 1332, 1184
8728, 1198, 2310, 1112
8729, 1112, 1113, 1
8730, 2, 2, 0
8731, 1, 1, 0
8732, 1, 1, 0
8733, 33, 100, 67
8734, 108, 901, 793
8735, 826, 2357, 1531
8736, 1531, 1532, 1
8737, 1, 1, 0
8738, 1, 1, 0
8739, 1, 1, 0
8740, 28, 76, 48
8741, 91, 732, 641
8742, 676, 2369, 1693
8743, 1694, 1704, 10
8744, 10, 10, 0
8745, 2, 2, 0
8746, 4, 4, 0
8747, 16, 35, 19
8748, 72, 546, 474
8749, 509, 2367, 1858
8750, 1858, 1899, 41
8751, 41, 41, 0
8752, 0, 0, 0
8753, 0, 0, 0
8754, 18, 24, 6
8755, 55, 364, 309
8756, 363, 2245, 1882
8757, 1887, 2064, 177
8758, 177, 177, 0
8759, 1, 1, 0
8760, 2, 2, 0
8761, 11, 15, 4
8762, 46, 280, 234
8763, 278, 2041, 1763
8764, 1770, 2163, 393
8765, 393, 395, 2
8766, 2, 2, 0
8767, 2, 2, 0
8768, 10, 10, 0
8769, 46, 250, 204
8770, 245, 1913, 1668
8771, 1680, 2197, 517
8772, 517, 519, 2
8773, 2, 2, 0
8774, 0, 0, 0
8775, 4, 4, 0
8776, 34, 148, 114
8777, 153, 1325, 1172
8778, 1193, 2309, 1116
8779, 1116, 1116, 0
8780, 0, 0, 0
8781, 2, 2, 0
8782, 2, 2, 0
8783, 25, 74, 49
8784, 101, 851, 750
8785, 795, 2368, 1573
8786, 1573, 1577, 4
8787, 4, 4, 0
8788, 1, 1, 0
8789, 0, 0, 0
8790, 23, 47, 24
8791, 69, 503, 434
8792, 472, 2339, 1867
8793, 1870, 1936, 66
8794, 66, 66, 0
8795, 0, 0, 0
8796, 1, 1, 0
8797, 13, 27, 14
8798, 62, 425, 363
8799, 406, 2290, 1884
8800, 1886, 2018, 132
8801, 132, 132, 0
8802, 0, 0, 0
8803, 2, 2, 0
8804, 7, 8, 1
8805, 47, 271, 224
8806, 262, 2000, 1738
8807, 1748, 2182, 434
8808, 434, 436, 2
8809, 3, 3, 0
8810, 0, 0, 0
8811, 4, 4, 0
8812, 46, 240, 194
8813, 242, 1911, 1669
8814, 1682, 2208, 526
8815, 526, 526, 0
8816, 0, 0, 0
8817, 1, 1, 0
8818, 10, 11, 1
8819, 32, 127, 95
8820, 140, 1217, 1077
8821, 1099, 2317, 1218
8822, 1218, 1219, 1
8823, 1, 1, 0
8824, 0, 0, 0
8825, 5, 5, 0
8826, 24, 66, 42
8827, 91, 712, 621
8828, 655, 2369, 1714
8829, 1714, 1725, 11
8830, 11, 11, 0
8831, 2, 2, 0
8832, 1, 1, 0
8833, 14, 20, 6
8834, 63, 449, 386
8835, 417, 2313, 1896
8836, 1897, 2005, 108
8837, 108, 108, 0
8838, 2, 2, 0
8839, 2, 2, 0
8840, 14, 25, 11
8841, 55, 351, 296
8842, 341, 2204, 1863
8843, 1870, 2088, 218
8844, 218, 219, 1
8845, 1, 1, 0
8846, 1, 1, 0
8847, 9, 14, 5
8848, 51, 303, 252
8849, 303, 2122, 1819
8850, 1825, 2136, 311
8851, 311, 312, 1
8852, 1, 1, 0
8853, 0, 0, 0
8854, 4, 5, 1
8855, 44, 230, 186
8856, 244, 1954, 1710
8857, 1714, 2208, 494
8858, 494, 494, 0
8859, 0, 0, 0
8860, 2, 2, 0
8861, 6, 8, 2
8862, 43, 204, 161
8863, 203, 1681, 1478
8864, 1491, 2246, 755
8865, 755, 757, 2
8866, 2, 2, 0
8867, 0, 0, 0
8868, 6, 7, 1
8869, 41, 180, 139
8870, 185, 1566, 1381
8871, 1392, 2268, 876
8872, 876, 876, 0
8873, 0, 0, 0
8874, 1, 1, 0
8875, 3, 3, 0
8876, 27, 100, 73
8877, 121, 1031, 910
8878, 941, 2348, 1407
8879, 1407, 1408, 1
8880, 1, 1, 0
8881, 0, 0, 0
8882, 2, 2, 0
8883, 18, 41, 23
8884, 69, 520, 451
8885, 492, 2358, 1866
8886, 1866, 1919, 53
8887, 53, 53, 0
8888, 0, 0, 0
8889, 2, 2, 0
8890, 13, 18, 5
8891, 59, 389, 330
8892, 370, 2258, 1888
8893, 1893, 2056, 163
8894, 163, 164, 1
8895, 2, 2, 0
8896, 0, 0, 0
8897, 6, 6, 0
8898, 55, 346, 291
8899, 334, 2185, 1851
8900, 1857, 2105, 248
8901, 248, 248, 0
8902, 1, 1, 0
8903, 0, 0, 0
8904, 8, 9, 1
8905, 35, 170, 135
8906, 178, 1529, 1351
8907, 1363, 2279, 916
8908, 916, 916, 0
8909, 0, 0, 0
8910, 2, 2, 0
8911, 4, 4, 0
8912, 32, 115, 83
8913, 132, 1156, 1024
8914, 1049, 2330, 1281
8915, 1281, 1283, 2
8916, 2, 2, 0
8917, 0, 0, 0
8918, 3, 3, 0
8919, 32, 98, 66
8920, 113, 971, 858
8921, 884, 2351, 1467
8922, 1467, 1468, 1
8923, 1, 1, 0
8924, 1, 1, 0
8925, 4, 4, 0
8926, 21, 50, 29
8927, 81, 608, 527
8928, 564, 2364, 1800
8929, 1800, 1830, 30
8930, 31, 31, 0
8931, 0, 0, 0
8932, 0, 0, 0
8933, 9, 17, 8
8934, 47, 262, 215
8935, 257, 1954, 1697
8936, 1702, 2187, 485
8937, 485, 485, 0
8938, 0, 0, 0
8939, 1, 1, 0
8940, 5, 5, 0
8941, 34, 157, 123
8942, 161, 1370, 1209
8943, 1224, 2299, 1075
8944, 1075, 1076, 1
8945, 1, 1, 0
8946, 0, 0, 0
8947, 4, 4, 0
8948, 33, 112, 79
8949, 132, 1180, 1048
8950, 1077, 2331, 1254
8951, 1254, 1254, 0
8952, 0, 0, 0
8953, 0, 0, 0
8954, 2, 2, 0
8955, 15, 34, 19
8956, 71, 521, 450
8957, 490, 2363, 1873
8958, 1874, 1922, 48
8959, 48, 48, 0
8960, 0, 0, 0
8961, 2, 2, 0
8962, 11, 17, 6
8963, 56, 354, 298
8964, 327, 2186, 1859
8965, 1863, 2104, 241
8966, 241, 243, 2
8967, 2, 2, 0
8968, 1, 1, 0
8969, 8, 11, 3
8970, 50, 302, 252
8971, 298, 2113, 1815
8972, 1822, 2143, 321
8973, 321, 322, 1
8974, 2, 2, 0
8975, 1, 1, 0
8976, 5, 7, 2
8977, 44, 225, 181
8978, 224, 1809, 1585
8979, 1594, 2226, 632
8980, 632, 633, 1
8981, 1, 1, 0
8982, 0, 0, 0
8983, 7, 10, 3
8984, 39, 174, 135
8985, 183, 1547, 1364
8986, 1383, 2271, 888
8987, 888, 888, 0
8988, 0, 0, 0
8989, 0, 0, 0
8990, 6, 6, 0
8991, 32, 127, 95
8992, 143, 1246, 1103
8993, 1137, 2319, 1182
8994, 1182, 1182, 0
8995, 0, 0, 0
8996, 1, 1, 0
8997, 2, 2, 0
8998, 28, 75, 47
8999, 91, 743, 652
9000, 689, 2369, 1680
9001, 1680, 1690, 10
9002, 10, 10, 0
9003, 1, 1, 0
9004, 2, 2, 0
9005, 7, 11, 4
9006, 45, 263, 218
9007, 258, 1972, 1714
9008, 1724, 2188, 464
9009, 464, 466, 2
9010, 3, 3, 0
9011, 2, 2, 0
9012, 9, 13, 4
9013, 50, 264, 214
9014, 252, 1960, 1708
9015, 1722, 2187, 465
9016, 465, 467, 2
9017, 3, 3, 0
9018, 1, 1, 0
9019, 7, 9, 2
9020, 39, 191, 152
9021, 203, 1706, 1503
9022, 1517, 2250, 733
9023, 733, 734, 1
9024, 1, 1, 0
9025, 2, 2, 0
9026, 2, 2, 0
9027, 44, 210, 166
9028, 204, 1686, 1482
9029, 1495, 2248, 753
9030, 753, 755, 2
9031, 2, 2, 0
9032, 0, 0, 0
9033, 3, 3, 0
9034, 44, 197, 153
9035, 197, 1646, 1449
9036, 1467, 2256, 789
9037, 789, 789, 0
9038, 0, 0, 0
9039, 1, 1, 0
9040, 4, 6, 2
9041, 45, 204, 159
9042, 205, 1715, 1510
9043, 1524, 2245, 721
9044, 721, 722, 1
9045, 1, 1, 0
9046, 0, 0, 0
9047, 2, 2, 0
9048, 33, 136, 103
9049, 149, 1270, 1121
9050, 1142, 2316, 1174
9051, 1174, 1174, 0
9052, 0, 0, 0
9053, 1, 1, 0
9054, 5, 7, 2
9055, 30, 107, 77
9056, 125, 1079, 954
9057, 985, 2339, 1354
9058, 1354, 1355, 1
9059, 1, 1, 0
9060, 2, 2, 0
9061, 2, 2, 0
9062, 26, 69, 43
9063, 94, 778, 684
9064, 715, 2373, 1658
9065, 1658, 1663, 5
9066, 5, 5, 0
9067, 0, 0, 0
9068, 1, 1, 0
9069, 17, 30, 13
9070, 77, 574, 497
9071, 529, 2378, 1849
9072, 1849, 1876, 27
9073, 27, 27, 0
9074, 0, 0, 0
9075, 4, 4, 0
9076, 9, 13, 4
9077, 47, 301, 254
9078, 303, 2123, 1820
9079, 1829, 2137, 308
9080, 308, 312, 4
9081, 4, 4, 0
9082, 0, 0, 0
9083, 6, 6, 0
9084, 35, 152, 117
9085, 164, 1405, 1241
9086, 1261, 2295, 1034
9087, 1034, 1034, 0
9088, 0, 0, 0
9089, 1, 1, 0
9090, 3, 3, 0
9091, 22, 69, 47
9092, 94, 766, 672
9093, 704, 2377, 1673
9094, 1673, 1677, 4
9095, 4, 4, 0
9096, 0, 0, 0
9097, 2, 2, 0
9098, 13, 27, 14
9099, 61, 421, 360
9100, 418, 2328, 1910
9101, 1912, 2006, 94
9102, 94, 94, 0
9103, 0, 0, 0
9104, 3, 3, 0
9105, 9, 13, 4
9106, 53, 335, 282
9107, 330, 2188, 1858
9108, 1862, 2105, 243
9109, 243, 246, 3
9110, 3, 3, 0
9111, 0, 0, 0
9112, 8, 8, 0
9113, 44, 218, 174
9114, 221, 1786, 1565
9115, 1579, 2227, 648
9116, 648, 648, 0
9117, 0, 0, 0
9118, 0, 0, 0
9119, 6, 7, 1
9120, 37, 160, 123
9121, 176, 1515, 1339
9122, 1350, 2281, 931
9123, 931, 931, 0
9124, 0, 0, 0
9125, 2, 2, 0
9126, 4, 4, 0
9127, 32, 120, 88
9128, 132, 1169, 1037
9129, 1068, 2330, 1262
9130, 1262, 1264, 2
9131, 2, 2, 0
9132, 0, 0, 0
9133, 6, 7, 1
9134, 33, 109, 76
9135, 122, 1065, 943
9136, 967, 2339, 1372
9137, 1372, 1372, 0
9138, 0, 0, 0
9139, 1, 1, 0
9140, 5, 6, 1
9141, 20, 49, 29
9142, 83, 643, 560
9143, 600, 2379, 1779
9144, 1779, 1792, 13
9145, 13, 13, 0
9146, 1, 1, 0
9147, 1, 1, 0
9148, 21, 36, 15
9149, 57, 381, 324
9150, 371, 2269, 1898
9151, 1901, 2050, 149
9152, 149, 150, 1
9153, 1, 1, 0
9154, 0, 0, 0
9155, 14, 31, 17
9156, 67, 453, 386
9157, 421, 2318, 1897
9158, 1899, 1998, 99
9159, 99, 99, 0
9160, 0, 0, 0
9161, 1, 1, 0
9162, 10, 18, 8
9163, 56, 377, 321
9164, 360, 2248, 1888
9165, 1892, 2073, 181
9166, 181, 182, 1
9167, 1, 1, 0
9168, 2, 2, 0
9169, 8, 10, 2
9170, 55, 361, 306
9171, 347, 2233, 1886
9172, 1889, 2088, 199
9173, 199, 201, 2
9174, 2, 2, 0
9175, 1, 1, 0
9176, 6, 6, 0
9177, 49, 276, 227
9178, 273, 2038, 1765
9179, 1770, 2171, 401
9180, 401, 402, 1
9181, 1, 1, 0
9182, 1, 1, 0
9183, 11, 20, 9
9184, 53, 312, 259
9185, 307, 2109, 1802
9186, 1804, 2128, 324
9187, 324, 325, 1
9188, 1, 1, 0
9189, 1, 1, 0
9190, 5, 7, 2
9191, 46, 261, 215
9192, 262, 2009, 1747
9193, 1757, 2186, 429
9194, 429, 430, 1
9195, 2, 2, 0
9196, 1, 1, 0
9197, 5, 5, 0
9198, 41, 211, 170
9199, 217, 1798, 1581
9200, 1594, 2236, 642
9201, 642, 643, 1
9202, 1, 1, 0
9203, 0, 0, 0
9204, 7, 7, 0
9205, 41, 174, 133
9206, 189, 1590, 1401
9207, 1414, 2263, 849
9208, 849, 849, 0
9209, 2, 2, 0
9210, 0, 0, 0
9211, 4, 4, 0
9212, 32, 114, 82
9213, 131, 1126, 995
9214, 1021, 2333, 1312
9215, 1312, 1312, 0
9216, 0, 0, 0
9217, 2, 2, 0
9218, 4, 7, 3
9219, 23, 71, 48
9220, 93, 763, 670
9221, 701, 2372, 1671
9222, 1672, 1679, 7
9223, 7, 7, 0
9224, 1, 1, 0
9225, 3, 3, 0
9226, 18, 40, 22
9227, 65, 463, 398
9228, 438, 2331, 1893
9229, 1896, 1976, 80
9230, 80, 81, 1
9231, 1, 1, 0
9232, 3, 3, 0
9233, 10, 14, 4
9234, 53, 344, 291
9235, 332, 2179, 1847
9236, 1852, 2102, 250
9237, 250, 252, 2
9238, 2, 2, 0
9239, 0, 0, 0
9240, 11, 13, 2
9241, 47, 257, 210
9242, 257, 1976, 1719
9243, 1724, 2185, 461
9244, 461, 461, 0
9245, 0, 0, 0
9246, 1, 1, 0
9247, 12, 18, 6
9248, 42, 207, 165
9249, 212, 1750, 1538
9250, 1556, 2233, 677
9251, 677, 678, 1
9252, 1, 1, 0
9253, 3, 3, 0
9254, 7, 7, 0
9255, 31, 124, 93
9256, 145, 1272, 1127
9257, 1146, 2314, 1168
9258, 1168, 1171, 3
9259, 4, 4, 0
9260, 1, 1, 0
9261, 4, 4, 0
9262, 25, 73, 48
9263, 97, 798, 701
9264, 730, 2372, 1642
9265, 1642, 1644, 2
9266, 2, 2, 0
9267, 0, 0, 0
9268, 3, 3, 0
9269, 11, 16, 5
9270, 56, 362, 306
9271, 354, 2217, 1863
9272, 1867, 2076, 209
9273, 209, 211, 2
9274, 2, 2, 0
9275, 1, 1, 0
9276, 9, 16, 7
9277, 51, 310, 259
9278, 288, 2068, 1780
9279, 1794, 2151, 357
9280, 357, 357, 0
9281, 0, 0, 0
9282, 0, 0, 0
9283, 12, 21, 9
9284, 46, 263, 217
9285, 268, 2001, 1733
9286, 1741, 2174, 433
9287, 433, 433, 0
9288, 0, 0, 0
9289, 2, 2, 0
9290, 4, 4, 0
9291, 33, 143, 110
9292, 155, 1360, 1205
9293, 1225, 2306, 1081
9294, 1081, 1083, 2
9295, 2, 2, 0
9296, 1, 1, 0
9297, 1, 1, 0
9298, 34, 129, 95
9299, 143, 1267, 1124
9300, 1152, 2321, 1169
9301, 1169, 1170, 1
9302, 1, 1, 0
9303, 2, 2, 0
9304, 3, 3, 0
9305, 18, 38, 20
9306, 65, 453, 388
9307, 418, 2313, 1895
9308, 1898, 1996, 98
9309, 98, 100, 2
9310, 2, 2, 0
9311, 3, 3, 0
9312, 9, 13, 4
9313, 50, 319, 269
9314, 312, 2149, 1837
9315, 1843, 2126, 283
9316, 283, 286, 3
9317, 3, 3, 0
9318, 1, 1, 0
9319, 6, 6, 0
9320, 47, 259, 212
9321, 257, 1954, 1697
9322, 1714, 2189, 475
9323, 475, 476, 1
9324, 1, 1, 0
9325, 1, 1, 0
9326, 5, 6, 1
9327, 26, 104, 78
9328, 126, 1087, 961
9329, 989, 2341, 1352
9330, 1352, 1354, 2
9331, 2, 2, 0
9332, 0, 0, 0
9333, 5, 7, 2
9334, 26, 62, 36
9335, 79, 612, 533
9336, 569, 2366, 1797
9337, 1797, 1821, 24
9338, 24, 24, 0
9339, 0, 0, 0
9340, 3, 5, 2
9341, 16, 29, 13
9342, 64, 450, 386
9343, 424, 2318, 1894
9344, 1895, 1993, 98
9345, 98, 100, 2
9346, 2, 2, 0
9347, 1, 1, 0
9348, 14, 22, 8
9349, 55, 357, 302
9350, 343, 2218, 1875
9351, 1879, 2087, 208
9352, 208, 209, 1
9353, 1, 1, 0
9354, 2, 2, 0
9355, 11, 13, 2
9356, 37, 174, 137
9357, 188, 1577, 1389
9358, 1411, 2262, 851
9359, 851, 853, 2
9360, 2, 2, 0
9361, 1, 1, 0
9362, 6, 7, 1
9363, 29, 124, 95
9364, 132, 1142, 1010
9365, 1038, 2332, 1294
9366, 1294, 1295, 1
9367, 1, 1, 0
9368, 1, 1, 0
9369, 1, 1, 0
9370, 28, 76, 48
9371, 91, 744, 653
9372, 683, 2375, 1692
9373, 1692, 1697, 5
9374, 5, 5, 0
9375, 0, 0, 0
9376, 3, 3, 0
9377, 20, 49, 29
9378, 71, 522, 451
9379, 491, 2361, 1870
9380, 1871, 1915, 44
9381, 44, 44, 0
9382, 0, 0, 0
9383, 4, 4, 0
9384, 11, 15, 4
9385, 45, 258, 213
9386, 262, 1956, 1694
9387, 1700, 2178, 478
9388, 478, 482, 4
9389, 4, 4, 0
9390, 0, 0, 0
9391, 11, 11, 0
9392, 37, 168, 131
9393, 184, 1587, 1403
9394, 1415, 2268, 853
9395, 853, 853, 0
9396, 0, 0, 0
9397, 1, 1, 0
9398, 4, 4, 0
9399, 35, 148, 113
9400, 146, 1276, 1130
9401, 1150, 2314, 1164
9402, 1164, 1165, 1
9403, 2, 2, 0
9404, 0, 0, 0
9405, 3, 3, 0
9406, 30, 86, 56
9407, 107, 897, 790
9408, 826, 2360, 1534
9409, 1534, 1534, 0
9410, 0, 0, 0
9411, 0, 0, 0
9412, 5, 5, 0
9413, 22, 44, 22
9414, 67, 473, 406
9415, 449, 2336, 1887
9416, 1887, 1957, 70
9417, 70, 70, 0
9418, 1, 1, 0
9419, 2, 2, 0
9420, 14, 20, 6
9421, 54, 350, 296
9422, 342, 2205, 1863
9423, 1866, 2088, 222
9424, 222, 223, 1
9425, 1, 1, 0
9426, 0, 0, 0
9427, 9, 15, 6
9428, 45, 254, 209
9429, 254, 1963, 1709
9430, 1717, 2192, 475
9431, 475, 475, 0
9432, 0, 0, 0
9433, 1, 1, 0
9434, 7, 7, 0
9435, 38, 180, 142
9436, 183, 1560, 1377
9437, 1395, 2271, 876
9438, 876, 877, 1
9439, 1, 1, 0
9440, 2, 2, 0
9441, 2, 2, 0
9442, 32, 107, 75
9443, 124, 1117, 993
9444, 1012, 2340, 1328
9445, 1328, 1330, 2
9446, 2, 2, 0
9447, 0, 0, 0
9448, 4, 4, 0
9449, 29, 85, 56
9450, 110, 935, 825
9451, 856, 2355, 1499
9452, 1499, 1501, 2
9453, 2, 2, 0
9454, 2, 2, 0
9455, 3, 3, 0
9456, 22, 60, 38
9457, 81, 640, 559
9458, 606, 2379, 1773
9459, 1773, 1788, 15
9460, 15, 15, 0
9461, 0, 0, 0
9462, 3, 3, 0
9463, 7, 8, 1
9464, 58, 393, 335
9465, 385, 2283, 1898
9466, 1901, 2047, 146
9467, 146, 146, 0
9468, 0, 0, 0
9469, 1, 1, 0
9470, 12, 15, 3
9471, 47, 261, 214
9472, 262, 2005, 1743
9473, 1751, 2178, 427
9474, 427, 428, 1
9475, 1, 1, 0
9476, 2, 2, 0
9477, 6, 7, 1
9478, 31, 131, 100
9479, 151, 1288, 1137
9480, 1158, 2310, 1152
9481, 1152, 1154, 2
9482, 3, 3, 0
9483, 1, 1, 0
9484, 6, 8, 2
9485, 30, 98, 68
9486, 118, 1012, 894
9487, 925, 2345, 1420
9488, 1420, 1421, 1
9489, 1, 1, 0
9490, 2, 2, 0
9491, 3, 3, 0
9492, 17, 30, 13
9493, 52, 336, 284
9494, 325, 2178, 1853
9495, 1857, 2103, 246
9496, 246, 248, 2
9497, 3, 3, 0
9498, 1, 1, 0
9499, 4, 4, 0
9500, 37, 175, 138
9501, 187, 1591, 1404
9502, 1421, 2271, 850
9503, 850, 851, 1
9504, 1, 1, 0
9505, 0, 0, 0
9506, 1, 1, 0
9507, 30, 107, 77
9508, 121, 1013, 892
9509, 921, 2348, 1427
9510, 1427, 1427, 0
9511, 0, 0, 0
9512, 0, 0, 0
9513, 1, 1, 0
9514, 24, 59, 35
9515, 81, 627, 546
9516, 587, 2374, 1787
9517, 1787, 1807, 20
9518, 20, 20, 0
9519, 0, 0, 0
9520, 1, 1, 0
9521, 9, 11, 2
9522, 71, 535, 464
9523, 501, 2381, 1880
9524, 1880, 1918, 38
9525, 38, 38, 0
9526, 1, 1, 0
9527, 1, 1, 0
9528, 10, 13, 3
9529, 56, 371, 315
9530, 368, 2266, 1898
9531, 1900, 2065, 165
9532, 165, 166, 1
9533, 1, 1, 0
9534, 2, 2, 0
9535, 7, 8, 1
9536, 37, 180, 143
9537, 198, 1689, 1491
9538, 1507, 2256, 749
9539, 749, 751, 2
9540, 2, 2, 0
9541, 0, 0, 0
9542, 8, 8, 0
9543, 34, 138, 104
9544, 148, 1276, 1128
9545, 1157, 2310, 1153
9546, 1153, 1153, 0
9547, 0, 0, 0
9548, 0, 0, 0
9549, 1, 1, 0
9550, 25, 79, 54
9551, 99, 825, 726
9552, 748, 2373, 1625
9553, 1625, 1627, 2
9554, 2, 2, 0
9555, 1, 1, 0
9556, 2, 2, 0
9557, 14, 20, 6
9558, 49, 303, 254
9559, 297, 2097, 1800
9560, 1803, 2138, 335
9561, 335, 337, 2
9562, 2, 2, 0
9563, 0, 0, 0
9564, 4, 4, 0
9565, 45, 243, 198
9566, 248, 1938, 1690
9567, 1698, 2203, 505
9568, 505, 505, 0
9569, 0, 0, 0
9570, 1, 1, 0
9571, 9, 11, 2
9572, 39, 185, 146
9573, 193, 1618, 1425
9574, 1440, 2258, 818
9575, 818, 819, 1
9576, 1, 1, 0
9577, 1, 1, 0
9578, 3, 3, 0
9579, 45, 180, 135
9580, 177, 1511, 1334
9581, 1365, 2274, 909
9582, 909, 910, 1
9583, 1, 1, 0
9584, 0, 0, 0
9585, 2, 2, 0
9586, 38, 133, 95
9587, 150, 1299, 1149
9588, 1173, 2310, 1137
9589, 1137, 1137, 0
9590, 0, 0, 0
9591, 3, 3, 0
9592, 1, 1, 0
9593, 25, 65, 40
9594, 75, 543, 468
9595, 503, 2352, 1849
9596, 1849, 1896, 47
9597, 47, 48, 1
9598, 1, 1, 0
9599, 1, 1, 0
9600, 11, 13, 2
9601, 66, 456, 390
9602, 425, 2324, 1899
9603, 1901, 1997, 96
9604, 96, 96, 0
9605, 0, 0, 0
9606, 2, 2, 0
9607, 10, 15, 5
9608, 61, 415, 354
9609, 402, 2307, 1905
9610, 1908, 2025, 117
9611, 117, 117, 0
9612, 0, 0, 0
9613, 1, 1, 0
9614, 12, 17, 5
9615, 51, 312, 261
9616, 311, 2164, 1853
9617, 1855, 2125, 270
9618, 270, 271, 1
9619, 1, 1, 0
9620, 0, 0, 0
9621, 9, 10, 1
9622, 32, 166, 134
9623, 172, 1494, 1322
9624, 1339, 2287, 948
9625, 948, 948, 0
9626, 2, 2, 0
9627, 0, 0, 0
9628, 3, 3, 0
9629, 42, 155, 113
9630, 160, 1392, 1232
9631, 1249, 2295, 1046
9632, 1046, 1046, 0
9633, 0, 0, 0
9634, 1, 1, 0
9635, 4, 4, 0
9636, 33, 111, 78
9637, 127, 1085, 958
9638, 987, 2335, 1348
9639, 1348, 1349, 1
9640, 1, 1, 0
9641, 0, 0, 0
9642, 4, 4, 0
9643, 22, 52, 30
9644, 75, 568, 493
9645, 520, 2350, 1830
9646, 1832, 1879, 47
9647, 47, 48, 1
9648, 1, 1, 0
9649, 2, 2, 0
9650, 12, 13, 1
9651, 54, 360, 306
9652, 359, 2250, 1891
9653, 1896, 2073, 177
9654, 177, 178, 1
9655, 1, 1, 0
9656, 0, 0, 0
9657, 9, 10, 1
9658, 48, 270, 222
9659, 269, 2018, 1749
9660, 1758, 2174, 416
9661, 416, 416, 0
9662, 0, 0, 0
9663, 1, 1, 0
9664, 9, 11, 2
9665, 44, 222, 178
9666, 219, 1792, 1573
9667, 1583, 2227, 644
9668, 644, 645, 1
9669, 1, 1, 0
9670, 1, 1, 0
9671, 7, 8, 1
9672, 25, 77, 52
9673, 100, 828, 728
9674, 766, 2365, 1599
9675, 1599, 1602, 3
9676, 3, 3, 0
9677, 1, 1, 0
9678, 0, 0, 0
9679, 13, 23, 10
9680, 81, 625, 544
9681, 580, 2387, 1807
9682, 1807, 1826, 19
9683, 19, 19, 0
9684, 0, 0, 0
9685, 1, 1, 0
9686, 12, 18, 6
9687, 70, 502, 432
9688, 465, 2357, 1892
9689, 1892, 1952, 60
9690, 60, 60, 0
9691, 1, 1, 0
9692, 2, 2, 0
9693, 13, 24, 11
9694, 69, 499, 430
9695, 463, 2342, 1879
9696, 1880, 1953, 73
9697, 73, 73, 0
9698, 0, 0, 0
9699, 2, 2, 0
9700, 14, 18, 4
9701, 51, 323, 272
9702, 322, 2169, 1847
9703, 1851, 2111, 260
9704, 260, 261, 1
9705, 1, 1, 0
9706, 1, 1, 0
9707, 11, 11, 0
9708, 40, 216, 176
9709, 232, 1870, 1638
9710, 1657, 2216, 559
9711, 559, 560, 1
9712, 1, 1, 0
9713, 0, 0, 0
9714, 3, 4, 1
9715, 49, 268, 219
9716, 278, 2039, 1761
9717, 1766, 2170, 404
9718, 404, 404, 0
9719, 0, 0, 0
9720, 1, 1, 0
9721, 9, 11, 2
9722, 41, 205, 164
9723, 205, 1701, 1496
9724, 1515, 2244, 729
9725, 729, 730, 1
9726, 1, 1, 0
9727, 1, 1, 0
9728, 6, 8, 2
9729, 31, 114, 83
9730, 121, 1041, 920
9731, 957, 2341, 1384
9732, 1384, 1385, 1
9733, 1, 1, 0
9734, 2, 2, 0
9735, 9, 9, 0
9736, 21, 45, 24
9737, 70, 527, 457
9738, 499, 2350, 1851
9739, 1852, 1901, 49
9740, 49, 50, 1
9741, 2, 2, 0
9742, 3, 3, 0
9743, 9, 12, 3
9744, 57, 377, 320
9745, 364, 2247, 1883
9746, 1886, 2067, 181
9747, 181, 184, 3
9748, 3, 3, 0
9749, 0, 0, 0
9750, 13, 15, 2
9751, 66, 440, 374
9752, 412, 2292, 1880
9753, 1883, 2009, 126
9754, 126, 126, 0
9755, 0, 0, 0
9756, 1, 1, 0
9757, 6, 9, 3
9758, 42, 236, 194
9759, 235, 1879, 1644
9760, 1656, 2216, 560
9761, 560, 561, 1
9762, 1, 1, 0
9763, 0, 0, 0
9764, 4, 4, 0
9765, 38, 181, 143
9766, 189, 1610, 1421
9767, 1441, 2269, 828
9768, 828, 828, 0
9769, 0, 0, 0
9770, 3, 3, 0
9771, 5, 5, 0
9772, 26, 74, 48
9773, 93, 756, 663
9774, 699, 2367, 1668
9775, 1668, 1677, 9
9776, 9, 9, 0
9777, 1, 1, 0
9778, 0, 0, 0
9779, 15, 26, 11
9780, 71, 533, 462
9781, 513, 2371, 1858
9782, 1858, 1901, 43
9783, 43, 43, 0
9784, 0, 0, 0
9785, 2, 2, 0
9786, 14, 26, 12
9787, 67, 501, 434
9788, 473, 2340, 1867
9789, 1867, 1944, 77
9790, 77, 77, 0
9791, 0, 0, 0
9792, 3, 3, 0
9793, 10, 14, 4
9794, 60, 397, 337
9795, 366, 2231, 1865
9796, 1869, 2061, 192
9797, 192, 194, 2
9798, 2, 2, 0
9799, 2, 2, 0
9800, 9, 9, 0
9801, 43, 247, 204
9802, 257, 1952, 1695
9803, 1703, 2189, 486
9804, 486, 488, 2
9805, 2, 2, 0
9806, 1, 1, 0
9807, 12, 14, 2
9808, 47, 262, 215
9809, 256, 1958, 1702
9810, 1706, 2184, 478
9811, 478, 479, 1
9812, 1, 1, 0
9813, 2, 2, 0
9814, 5, 5, 0
9815, 36, 167, 131
9816, 191, 1622, 1431
9817, 1447, 2266, 819
9818, 819, 821, 2
9819, 2, 2, 0
9820, 2, 2, 0
9821, 7, 9, 2
9822, 37, 144, 107
9823, 158, 1350, 1192
9824, 1219, 2296, 1077
9825, 1077, 1079, 2
9826, 2, 2, 0
9827, 0, 0, 0
9828, 6, 7, 1
9829, 24, 72, 48
9830, 102, 862, 760
9831, 790, 2368, 1578
9832, 1578, 1578, 0
9833, 0, 0, 0
9834, 0, 0, 0
9835, 1, 1, 0
9836, 17, 26, 9
9837, 61, 420, 359
9838, 405, 2276, 1871
9839, 1871, 2016, 145
9840, 145, 146, 1
9841, 1, 1, 0
9842, 1, 1, 0
9843, 10, 17, 7
9844, 45, 253, 208
9845, 255, 1933, 1678
9846, 1687, 2189, 502
9847, 502, 503, 1
9848, 2, 2, 0
9849, 2, 2, 0
9850, 7, 11, 4
9851, 47, 232, 185
9852, 238, 1894, 1656
9853, 1667, 2206, 539
9854, 539, 541, 2
9855, 2, 2, 0
9856, 3, 3, 0
9857, 4, 5, 1
9858, 38, 173, 135
9859, 186, 1582, 1396
9860, 1416, 2269, 853
9861, 853, 856, 3
9862, 4, 4, 0
9863, 0, 0, 0
9864, 2, 2, 0
9865, 28, 105, 77
9866, 125, 1082, 957
9867, 994, 2345, 1351
9868, 1351, 1351, 0
9869, 0, 0, 0
9870, 0, 0, 0
9871, 4, 4, 0
9872, 19, 42, 23
9873, 68, 493, 425
9874, 468, 2345, 1877
9875, 1878, 1941, 63
9876, 64, 64, 0
9877, 0, 0, 0
9878, 1, 1, 0
9879, 12, 17, 5
9880, 50, 312, 262
9881, 310, 2156, 1846
9882, 1851, 2127, 276
9883, 276, 277, 1
9884, 1, 1, 0
9885, 2, 2, 0
9886, 7, 8, 1
9887, 51, 306, 255
9888, 307, 2155, 1848
9889, 1853, 2133, 280
9890, 280, 281, 1
9891, 1, 1, 0
9892, 0, 0, 0
9893, 11, 13, 2
9894, 50, 297, 247
9895, 294, 2100, 1806
9896, 1813, 2145, 332
9897, 332, 332, 0
9898, 0, 0, 0
9899, 3, 3, 0
9900, 10, 13, 3
9901, 57, 354, 297
9902, 339, 2207, 1868
9903, 1872, 2091, 219
9904, 219, 221, 2
9905, 2, 2, 0
9906, 1, 1, 0
9907, 10, 12, 2
9908, 51, 316, 265
9909, 305, 2121, 1816
9910, 1818, 2133, 315
9911, 315, 316, 1
9912, 1, 1, 0
9913, 1, 1, 0
9914, 8, 8, 0
9915, 45, 225, 180
9916, 226, 1829, 1603
9917, 1612, 2220, 608
9918, 609, 609, 0
9919, 0, 0, 0
9920, 0, 0, 0
9921, 7, 8, 1
9922, 40, 192, 152
9923, 204, 1696, 1492
9924, 1508, 2249, 741
9925, 741, 741, 0
9926, 0, 0, 0
9927, 0, 0, 0
9928, 6, 7, 1
9929, 36, 154, 118
9930, 172, 1474, 1302
9931, 1324, 2286, 962
9932, 962, 962, 0
9933, 1, 1, 0
9934, 1, 1, 0
9935, 2, 2, 0
9936, 34, 120, 86
9937, 132, 1137, 1005
9938, 1035, 2331, 1296
9939, 1296, 1297, 1
9940, 1, 1, 0
9941, 1, 1, 0
9942, 2, 2, 0
9943, 21, 55, 34
9944, 78, 592, 514
9945, 555, 2375, 1820
9946, 1821, 1844, 23
9947, 24, 24, 0
9948, 0, 0, 0
9949, 1, 1, 0
9950, 13, 17, 4
9951, 46, 275, 229
9952, 276, 2058, 1782
9953, 1792, 2164, 372
9954, 372, 373, 1
9955, 1, 1, 0
9956, 2, 2, 0
9957, 7, 7, 0
9958, 36, 176, 140
9959, 188, 1602, 1414
9960, 1430, 2267, 837
9961, 837, 839, 2
9962, 2, 2, 0
9963, 1, 1, 0
9964, 4, 4, 0
9965, 34, 134, 100
9966, 156, 1361, 1205
9967, 1216, 2305, 1089
9968, 1089, 1090, 1
9969, 1, 1, 0
9970, 1, 1, 0
9971, 3, 3, 0
9972, 31, 96, 65
9973, 119, 1016, 897
9974, 933, 2345, 1412
9975, 1412, 1414, 2
9976, 2, 2, 0
9977, 0, 0, 0
9978, 2, 2, 0
9979, 25, 59, 34
9980, 74, 563, 489
9981, 530, 2372, 1842
9982, 1842, 1869, 27
9983, 27, 27, 0
9984, 1, 1, 0
9985, 2, 2, 0
9986, 16, 24, 8
9987, 56, 372, 316
9988, 356, 2214, 1858
9989, 1861, 2070, 209
9990, 210, 210, 0
9991, 2, 2, 0
9992, 1, 1, 0
9993, 8, 11, 3
9994, 47, 266, 219
9995, 257, 1946, 1689
9996, 1698, 2187, 489
9997, 489, 490, 1
9998, 1, 1, 0
9999, 0, 0, 0
