time_steps,spikes_input,spikes_total,spikes_neighbors
0, 80, 81, 1
1, 89, 91, 2
2, 65, 69, 4
3, 57, 59, 2
4, 76, 76, 0
5, 68, 68, 0
6, 59, 59, 0
7, 65, 65, 0
8, 68, 68, 0
9, 71, 71, 0
10, 75, 80, 5
11, 69, 71, 2
12, 78, 80, 2
13, 92, 98, 6
14, 84, 84, 0
15, 61, 61, 0
16, 70, 70, 0
17, 65, 65, 0
18, 74, 74, 0
19, 58, 58, 0
20, 72, 72, 0
21, 70, 70, 0
22, 79, 81, 2
23, 75, 79, 4
24, 65, 65, 0
25, 83, 91, 8
26, 85, 91, 6
27, 83, 83, 0
28, 74, 75, 1
29, 62, 67, 5
30, 70, 70, 0
31, 53, 53, 0
32, 57, 57, 0
33, 66, 66, 0
34, 75, 75, 0
35, 64, 64, 0
36, 58, 60, 2
37, 64, 66, 2
38, 62, 62, 0
39, 60, 60, 0
40, 62, 62, 0
41, 77, 83, 6
42, 64, 65, 1
43, 78, 81, 3
44, 58, 59, 1
45, 64, 65, 1
46, 75, 75, 0
47, 67, 67, 0
48, 70, 75, 5
49, 72, 82, 10
50, 80, 88, 8
51, 67, 69, 2
52, 67, 68, 1
53, 66, 66, 0
54, 82, 92, 10
55, 83, 98, 15
56, 83, 90, 7
57, 69, 72, 3
58, 69, 69, 0
59, 58, 58, 0
60, 81, 81, 0
61, 73, 78, 5
62, 63, 64, 1
63, 65, 67, 2
64, 74, 78, 4
65, 78, 86, 8
66, 78, 81, 3
67, 66, 66, 0
68, 77, 77, 0
69, 59, 59, 0
70, 63, 63, 0
71, 68, 68, 0
72, 70, 73, 3
73, 76, 78, 2
74, 62, 62, 0
75, 61, 67, 6
76, 68, 76, 8
77, 74, 82, 8
78, 83, 91, 8
79, 77, 79, 2
80, 70, 70, 0
81, 50, 50, 0
82, 59, 59, 0
83, 60, 61, 1
84, 71, 71, 0
85, 79, 95, 16
86, 77, 95, 18
87, 82, 92, 10
88, 77, 81, 4
89, 52, 52, 0
90, 80, 82, 2
91, 62, 62, 0
92, 64, 64, 0
93, 60, 60, 0
94, 65, 66, 1
95, 69, 70, 1
96, 69, 69, 0
97, 69, 71, 2
98, 85, 87, 2
99, 59, 59, 0
100, 64, 65, 1
101, 69, 70, 1
102, 61, 63, 2
103, 66, 67, 1
104, 92, 93, 1
105, 54, 56, 2
106, 84, 85, 1
107, 63, 63, 0
108, 65, 65, 0
109, 64, 66, 2
110, 72, 73, 1
111, 88, 91, 3
112, 69, 69, 0
113, 56, 56, 0
114, 69, 69, 0
115, 58, 58, 0
116, 62, 62, 0
117, 74, 74, 0
118, 71, 74, 3
119, 64, 65, 1
120, 58, 58, 0
121, 71, 71, 0
122, 56, 56, 0
123, 62, 62, 0
124, 71, 71, 0
125, 62, 69, 7
126, 77, 82, 5
127, 67, 69, 2
128, 65, 65, 0
129, 68, 68, 0
130, 62, 63, 1
131, 66, 66, 0
132, 65, 65, 0
133, 62, 62, 0
134, 61, 65, 4
135, 69, 70, 1
136, 58, 60, 2
137, 75, 78, 3
138, 62, 62, 0
139, 73, 89, 16
140, 76, 93, 17
141, 99, 122, 23
142, 101, 129, 28
143, 97, 141, 44
144, 102, 142, 40
145, 88, 124, 36
146, 98, 141, 43
147, 90, 137, 47
148, 110, 164, 54
149, 115, 187, 72
150, 130, 219, 89
151, 147, 236, 89
152, 153, 247, 94
153, 159, 281, 122
154, 173, 293, 120
155, 176, 318, 142
156, 194, 318, 124
157, 174, 284, 110
158, 161, 259, 98
159, 155, 258, 103
160, 157, 269, 112
161, 163, 260, 97
162, 153, 246, 93
163, 157, 231, 74
164, 120, 176, 56
165, 108, 166, 58
166, 113, 165, 52
167, 119, 162, 43
168, 121, 177, 56
169, 123, 182, 59
170, 122, 182, 60
171, 110, 160, 50
172, 105, 163, 58
173, 111, 161, 50
174, 114, 142, 28
175, 95, 122, 27
176, 92, 109, 17
177, 72, 82, 10
178, 84, 103, 19
179, 83, 109, 26
180, 82, 113, 31
181, 94, 122, 28
182, 79, 106, 27
183, 87, 107, 20
184, 100, 121, 21
185, 95, 121, 26
186, 89, 114, 25
187, 78, 105, 27
188, 98, 132, 34
189, 99, 127, 28
190, 85, 109, 24
191, 87, 106, 19
192, 86, 105, 19
193, 74, 91, 17
194, 91, 118, 27
195, 91, 118, 27
196, 95, 126, 31
197, 93, 123, 30
198, 100, 125, 25
199, 92, 124, 32
200, 88, 123, 35
201, 106, 145, 39
202, 125, 176, 51
203, 113, 170, 57
204, 118, 168, 50
205, 108, 150, 42
206, 102, 150, 48
207, 116, 166, 50
208, 110, 164, 54
209, 111, 161, 50
210, 100, 149, 49
211, 107, 165, 58
212, 115, 191, 76
213, 146, 239, 93
214, 143, 245, 102
215, 187, 292, 105
216, 162, 255, 93
217, 151, 236, 85
218, 145, 227, 82
219, 140, 225, 85
220, 139, 217, 78
221, 120, 188, 68
222, 128, 198, 70
223, 122, 170, 48
224, 104, 141, 37
225, 110, 130, 20
226, 82, 98, 16
227, 68, 80, 12
228, 65, 76, 11
229, 73, 78, 5
230, 62, 69, 7
231, 81, 92, 11
232, 74, 84, 10
233, 66, 77, 11
234, 72, 81, 9
235, 70, 80, 10
236, 76, 89, 13
237, 68, 83, 15
238, 79, 86, 7
239, 94, 98, 4
240, 67, 71, 4
241, 77, 84, 7
242, 71, 73, 2
243, 73, 75, 2
244, 62, 69, 7
245, 61, 63, 2
246, 72, 79, 7
247, 81, 90, 9
248, 66, 75, 9
249, 61, 61, 0
250, 67, 67, 0
251, 71, 72, 1
252, 59, 60, 1
253, 49, 49, 0
254, 68, 71, 3
255, 82, 82, 0
256, 60, 60, 0
257, 71, 71, 0
258, 69, 69, 0
259, 61, 62, 1
260, 70, 70, 0
261, 63, 63, 0
262, 74, 74, 0
263, 76, 76, 0
264, 68, 68, 0
265, 73, 74, 1
266, 56, 61, 5
267, 70, 79, 9
268, 75, 83, 8
269, 83, 88, 5
270, 63, 63, 0
271, 51, 51, 0
272, 74, 74, 0
273, 67, 70, 3
274, 65, 65, 0
275, 75, 79, 4
276, 64, 64, 0
277, 70, 71, 1
278, 81, 81, 0
279, 67, 67, 0
280, 61, 63, 2
281, 75, 81, 6
282, 75, 80, 5
283, 71, 73, 2
284, 65, 66, 1
285, 59, 61, 2
286, 67, 72, 5
287, 85, 93, 8
288, 69, 78, 9
289, 50, 54, 4
290, 88, 92, 4
291, 75, 75, 0
292, 74, 77, 3
293, 69, 69, 0
294, 52, 52, 0
295, 67, 67, 0
296, 65, 66, 1
297, 83, 87, 4
298, 64, 64, 0
299, 81, 81, 0
300, 74, 81, 7
301, 67, 69, 2
302, 76, 77, 1
303, 68, 68, 0
304, 69, 69, 0
305, 72, 75, 3
306, 68, 68, 0
307, 55, 55, 0
308, 65, 65, 0
309, 69, 72, 3
310, 71, 75, 4
311, 84, 106, 22
312, 93, 123, 30
313, 89, 118, 29
314, 95, 118, 23
315, 82, 112, 30
316, 107, 144, 37
317, 85, 126, 41
318, 99, 147, 48
319, 114, 168, 54
320, 117, 173, 56
321, 122, 203, 81
322, 129, 199, 70
323, 117, 183, 66
324, 123, 192, 69
325, 132, 210, 78
326, 137, 209, 72
327, 134, 212, 78
328, 141, 208, 67
329, 123, 189, 66
330, 124, 196, 72
331, 122, 180, 58
332, 105, 147, 42
333, 109, 150, 41
334, 108, 150, 42
335, 91, 126, 35
336, 102, 139, 37
337, 80, 106, 26
338, 83, 110, 27
339, 98, 127, 29
340, 96, 120, 24
341, 83, 107, 24
342, 77, 90, 13
343, 66, 70, 4
344, 87, 88, 1
345, 69, 69, 0
346, 65, 65, 0
347, 78, 80, 2
348, 61, 61, 0
349, 45, 45, 0
350, 66, 67, 1
351, 77, 77, 0
352, 62, 62, 0
353, 59, 59, 0
354, 64, 64, 0
355, 74, 74, 0
356, 79, 80, 1
357, 62, 62, 0
358, 67, 67, 0
359, 66, 66, 0
360, 65, 65, 0
361, 67, 67, 0
362, 61, 61, 0
363, 66, 66, 0
364, 87, 87, 0
365, 64, 64, 0
366, 61, 64, 3
367, 70, 73, 3
368, 58, 58, 0
369, 71, 71, 0
370, 78, 79, 1
371, 72, 75, 3
372, 64, 64, 0
373, 58, 58, 0
374, 66, 66, 0
375, 65, 65, 0
376, 58, 58, 0
377, 79, 79, 0
378, 66, 66, 0
379, 62, 65, 3
380, 69, 75, 6
381, 83, 91, 8
382, 60, 62, 2
383, 72, 73, 1
384, 64, 65, 1
385, 65, 66, 1
386, 64, 64, 0
387, 83, 85, 2
388, 78, 85, 7
389, 77, 81, 4
390, 77, 85, 8
391, 74, 75, 1
392, 61, 61, 0
393, 81, 81, 0
394, 60, 60, 0
395, 66, 66, 0
396, 65, 65, 0
397, 62, 62, 0
398, 61, 61, 0
399, 57, 57, 0
400, 70, 72, 2
401, 67, 67, 0
402, 57, 57, 0
403, 68, 68, 0
404, 61, 61, 0
405, 63, 63, 0
406, 85, 88, 3
407, 64, 64, 0
408, 68, 68, 0
409, 60, 60, 0
410, 60, 62, 2
411, 81, 87, 6
412, 46, 46, 0
413, 62, 62, 0
414, 60, 61, 1
415, 72, 72, 0
416, 66, 66, 0
417, 76, 83, 7
418, 73, 80, 7
419, 81, 87, 6
420, 71, 72, 1
421, 65, 65, 0
422, 70, 70, 0
423, 61, 61, 0
424, 73, 74, 1
425, 74, 74, 0
426, 59, 59, 0
427, 61, 62, 1
428, 65, 65, 0
429, 78, 78, 0
430, 68, 69, 1
431, 53, 53, 0
432, 66, 66, 0
433, 72, 72, 0
434, 72, 74, 2
435, 64, 64, 0
436, 73, 74, 1
437, 61, 61, 0
438, 60, 60, 0
439, 61, 64, 3
440, 75, 82, 7
441, 84, 89, 5
442, 64, 67, 3
443, 75, 76, 1
444, 63, 63, 0
445, 56, 56, 0
446, 71, 80, 9
447, 81, 85, 4
448, 59, 59, 0
449, 61, 66, 5
450, 81, 92, 11
451, 83, 91, 8
452, 85, 96, 11
453, 75, 84, 9
454, 82, 89, 7
455, 70, 76, 6
456, 72, 76, 4
457, 74, 80, 6
458, 66, 70, 4
459, 62, 62, 0
460, 70, 72, 2
461, 83, 84, 1
462, 50, 50, 0
463, 78, 79, 1
464, 64, 64, 0
465, 79, 79, 0
466, 73, 85, 12
467, 80, 100, 20
468, 81, 110, 29
469, 92, 125, 33
470, 91, 118, 27
471, 93, 112, 19
472, 88, 112, 24
473, 87, 103, 16
474, 78, 88, 10
475, 69, 78, 9
476, 88, 97, 9
477, 83, 93, 10
478, 71, 76, 5
479, 64, 67, 3
480, 78, 79, 1
481, 63, 63, 0
482, 62, 62, 0
483, 80, 80, 0
484, 73, 73, 0
485, 69, 69, 0
486, 66, 70, 4
487, 79, 88, 9
488, 79, 79, 0
489, 64, 64, 0
490, 83, 84, 1
491, 59, 59, 0
492, 77, 77, 0
493, 66, 76, 10
494, 66, 81, 15
495, 79, 98, 19
496, 90, 106, 16
497, 87, 96, 9
498, 74, 80, 6
499, 78, 86, 8
500, 87, 99, 12
501, 70, 81, 11
502, 71, 83, 12
503, 69, 83, 14
504, 80, 97, 17
505, 82, 103, 21
506, 86, 104, 18
507, 93, 110, 17
508, 95, 111, 16
509, 72, 80, 8
510, 66, 77, 11
511, 83, 88, 5
512, 67, 68, 1
513, 74, 75, 1
514, 78, 78, 0
515, 65, 65, 0
516, 66, 67, 1
517, 65, 66, 1
518, 64, 64, 0
519, 65, 66, 1
520, 52, 52, 0
521, 69, 71, 2
522, 78, 85, 7
523, 81, 89, 8
524, 61, 69, 8
525, 80, 88, 8
526, 68, 74, 6
527, 73, 77, 4
528, 68, 73, 5
529, 74, 76, 2
530, 74, 79, 5
531, 66, 68, 2
532, 74, 74, 0
533, 60, 72, 12
534, 89, 104, 15
535, 83, 106, 23
536, 77, 112, 35
537, 81, 113, 32
538, 84, 129, 45
539, 124, 165, 41
540, 108, 153, 45
541, 113, 169, 56
542, 120, 179, 59
543, 119, 174, 55
544, 113, 179, 66
545, 133, 206, 73
546, 129, 206, 77
547, 143, 234, 91
548, 147, 232, 85
549, 137, 210, 73
550, 129, 213, 84
551, 139, 223, 84
552, 140, 227, 87
553, 138, 233, 95
554, 149, 265, 116
555, 173, 280, 107
556, 154, 266, 112
557, 169, 286, 117
558, 167, 270, 103
559, 158, 261, 103
560, 164, 265, 101
561, 147, 223, 76
562, 132, 186, 54
563, 117, 156, 39
564, 88, 119, 31
565, 97, 114, 17
566, 77, 88, 11
567, 73, 76, 3
568, 72, 73, 1
569, 82, 86, 4
570, 73, 78, 5
571, 70, 70, 0
572, 86, 91, 5
573, 65, 65, 0
574, 62, 62, 0
575, 77, 78, 1
576, 65, 68, 3
577, 85, 86, 1
578, 55, 55, 0
579, 70, 70, 0
580, 67, 67, 0
581, 71, 76, 5
582, 65, 65, 0
583, 71, 71, 0
584, 59, 59, 0
585, 76, 79, 3
586, 70, 70, 0
587, 58, 58, 0
588, 64, 64, 0
589, 67, 67, 0
590, 79, 80, 1
591, 71, 79, 8
592, 86, 95, 9
593, 61, 63, 2
594, 55, 56, 1
595, 77, 77, 0
596, 63, 68, 5
597, 83, 86, 3
598, 71, 71, 0
599, 61, 61, 0
600, 61, 61, 0
601, 47, 47, 0
602, 64, 65, 1
603, 61, 65, 4
604, 75, 77, 2
605, 62, 62, 0
606, 59, 61, 2
607, 70, 73, 3
608, 73, 77, 4
609, 66, 67, 1
610, 80, 82, 2
611, 77, 78, 1
612, 66, 75, 9
613, 70, 77, 7
614, 82, 84, 2
615, 64, 64, 0
616, 68, 68, 0
617, 68, 68, 0
618, 72, 72, 0
619, 65, 71, 6
620, 77, 82, 5
621, 74, 80, 6
622, 63, 65, 2
623, 64, 64, 0
624, 74, 79, 5
625, 82, 96, 14
626, 78, 85, 7
627, 74, 74, 0
628, 72, 72, 0
629, 73, 73, 0
630, 69, 77, 8
631, 63, 66, 3
632, 73, 74, 1
633, 65, 67, 2
634, 68, 70, 2
635, 77, 78, 1
636, 80, 87, 7
637, 68, 70, 2
638, 60, 62, 2
639, 70, 70, 0
640, 75, 77, 2
641, 80, 86, 6
642, 76, 86, 10
643, 72, 86, 14
644, 69, 82, 13
645, 75, 88, 13
646, 74, 90, 16
647, 86, 112, 26
648, 93, 126, 33
649, 107, 155, 48
650, 106, 165, 59
651, 114, 192, 78
652, 141, 225, 84
653, 130, 212, 82
654, 140, 238, 98
655, 148, 262, 114
656, 167, 297, 130
657, 200, 336, 136
658, 178, 307, 129
659, 176, 304, 128
660, 177, 317, 140
661, 188, 323, 135
662, 190, 335, 145
663, 184, 317, 133
664, 170, 271, 101
665, 150, 220, 70
666, 111, 157, 46
667, 102, 145, 43
668, 103, 139, 36
669, 98, 135, 37
670, 101, 133, 32
671, 103, 125, 22
672, 81, 100, 19
673, 76, 85, 9
674, 61, 76, 15
675, 82, 105, 23
676, 86, 114, 28
677, 89, 121, 32
678, 79, 116, 37
679, 100, 140, 40
680, 99, 147, 48
681, 119, 165, 46
682, 92, 139, 47
683, 113, 147, 34
684, 93, 126, 33
685, 89, 118, 29
686, 97, 128, 31
687, 84, 113, 29
688, 92, 125, 33
689, 116, 147, 31
690, 91, 120, 29
691, 81, 111, 30
692, 99, 137, 38
693, 108, 141, 33
694, 97, 129, 32
695, 91, 114, 23
696, 87, 113, 26
697, 93, 119, 26
698, 86, 117, 31
699, 90, 127, 37
700, 105, 136, 31
701, 86, 110, 24
702, 79, 101, 22
703, 88, 119, 31
704, 95, 131, 36
705, 101, 143, 42
706, 100, 150, 50
707, 112, 167, 55
708, 114, 180, 66
709, 137, 206, 69
710, 134, 213, 79
711, 147, 229, 82
712, 130, 216, 86
713, 131, 218, 87
714, 142, 235, 93
715, 161, 262, 101
716, 152, 225, 73
717, 125, 193, 68
718, 124, 190, 66
719, 116, 185, 69
720, 119, 184, 65
721, 132, 194, 62
722, 122, 188, 66
723, 119, 176, 57
724, 112, 166, 54
725, 114, 159, 45
726, 102, 141, 39
727, 96, 116, 20
728, 74, 84, 10
729, 84, 86, 2
730, 64, 64, 0
731, 67, 67, 0
732, 78, 78, 0
733, 67, 68, 1
734, 73, 82, 9
735, 73, 79, 6
736, 81, 93, 12
737, 66, 75, 9
738, 71, 73, 2
739, 74, 74, 0
740, 67, 74, 7
741, 75, 79, 4
742, 75, 82, 7
743, 82, 87, 5
744, 78, 85, 7
745, 83, 84, 1
746, 63, 64, 1
747, 71, 76, 5
748, 61, 69, 8
749, 90, 93, 3
750, 73, 73, 0
751, 60, 60, 0
752, 64, 64, 0
753, 62, 62, 0
754, 55, 55, 0
755, 91, 94, 3
756, 75, 75, 0
757, 56, 56, 0
758, 57, 57, 0
759, 59, 59, 0
760, 68, 90, 22
761, 69, 93, 24
762, 93, 121, 28
763, 99, 128, 29
764, 98, 130, 32
765, 95, 123, 28
766, 80, 99, 19
767, 96, 123, 27
768, 86, 116, 30
769, 81, 117, 36
770, 109, 164, 55
771, 129, 199, 70
772, 134, 213, 79
773, 135, 219, 84
774, 154, 262, 108
775, 157, 269, 112
776, 172, 288, 116
777, 182, 301, 119
778, 173, 301, 128
779, 176, 312, 136
780, 188, 343, 155
781, 205, 370, 165
782, 201, 355, 154
783, 200, 357, 157
784, 218, 385, 167
785, 205, 379, 174
786, 222, 378, 156
787, 198, 308, 110
788, 150, 251, 101
789, 149, 237, 88
790, 143, 218, 75
791, 116, 184, 68
792, 130, 204, 74
793, 132, 195, 63
794, 135, 191, 56
795, 110, 156, 46
796, 120, 174, 54
797, 111, 151, 40
798, 84, 108, 24
799, 86, 98, 12
800, 67, 69, 2
801, 80, 85, 5
802, 68, 71, 3
803, 67, 72, 5
804, 59, 61, 2
805, 65, 68, 3
806, 72, 72, 0
807, 81, 81, 0
808, 73, 78, 5
809, 61, 61, 0
810, 87, 91, 4
811, 60, 68, 8
812, 72, 78, 6
813, 67, 70, 3
814, 77, 78, 1
815, 67, 72, 5
816, 65, 70, 5
817, 70, 73, 3
818, 57, 59, 2
819, 64, 65, 1
820, 76, 77, 1
821, 58, 58, 0
822, 70, 74, 4
823, 68, 68, 0
824, 69, 69, 0
825, 71, 83, 12
826, 66, 81, 15
827, 85, 100, 15
828, 84, 97, 13
829, 84, 86, 2
830, 63, 64, 1
831, 68, 68, 0
832, 65, 71, 6
833, 70, 80, 10
834, 76, 88, 12
835, 79, 87, 8
836, 75, 82, 7
837, 81, 87, 6
838, 74, 75, 1
839, 69, 69, 0
840, 68, 70, 2
841, 71, 76, 5
842, 84, 87, 3
843, 73, 74, 1
844, 56, 60, 4
845, 65, 73, 8
846, 58, 68, 10
847, 68, 78, 10
848, 76, 86, 10
849, 71, 78, 7
850, 83, 83, 0
851, 65, 66, 1
852, 66, 66, 0
853, 71, 72, 1
854, 60, 60, 0
855, 67, 69, 2
856, 72, 73, 1
857, 71, 73, 2
858, 61, 61, 0
859, 72, 75, 3
860, 67, 68, 1
861, 75, 77, 2
862, 61, 61, 0
863, 59, 59, 0
864, 69, 69, 0
865, 70, 70, 0
866, 57, 57, 0
867, 72, 72, 0
868, 64, 64, 0
869, 54, 54, 0
870, 65, 67, 2
871, 64, 64, 0
872, 65, 70, 5
873, 75, 77, 2
874, 83, 89, 6
875, 66, 68, 2
876, 81, 83, 2
877, 64, 71, 7
878, 95, 126, 31
879, 99, 143, 44
880, 100, 141, 41
881, 105, 149, 44
882, 119, 178, 59
883, 125, 198, 73
884, 148, 228, 80
885, 140, 222, 82
886, 143, 235, 92
887, 154, 254, 100
888, 149, 254, 105
889, 163, 277, 114
890, 158, 262, 104
891, 155, 266, 111
892, 166, 281, 115
893, 175, 288, 113
894, 161, 279, 118
895, 178, 289, 111
896, 164, 265, 101
897, 144, 234, 90
898, 131, 188, 57
899, 94, 134, 40
900, 96, 132, 36
901, 93, 121, 28
902, 87, 111, 24
903, 95, 112, 17
904, 86, 94, 8
905, 75, 79, 4
906, 73, 88, 15
907, 76, 89, 13
908, 78, 85, 7
909, 70, 71, 1
910, 52, 52, 0
911, 66, 67, 1
912, 84, 84, 0
913, 68, 68, 0
914, 51, 51, 0
915, 73, 73, 0
916, 70, 70, 0
917, 58, 58, 0
918, 76, 76, 0
919, 61, 61, 0
920, 72, 72, 0
921, 58, 58, 0
922, 81, 81, 0
923, 73, 74, 1
924, 72, 73, 1
925, 61, 62, 1
926, 63, 63, 0
927, 71, 72, 1
928, 72, 75, 3
929, 79, 80, 1
930, 73, 73, 0
931, 72, 72, 0
932, 75, 75, 0
933, 65, 65, 0
934, 70, 70, 0
935, 58, 58, 0
936, 72, 75, 3
937, 70, 71, 1
938, 74, 75, 1
939, 77, 77, 0
940, 85, 92, 7
941, 65, 79, 14
942, 72, 101, 29
943, 98, 141, 43
944, 105, 145, 40
945, 130, 176, 46
946, 112, 160, 48
947, 106, 160, 54
948, 118, 175, 57
949, 117, 170, 53
950, 122, 190, 68
951, 130, 212, 82
952, 144, 228, 84
953, 140, 235, 95
954, 153, 245, 92
955, 151, 256, 105
956, 169, 280, 111
957, 167, 282, 115
958, 183, 306, 123
959, 177, 302, 125
960, 195, 315, 120
961, 168, 288, 120
962, 172, 309, 137
963, 191, 331, 140
964, 178, 302, 124
965, 176, 313, 137
966, 187, 327, 140
967, 192, 330, 138
968, 183, 321, 138
969, 175, 297, 122
970, 166, 310, 144
971, 201, 349, 148
972, 201, 338, 137
973, 184, 307, 123
974, 162, 301, 139
975, 191, 320, 129
976, 177, 316, 139
977, 179, 321, 142
978, 194, 331, 137
979, 200, 324, 124
980, 173, 300, 127
981, 179, 308, 129
982, 187, 294, 107
983, 151, 228, 77
984, 117, 188, 71
985, 123, 177, 54
986, 105, 149, 44
987, 88, 119, 31
988, 97, 122, 25
989, 82, 98, 16
990, 88, 113, 25
991, 111, 143, 32
992, 87, 105, 18
993, 80, 103, 23
994, 101, 125, 24
995, 72, 98, 26
996, 86, 119, 33
997, 99, 140, 41
998, 112, 154, 42
999, 104, 154, 50
1000, 118, 169, 51
1001, 122, 182, 60
1002, 123, 174, 51
1003, 109, 174, 65
1004, 118, 186, 68
1005, 130, 188, 58
1006, 131, 210, 79
1007, 138, 236, 98
1008, 161, 251, 90
1009, 145, 230, 85
1010, 144, 235, 91
1011, 142, 240, 98
1012, 145, 248, 103
1013, 151, 262, 111
1014, 174, 280, 106
1015, 161, 262, 101
1016, 160, 267, 107
1017, 168, 272, 104
1018, 166, 256, 90
1019, 138, 217, 79
1020, 132, 185, 53
1021, 97, 133, 36
1022, 85, 110, 25
1023, 73, 103, 30
1024, 85, 114, 29
1025, 96, 145, 49
1026, 113, 173, 60
1027, 126, 193, 67
1028, 134, 195, 61
1029, 112, 182, 70
1030, 116, 176, 60
1031, 108, 172, 64
1032, 114, 198, 84
1033, 150, 241, 91
1034, 148, 221, 73
1035, 142, 215, 73
1036, 128, 194, 66
1037, 132, 204, 72
1038, 121, 197, 76
1039, 126, 200, 74
1040, 135, 213, 78
1041, 139, 221, 82
1042, 146, 234, 88
1043, 147, 244, 97
1044, 167, 260, 93
1045, 143, 226, 83
1046, 140, 211, 71
1047, 129, 184, 55
1048, 115, 143, 28
1049, 85, 98, 13
1050, 59, 64, 5
1051, 65, 65, 0
1052, 71, 71, 0
1053, 59, 59, 0
1054, 71, 71, 0
1055, 72, 78, 6
1056, 77, 83, 6
1057, 74, 83, 9
1058, 74, 83, 9
1059, 78, 94, 16
1060, 89, 94, 5
1061, 60, 63, 3
1062, 69, 69, 0
1063, 70, 74, 4
1064, 66, 66, 0
1065, 74, 76, 2
1066, 81, 85, 4
1067, 68, 70, 2
1068, 59, 59, 0
1069, 83, 86, 3
1070, 70, 70, 0
1071, 73, 87, 14
1072, 73, 87, 14
1073, 77, 92, 15
1074, 85, 92, 7
1075, 85, 97, 12
1076, 70, 85, 15
1077, 95, 112, 17
1078, 79, 82, 3
1079, 66, 66, 0
1080, 59, 59, 0
1081, 72, 72, 0
1082, 62, 63, 1
1083, 64, 64, 0
1084, 74, 76, 2
1085, 64, 64, 0
1086, 81, 82, 1
1087, 54, 54, 0
1088, 68, 68, 0
1089, 80, 82, 2
1090, 76, 80, 4
1091, 69, 73, 4
1092, 81, 88, 7
1093, 79, 82, 3
1094, 66, 66, 0
1095, 66, 67, 1
1096, 90, 99, 9
1097, 83, 100, 17
1098, 70, 90, 20
1099, 88, 109, 21
1100, 95, 115, 20
1101, 79, 95, 16
1102, 70, 79, 9
1103, 88, 97, 9
1104, 85, 104, 19
1105, 96, 118, 22
1106, 102, 123, 21
1107, 96, 127, 31
1108, 82, 112, 30
1109, 98, 131, 33
1110, 100, 127, 27
1111, 90, 116, 26
1112, 88, 121, 33
1113, 91, 131, 40
1114, 108, 151, 43
1115, 102, 160, 58
1116, 124, 183, 59
1117, 127, 196, 69
1118, 134, 207, 73
1119, 152, 248, 96
1120, 155, 266, 111
1121, 172, 273, 101
1122, 149, 229, 80
1123, 138, 235, 97
1124, 158, 271, 113
1125, 180, 307, 127
1126, 183, 301, 118
1127, 160, 231, 71
1128, 126, 194, 68
1129, 127, 200, 73
1130, 128, 185, 57
1131, 110, 161, 51
1132, 106, 136, 30
1133, 89, 107, 18
1134, 88, 101, 13
1135, 63, 80, 17
1136, 82, 100, 18
1137, 79, 97, 18
1138, 72, 84, 12
1139, 75, 86, 11
1140, 80, 89, 9
1141, 74, 85, 11
1142, 86, 98, 12
1143, 60, 67, 7
1144, 66, 66, 0
1145, 73, 73, 0
1146, 68, 68, 0
1147, 85, 91, 6
1148, 78, 81, 3
1149, 67, 67, 0
1150, 57, 57, 0
1151, 80, 80, 0
1152, 68, 68, 0
1153, 81, 87, 6
1154, 60, 63, 3
1155, 66, 67, 1
1156, 71, 72, 1
1157, 49, 49, 0
1158, 64, 72, 8
1159, 73, 84, 11
1160, 77, 86, 9
1161, 71, 80, 9
1162, 77, 92, 15
1163, 66, 83, 17
1164, 79, 104, 25
1165, 97, 122, 25
1166, 90, 118, 28
1167, 92, 116, 24
1168, 89, 118, 29
1169, 101, 132, 31
1170, 95, 121, 26
1171, 100, 127, 27
1172, 92, 122, 30
1173, 105, 148, 43
1174, 90, 131, 41
1175, 102, 144, 42
1176, 105, 161, 56
1177, 116, 178, 62
1178, 118, 171, 53
1179, 102, 151, 49
1180, 108, 159, 51
1181, 110, 162, 52
1182, 113, 169, 56
1183, 114, 171, 57
1184, 107, 163, 56
1185, 113, 173, 60
1186, 113, 174, 61
1187, 123, 188, 65
1188, 129, 198, 69
1189, 122, 189, 67
1190, 130, 201, 71
1191, 137, 183, 46
1192, 97, 132, 35
1193, 113, 146, 33
1194, 95, 129, 34
1195, 89, 118, 29
1196, 90, 120, 30
1197, 85, 114, 29
1198, 84, 111, 27
1199, 95, 122, 27
1200, 87, 114, 27
1201, 95, 111, 16
1202, 75, 86, 11
1203, 75, 94, 19
1204, 65, 78, 13
1205, 77, 85, 8
1206, 78, 82, 4
1207, 66, 66, 0
1208, 65, 65, 0
1209, 64, 64, 0
1210, 65, 65, 0
1211, 68, 68, 0
1212, 70, 70, 0
1213, 76, 83, 7
1214, 72, 81, 9
1215, 82, 82, 0
1216, 71, 71, 0
1217, 48, 49, 1
1218, 63, 63, 0
1219, 88, 100, 12
1220, 79, 91, 12
1221, 83, 95, 12
1222, 73, 81, 8
1223, 75, 83, 8
1224, 90, 95, 5
1225, 80, 88, 8
1226, 68, 78, 10
1227, 75, 80, 5
1228, 65, 65, 0
1229, 61, 66, 5
1230, 61, 61, 0
1231, 68, 68, 0
1232, 83, 85, 2
1233, 61, 61, 0
1234, 59, 59, 0
1235, 70, 70, 0
1236, 61, 61, 0
1237, 87, 88, 1
1238, 67, 68, 1
1239, 64, 64, 0
1240, 59, 59, 0
1241, 61, 65, 4
1242, 69, 70, 1
1243, 65, 66, 1
1244, 77, 79, 2
1245, 66, 66, 0
1246, 80, 81, 1
1247, 71, 73, 2
1248, 78, 79, 1
1249, 62, 63, 1
1250, 86, 88, 2
1251, 87, 87, 0
1252, 49, 49, 0
1253, 67, 67, 0
1254, 69, 69, 0
1255, 62, 68, 6
1256, 70, 79, 9
1257, 80, 86, 6
1258, 63, 64, 1
1259, 59, 59, 0
1260, 59, 71, 12
1261, 76, 92, 16
1262, 78, 102, 24
1263, 78, 104, 26
1264, 98, 133, 35
1265, 88, 129, 41
1266, 99, 150, 51
1267, 121, 179, 58
1268, 124, 188, 64
1269, 142, 215, 73
1270, 137, 220, 83
1271, 145, 231, 86
1272, 133, 220, 87
1273, 145, 233, 88
1274, 136, 220, 84
1275, 132, 232, 100
1276, 159, 246, 87
1277, 145, 222, 77
1278, 134, 187, 53
1279, 97, 144, 47
1280, 94, 129, 35
1281, 87, 103, 16
1282, 68, 77, 9
1283, 66, 67, 1
1284, 48, 48, 0
1285, 64, 65, 1
1286, 71, 72, 1
1287, 61, 62, 1
1288, 64, 69, 5
1289, 75, 81, 6
1290, 70, 72, 2
1291, 68, 68, 0
1292, 77, 85, 8
1293, 83, 99, 16
1294, 82, 95, 13
1295, 79, 89, 10
1296, 73, 82, 9
1297, 75, 86, 11
1298, 71, 83, 12
1299, 68, 83, 15
1300, 85, 106, 21
1301, 92, 123, 31
1302, 106, 154, 48
1303, 121, 179, 58
1304, 117, 168, 51
1305, 108, 157, 49
1306, 101, 147, 46
1307, 109, 152, 43
1308, 100, 146, 46
1309, 109, 154, 45
1310, 101, 130, 29
1311, 69, 75, 6
1312, 51, 51, 0
1313, 65, 66, 1
1314, 45, 45, 0
1315, 74, 75, 1
1316, 72, 73, 1
1317, 75, 82, 7
1318, 73, 83, 10
1319, 71, 85, 14
1320, 77, 85, 8
1321, 88, 93, 5
1322, 74, 86, 12
1323, 84, 99, 15
1324, 83, 101, 18
1325, 93, 112, 19
1326, 89, 109, 20
1327, 90, 112, 22
1328, 105, 130, 25
1329, 115, 146, 31
1330, 111, 148, 37
1331, 100, 128, 28
1332, 80, 101, 21
1333, 90, 111, 21
1334, 80, 99, 19
1335, 92, 115, 23
1336, 86, 105, 19
1337, 73, 97, 24
1338, 90, 119, 29
1339, 84, 116, 32
1340, 87, 118, 31
1341, 91, 130, 39
1342, 91, 131, 40
1343, 110, 152, 42
1344, 95, 135, 40
1345, 102, 150, 48
1346, 122, 166, 44
1347, 111, 162, 51
1348, 122, 177, 55
1349, 114, 170, 56
1350, 112, 169, 57
1351, 112, 175, 63
1352, 129, 174, 45
1353, 112, 145, 33
1354, 93, 130, 37
1355, 100, 140, 40
1356, 97, 134, 37
1357, 105, 136, 31
1358, 92, 124, 32
1359, 83, 109, 26
1360, 93, 129, 36
1361, 90, 121, 31
1362, 103, 137, 34
1363, 95, 121, 26
1364, 84, 97, 13
1365, 83, 97, 14
1366, 63, 70, 7
1367, 70, 73, 3
1368, 77, 82, 5
1369, 88, 90, 2
1370, 87, 92, 5
1371, 65, 66, 1
1372, 71, 72, 1
1373, 61, 63, 2
1374, 69, 69, 0
1375, 68, 68, 0
1376, 65, 65, 0
1377, 65, 69, 4
1378, 77, 85, 8
1379, 71, 80, 9
1380, 66, 71, 5
1381, 63, 63, 0
1382, 66, 66, 0
1383, 73, 73, 0
1384, 71, 71, 0
1385, 58, 58, 0
1386, 68, 70, 2
1387, 74, 74, 0
1388, 63, 63, 0
1389, 73, 76, 3
1390, 73, 81, 8
1391, 73, 89, 16
1392, 73, 79, 6
1393, 55, 61, 6
1394, 77, 82, 5
1395, 69, 79, 10
1396, 76, 97, 21
1397, 76, 97, 21
1398, 79, 93, 14
1399, 80, 94, 14
1400, 85, 98, 13
1401, 74, 84, 10
1402, 77, 84, 7
1403, 77, 86, 9
1404, 74, 85, 11
1405, 82, 102, 20
1406, 87, 104, 17
1407, 86, 95, 9
1408, 71, 83, 12
1409, 73, 82, 9
1410, 62, 72, 10
1411, 82, 92, 10
1412, 72, 84, 12
1413, 61, 72, 11
1414, 79, 91, 12
1415, 85, 100, 15
1416, 96, 119, 23
1417, 81, 104, 23
1418, 101, 124, 23
1419, 85, 107, 22
1420, 92, 122, 30
1421, 93, 126, 33
1422, 93, 123, 30
1423, 91, 116, 25
1424, 83, 106, 23
1425, 93, 125, 32
1426, 87, 126, 39
1427, 90, 138, 48
1428, 129, 203, 74
1429, 139, 228, 89
1430, 147, 238, 91
1431, 150, 265, 115
1432, 171, 284, 113
1433, 173, 280, 107
1434, 174, 309, 135
1435, 196, 352, 156
1436, 210, 354, 144
1437, 190, 340, 150
1438, 193, 339, 146
1439, 194, 322, 128
1440, 177, 296, 119
1441, 157, 242, 85
1442, 136, 208, 72
1443, 125, 168, 43
1444, 106, 141, 35
1445, 84, 99, 15
1446, 93, 99, 6
1447, 64, 70, 6
1448, 62, 64, 2
1449, 79, 79, 0
1450, 70, 73, 3
1451, 72, 75, 3
1452, 75, 79, 4
1453, 64, 65, 1
1454, 66, 66, 0
1455, 67, 70, 3
1456, 69, 69, 0
1457, 74, 76, 2
1458, 63, 63, 0
1459, 74, 74, 0
1460, 75, 84, 9
1461, 90, 107, 17
1462, 92, 100, 8
1463, 90, 95, 5
1464, 74, 80, 6
1465, 81, 85, 4
1466, 84, 84, 0
1467, 66, 67, 1
1468, 66, 67, 1
1469, 63, 64, 1
1470, 70, 70, 0
1471, 79, 81, 2
1472, 65, 65, 0
1473, 83, 91, 8
1474, 64, 78, 14
1475, 73, 88, 15
1476, 83, 92, 9
1477, 78, 84, 6
1478, 68, 68, 0
1479, 77, 83, 6
1480, 70, 82, 12
1481, 80, 91, 11
1482, 66, 74, 8
1483, 66, 71, 5
1484, 79, 87, 8
1485, 77, 89, 12
1486, 75, 89, 14
1487, 72, 83, 11
1488, 79, 89, 10
1489, 74, 88, 14
1490, 77, 96, 19
1491, 76, 98, 22
1492, 84, 99, 15
1493, 93, 102, 9
1494, 75, 87, 12
1495, 84, 110, 26
1496, 86, 104, 18
1497, 78, 94, 16
1498, 89, 111, 22
1499, 82, 107, 25
1500, 84, 115, 31
1501, 109, 152, 43
1502, 111, 154, 43
1503, 90, 130, 40
1504, 104, 133, 29
1505, 86, 110, 24
1506, 99, 129, 30
1507, 103, 133, 30
1508, 99, 124, 25
1509, 86, 108, 22
1510, 93, 100, 7
1511, 66, 66, 0
1512, 55, 55, 0
1513, 61, 61, 0
1514, 58, 58, 0
1515, 64, 65, 1
1516, 79, 83, 4
1517, 75, 76, 1
1518, 81, 91, 10
1519, 86, 103, 17
1520, 70, 82, 12
1521, 84, 91, 7
1522, 61, 65, 4
1523, 79, 79, 0
1524, 74, 74, 0
1525, 71, 77, 6
1526, 66, 76, 10
1527, 80, 86, 6
1528, 69, 69, 0
1529, 65, 65, 0
1530, 70, 70, 0
1531, 59, 66, 7
1532, 78, 94, 16
1533, 92, 121, 29
1534, 94, 127, 33
1535, 103, 137, 34
1536, 99, 133, 34
1537, 98, 138, 40
1538, 107, 156, 49
1539, 117, 168, 51
1540, 120, 189, 69
1541, 152, 241, 89
1542, 150, 254, 104
1543, 159, 252, 93
1544, 143, 255, 112
1545, 157, 266, 109
1546, 166, 281, 115
1547, 168, 302, 134
1548, 190, 310, 120
1549, 167, 300, 133
1550, 189, 345, 156
1551, 199, 348, 149
1552, 193, 337, 144
1553, 194, 325, 131
1554, 175, 300, 125
1555, 176, 278, 102
1556, 152, 226, 74
1557, 123, 195, 72
1558, 140, 229, 89
1559, 143, 248, 105
1560, 148, 243, 95
1561, 133, 190, 57
1562, 114, 156, 42
1563, 100, 137, 37
1564, 92, 120, 28
1565, 101, 134, 33
1566, 89, 113, 24
1567, 82, 109, 27
1568, 95, 115, 20
1569, 99, 117, 18
1570, 76, 99, 23
1571, 79, 101, 22
1572, 82, 109, 27
1573, 82, 119, 37
1574, 107, 154, 47
1575, 91, 132, 41
1576, 107, 159, 52
1577, 98, 154, 56
1578, 119, 181, 62
1579, 115, 185, 70
1580, 134, 206, 72
1581, 127, 223, 96
1582, 163, 257, 94
1583, 144, 227, 83
1584, 137, 225, 88
1585, 144, 246, 102
1586, 149, 240, 91
1587, 144, 235, 91
1588, 139, 234, 95
1589, 163, 279, 116
1590, 160, 269, 109
1591, 160, 268, 108
1592, 160, 274, 114
1593, 168, 252, 84
1594, 145, 198, 53
1595, 112, 151, 39
1596, 87, 124, 37
1597, 90, 124, 34
1598, 82, 105, 23
1599, 83, 100, 17
1600, 84, 98, 14
1601, 78, 87, 9
1602, 62, 63, 1
1603, 69, 74, 5
1604, 69, 70, 1
1605, 63, 63, 0
1606, 73, 77, 4
1607, 72, 76, 4
1608, 69, 71, 2
1609, 62, 62, 0
1610, 67, 75, 8
1611, 65, 74, 9
1612, 83, 91, 8
1613, 62, 68, 6
1614, 74, 81, 7
1615, 77, 86, 9
1616, 65, 72, 7
1617, 84, 90, 6
1618, 76, 76, 0
1619, 51, 51, 0
1620, 71, 72, 1
1621, 75, 80, 5
1622, 74, 80, 6
1623, 75, 76, 1
1624, 68, 73, 5
1625, 76, 80, 4
1626, 71, 72, 1
1627, 60, 62, 2
1628, 64, 68, 4
1629, 67, 72, 5
1630, 77, 80, 3
1631, 77, 78, 1
1632, 65, 65, 0
1633, 65, 65, 0
1634, 63, 63, 0
1635, 58, 59, 1
1636, 67, 67, 0
1637, 65, 71, 6
1638, 72, 86, 14
1639, 79, 93, 14
1640, 73, 83, 10
1641, 69, 79, 10
1642, 73, 83, 10
1643, 66, 73, 7
1644, 70, 72, 2
1645, 64, 64, 0
1646, 69, 71, 2
1647, 63, 63, 0
1648, 52, 52, 0
1649, 61, 61, 0
1650, 70, 78, 8
1651, 77, 85, 8
1652, 74, 77, 3
1653, 74, 77, 3
1654, 84, 85, 1
1655, 65, 65, 0
1656, 74, 75, 1
1657, 69, 69, 0
1658, 88, 90, 2
1659, 73, 74, 1
1660, 58, 58, 0
1661, 65, 67, 2
1662, 70, 70, 0
1663, 70, 71, 1
1664, 67, 74, 7
1665, 79, 97, 18
1666, 81, 94, 13
1667, 86, 95, 9
1668, 60, 66, 6
1669, 67, 68, 1
1670, 62, 62, 0
1671, 66, 66, 0
1672, 76, 77, 1
1673, 57, 57, 0
1674, 61, 61, 0
1675, 66, 66, 0
1676, 76, 76, 0
1677, 63, 63, 0
1678, 67, 68, 1
1679, 68, 69, 1
1680, 63, 63, 0
1681, 50, 50, 0
1682, 57, 57, 0
1683, 64, 64, 0
1684, 65, 65, 0
1685, 77, 81, 4
1686, 69, 70, 1
1687, 66, 67, 1
1688, 59, 59, 0
1689, 61, 61, 0
1690, 68, 76, 8
1691, 78, 96, 18
1692, 80, 102, 22
1693, 88, 120, 32
1694, 90, 137, 47
1695, 98, 142, 44
1696, 120, 171, 51
1697, 108, 166, 58
1698, 116, 184, 68
1699, 140, 206, 66
1700, 120, 179, 59
1701, 112, 170, 58
1702, 115, 170, 55
1703, 120, 177, 57
1704, 111, 166, 55
1705, 113, 158, 45
1706, 108, 138, 30
1707, 79, 99, 20
1708, 71, 89, 18
1709, 80, 100, 20
1710, 95, 114, 19
1711, 77, 100, 23
1712, 98, 127, 29
1713, 87, 116, 29
1714, 77, 97, 20
1715, 86, 111, 25
1716, 79, 96, 17
1717, 81, 85, 4
1718, 63, 64, 1
1719, 71, 71, 0
1720, 58, 58, 0
1721, 67, 67, 0
1722, 55, 55, 0
1723, 77, 77, 0
1724, 68, 68, 0
1725, 68, 68, 0
1726, 64, 64, 0
1727, 55, 55, 0
1728, 77, 80, 3
1729, 73, 74, 1
1730, 78, 78, 0
1731, 70, 77, 7
1732, 71, 81, 10
1733, 80, 86, 6
1734, 77, 84, 7
1735, 64, 65, 1
1736, 65, 65, 0
1737, 67, 67, 0
1738, 72, 85, 13
1739, 79, 94, 15
1740, 80, 89, 9
1741, 66, 74, 8
1742, 63, 76, 13
1743, 80, 92, 12
1744, 87, 96, 9
1745, 73, 92, 19
1746, 80, 107, 27
1747, 105, 131, 26
1748, 94, 113, 19
1749, 87, 107, 20
1750, 77, 90, 13
1751, 85, 104, 19
1752, 84, 99, 15
1753, 87, 102, 15
1754, 75, 94, 19
1755, 85, 108, 23
1756, 90, 115, 25
1757, 93, 112, 19
1758, 89, 94, 5
1759, 63, 65, 2
1760, 65, 65, 0
1761, 67, 69, 2
1762, 67, 67, 0
1763, 72, 72, 0
1764, 65, 67, 2
1765, 72, 74, 2
1766, 68, 72, 4
1767, 52, 55, 3
1768, 58, 58, 0
1769, 65, 65, 0
1770, 67, 67, 0
1771, 75, 83, 8
1772, 79, 89, 10
1773, 73, 86, 13
1774, 89, 103, 14
1775, 84, 102, 18
1776, 89, 115, 26
1777, 85, 104, 19
1778, 81, 93, 12
1779, 73, 89, 16
1780, 85, 107, 22
1781, 85, 99, 14
1782, 77, 96, 19
1783, 94, 126, 32
1784, 91, 124, 33
1785, 81, 125, 44
1786, 104, 157, 53
1787, 117, 189, 72
1788, 143, 240, 97
1789, 162, 274, 112
1790, 164, 292, 128
1791, 187, 341, 154
1792, 204, 371, 167
1793, 225, 396, 171
1794, 219, 377, 158
1795, 199, 357, 158
1796, 199, 347, 148
1797, 190, 340, 150
1798, 199, 348, 149
1799, 190, 324, 134
1800, 184, 326, 142
1801, 185, 314, 129
1802, 168, 282, 114
1803, 163, 271, 108
1804, 154, 232, 78
1805, 131, 201, 70
1806, 119, 176, 57
1807, 116, 159, 43
1808, 94, 127, 33
1809, 87, 117, 30
1810, 96, 126, 30
1811, 100, 140, 40
1812, 95, 143, 48
1813, 116, 172, 56
1814, 123, 171, 48
1815, 106, 156, 50
1816, 103, 153, 50
1817, 116, 182, 66
1818, 119, 180, 61
1819, 111, 167, 56
1820, 108, 161, 53
1821, 106, 158, 52
1822, 113, 170, 57
1823, 126, 197, 71
1824, 131, 216, 85
1825, 148, 240, 92
1826, 153, 245, 92
1827, 141, 244, 103
1828, 161, 276, 115
1829, 179, 289, 110
1830, 156, 271, 115
1831, 160, 256, 96
1832, 149, 257, 108
1833, 163, 300, 137
1834, 197, 343, 146
1835, 211, 365, 154
1836, 206, 359, 153
1837, 192, 311, 119
1838, 155, 266, 111
1839, 155, 259, 104
1840, 163, 278, 115
1841, 154, 254, 100
1842, 142, 220, 78
1843, 140, 229, 89
1844, 145, 231, 86
1845, 138, 214, 76
1846, 143, 208, 65
1847, 126, 161, 35
1848, 96, 117, 21
1849, 83, 96, 13
1850, 72, 74, 2
1851, 50, 50, 0
1852, 68, 68, 0
1853, 58, 61, 3
1854, 71, 71, 0
1855, 68, 68, 0
1856, 70, 70, 0
1857, 71, 71, 0
1858, 57, 57, 0
1859, 73, 96, 23
1860, 82, 121, 39
1861, 107, 146, 39
1862, 103, 129, 26
1863, 84, 108, 24
1864, 90, 118, 28
1865, 92, 124, 32
1866, 82, 114, 32
1867, 81, 110, 29
1868, 95, 123, 28
1869, 85, 116, 31
1870, 97, 130, 33
1871, 98, 154, 56
1872, 115, 169, 54
1873, 122, 164, 42
1874, 107, 140, 33
1875, 98, 122, 24
1876, 93, 116, 23
1877, 83, 100, 17
1878, 75, 86, 11
1879, 76, 90, 14
1880, 94, 106, 12
1881, 68, 78, 10
1882, 74, 93, 19
1883, 89, 106, 17
1884, 80, 97, 17
1885, 84, 100, 16
1886, 80, 97, 17
1887, 70, 87, 17
1888, 89, 107, 18
1889, 73, 91, 18
1890, 85, 116, 31
1891, 98, 143, 45
1892, 98, 148, 50
1893, 113, 152, 39
1894, 92, 123, 31
1895, 97, 139, 42
1896, 103, 154, 51
1897, 108, 155, 47
1898, 112, 155, 43
1899, 98, 145, 47
1900, 120, 173, 53
1901, 113, 170, 57
1902, 115, 186, 71
1903, 133, 205, 72
1904, 129, 207, 78
1905, 137, 212, 75
1906, 134, 212, 78
1907, 148, 224, 76
1908, 126, 201, 75
1909, 140, 209, 69
1910, 139, 196, 57
1911, 110, 167, 57
1912, 107, 170, 63
1913, 119, 181, 62
1914, 131, 191, 60
1915, 120, 167, 47
1916, 119, 155, 36
1917, 88, 119, 31
1918, 101, 119, 18
1919, 81, 96, 15
1920, 80, 102, 22
1921, 102, 117, 15
1922, 72, 85, 13
1923, 81, 93, 12
1924, 71, 78, 7
1925, 64, 64, 0
1926, 72, 72, 0
1927, 64, 64, 0
1928, 79, 84, 5
1929, 64, 71, 7
1930, 54, 56, 2
1931, 70, 72, 2
1932, 66, 70, 4
1933, 63, 66, 3
1934, 79, 80, 1
1935, 67, 67, 0
1936, 69, 69, 0
1937, 59, 66, 7
1938, 91, 107, 16
1939, 86, 105, 19
1940, 80, 99, 19
1941, 86, 103, 17
1942, 74, 94, 20
1943, 84, 111, 27
1944, 85, 122, 37
1945, 102, 150, 48
1946, 102, 151, 49
1947, 124, 182, 58
1948, 116, 171, 55
1949, 111, 170, 59
1950, 113, 175, 62
1951, 125, 196, 71
1952, 135, 211, 76
1953, 119, 199, 80
1954, 125, 211, 86
1955, 144, 221, 77
1956, 120, 187, 67
1957, 129, 205, 76
1958, 136, 242, 106
1959, 177, 300, 123
1960, 171, 295, 124
1961, 177, 293, 116
1962, 162, 278, 116
1963, 149, 269, 120
1964, 161, 289, 128
1965, 175, 308, 133
1966, 172, 281, 109
1967, 173, 273, 100
1968, 146, 250, 104
1969, 149, 251, 102
1970, 155, 249, 94
1971, 148, 222, 74
1972, 124, 198, 74
1973, 128, 182, 54
1974, 110, 146, 36
1975, 89, 120, 31
1976, 93, 119, 26
1977, 85, 112, 27
1978, 86, 111, 25
1979, 66, 91, 25
1980, 84, 116, 32
1981, 90, 138, 48
1982, 113, 158, 45
1983, 114, 161, 47
1984, 112, 165, 53
1985, 114, 174, 60
1986, 116, 177, 61
1987, 126, 190, 64
1988, 124, 169, 45
1989, 104, 148, 44
1990, 95, 137, 42
1991, 98, 146, 48
1992, 111, 157, 46
1993, 107, 146, 39
1994, 100, 144, 44
1995, 124, 178, 54
1996, 116, 179, 63
1997, 120, 181, 61
1998, 115, 186, 71
1999, 129, 196, 67
2000, 119, 186, 67
2001, 130, 199, 69
2002, 128, 201, 73
2003, 140, 201, 61
2004, 121, 177, 56
2005, 126, 168, 42
2006, 92, 122, 30
2007, 102, 128, 26
2008, 84, 106, 22
2009, 86, 107, 21
2010, 82, 98, 16
2011, 78, 95, 17
2012, 66, 81, 15
2013, 89, 108, 19
2014, 92, 112, 20
2015, 96, 115, 19
2016, 83, 103, 20
2017, 87, 105, 18
2018, 78, 95, 17
2019, 77, 88, 11
2020, 74, 84, 10
2021, 70, 85, 15
2022, 88, 104, 16
2023, 85, 101, 16
2024, 75, 92, 17
2025, 85, 98, 13
2026, 77, 87, 10
2027, 65, 74, 9
2028, 60, 69, 9
2029, 77, 86, 9
2030, 66, 76, 10
2031, 71, 89, 18
2032, 87, 101, 14
2033, 87, 111, 24
2034, 89, 120, 31
2035, 94, 122, 28
2036, 84, 108, 24
2037, 97, 133, 36
2038, 95, 128, 33
2039, 95, 139, 44
2040, 107, 149, 42
2041, 98, 141, 43
2042, 98, 147, 49
2043, 114, 166, 52
2044, 117, 175, 58
2045, 117, 189, 72
2046, 141, 229, 88
2047, 141, 255, 114
2048, 169, 300, 131
2049, 188, 328, 140
2050, 201, 342, 141
2051, 195, 358, 163
2052, 202, 332, 130
2053, 178, 277, 99
2054, 141, 220, 79
2055, 119, 196, 77
2056, 133, 194, 61
2057, 126, 137, 11
2058, 67, 67, 0
2059, 61, 61, 0
2060, 65, 65, 0
2061, 64, 68, 4
2062, 70, 73, 3
2063, 80, 80, 0
2064, 65, 65, 0
2065, 70, 71, 1
2066, 59, 59, 0
2067, 71, 71, 0
2068, 59, 61, 2
2069, 62, 62, 0
2070, 86, 90, 4
2071, 60, 67, 7
2072, 77, 84, 7
2073, 60, 63, 3
2074, 78, 80, 2
2075, 74, 75, 1
2076, 71, 75, 4
2077, 57, 57, 0
2078, 73, 73, 0
2079, 66, 74, 8
2080, 63, 75, 12
2081, 72, 82, 10
2082, 81, 91, 10
2083, 61, 66, 5
2084, 74, 86, 12
2085, 86, 99, 13
2086, 74, 85, 11
2087, 74, 90, 16
2088, 82, 102, 20
2089, 91, 114, 23
2090, 107, 137, 30
2091, 95, 136, 41
2092, 96, 135, 39
2093, 99, 143, 44
2094, 101, 139, 38
2095, 93, 135, 42
2096, 105, 145, 40
2097, 112, 166, 54
2098, 110, 160, 50
2099, 121, 183, 62
2100, 130, 195, 65
2101, 114, 177, 63
2102, 122, 189, 67
2103, 116, 186, 70
2104, 131, 183, 52
2105, 125, 172, 47
2106, 103, 145, 42
2107, 89, 127, 38
2108, 90, 125, 35
2109, 96, 136, 40
2110, 108, 146, 38
2111, 92, 132, 40
2112, 106, 147, 41
2113, 113, 166, 53
2114, 115, 161, 46
2115, 107, 137, 30
2116, 82, 120, 38
2117, 91, 130, 39
2118, 99, 130, 31
2119, 94, 123, 29
2120, 98, 127, 29
2121, 98, 130, 32
2122, 89, 124, 35
2123, 109, 137, 28
2124, 84, 116, 32
2125, 94, 128, 34
2126, 102, 145, 43
2127, 98, 138, 40
2128, 97, 143, 46
2129, 118, 162, 44
2130, 88, 125, 37
2131, 102, 149, 47
2132, 117, 185, 68
2133, 116, 186, 70
2134, 127, 193, 66
2135, 128, 201, 73
2136, 131, 216, 85
2137, 136, 239, 103
2138, 169, 287, 118
2139, 178, 291, 113
2140, 174, 270, 96
2141, 155, 233, 78
2142, 123, 169, 46
2143, 86, 116, 30
2144, 82, 96, 14
2145, 77, 82, 5
2146, 74, 81, 7
2147, 66, 67, 1
2148, 56, 57, 1
2149, 67, 67, 0
2150, 80, 85, 5
2151, 82, 83, 1
2152, 70, 71, 1
2153, 62, 62, 0
2154, 68, 68, 0
2155, 69, 69, 0
2156, 73, 73, 0
2157, 75, 77, 2
2158, 79, 83, 4
2159, 64, 66, 2
2160, 75, 75, 0
2161, 65, 65, 0
2162, 55, 55, 0
2163, 75, 88, 13
2164, 76, 85, 9
2165, 75, 80, 5
2166, 73, 78, 5
2167, 77, 83, 6
2168, 72, 72, 0
2169, 69, 70, 1
2170, 69, 69, 0
2171, 67, 67, 0
2172, 80, 83, 3
2173, 75, 84, 9
2174, 82, 88, 6
2175, 68, 68, 0
2176, 78, 78, 0
2177, 62, 62, 0
2178, 69, 69, 0
2179, 56, 56, 0
2180, 66, 75, 9
2181, 71, 86, 15
2182, 73, 83, 10
2183, 98, 102, 4
2184, 78, 80, 2
2185, 65, 65, 0
2186, 61, 61, 0
2187, 59, 59, 0
2188, 61, 61, 0
2189, 66, 66, 0
2190, 65, 67, 2
2191, 59, 60, 1
2192, 55, 55, 0
2193, 58, 58, 0
2194, 62, 66, 4
2195, 64, 65, 1
2196, 71, 71, 0
2197, 63, 63, 0
2198, 67, 67, 0
2199, 68, 68, 0
2200, 69, 69, 0
2201, 76, 76, 0
2202, 57, 57, 0
2203, 60, 60, 0
2204, 80, 80, 0
2205, 69, 69, 0
2206, 65, 65, 0
2207, 57, 58, 1
2208, 60, 60, 0
2209, 73, 76, 3
2210, 82, 86, 4
2211, 65, 66, 1
2212, 56, 56, 0
2213, 81, 81, 0
2214, 60, 60, 0
2215, 69, 74, 5
2216, 82, 90, 8
2217, 60, 65, 5
2218, 80, 81, 1
2219, 61, 61, 0
2220, 60, 60, 0
2221, 69, 69, 0
2222, 62, 62, 0
2223, 69, 72, 3
2224, 65, 69, 4
2225, 74, 76, 2
2226, 77, 79, 2
2227, 59, 59, 0
2228, 74, 74, 0
2229, 72, 76, 4
2230, 64, 66, 2
2231, 82, 84, 2
2232, 65, 67, 2
2233, 76, 78, 2
2234, 79, 82, 3
2235, 77, 77, 0
2236, 83, 85, 2
2237, 70, 70, 0
2238, 54, 54, 0
2239, 57, 57, 0
2240, 64, 64, 0
2241, 63, 65, 2
2242, 62, 68, 6
2243, 76, 83, 7
2244, 75, 82, 7
2245, 68, 69, 1
2246, 56, 56, 0
2247, 80, 80, 0
2248, 79, 80, 1
2249, 65, 65, 0
2250, 68, 68, 0
2251, 65, 65, 0
2252, 58, 58, 0
2253, 83, 83, 0
2254, 81, 86, 5
2255, 74, 74, 0
2256, 73, 76, 3
2257, 67, 67, 0
2258, 76, 76, 0
2259, 71, 72, 1
2260, 70, 75, 5
2261, 73, 73, 0
2262, 56, 56, 0
2263, 66, 67, 1
2264, 64, 65, 1
2265, 67, 67, 0
2266, 68, 68, 0
2267, 65, 65, 0
2268, 69, 75, 6
2269, 66, 75, 9
2270, 77, 77, 0
2271, 67, 67, 0
2272, 75, 75, 0
2273, 69, 69, 0
2274, 56, 56, 0
2275, 76, 78, 2
2276, 78, 78, 0
2277, 65, 65, 0
2278, 77, 82, 5
2279, 75, 79, 4
2280, 78, 78, 0
2281, 51, 51, 0
2282, 69, 69, 0
2283, 71, 72, 1
2284, 67, 67, 0
2285, 67, 73, 6
2286, 61, 63, 2
2287, 74, 78, 4
2288, 63, 64, 1
2289, 51, 51, 0
2290, 72, 72, 0
2291, 74, 74, 0
2292, 81, 89, 8
2293, 77, 87, 10
2294, 88, 94, 6
2295, 83, 96, 13
2296, 69, 74, 5
2297, 71, 71, 0
2298, 72, 73, 1
2299, 79, 79, 0
2300, 74, 77, 3
2301, 63, 63, 0
2302, 71, 75, 4
2303, 80, 80, 0
2304, 71, 73, 2
2305, 74, 76, 2
2306, 69, 69, 0
2307, 61, 61, 0
2308, 67, 74, 7
2309, 87, 98, 11
2310, 90, 100, 10
2311, 73, 79, 6
2312, 84, 91, 7
2313, 69, 76, 7
2314, 73, 73, 0
2315, 73, 75, 2
2316, 67, 67, 0
2317, 72, 73, 1
2318, 60, 63, 3
2319, 87, 89, 2
2320, 77, 77, 0
2321, 44, 44, 0
2322, 68, 73, 5
2323, 83, 88, 5
2324, 68, 72, 4
2325, 76, 84, 8
2326, 77, 82, 5
2327, 69, 73, 4
2328, 65, 71, 6
2329, 85, 93, 8
2330, 84, 98, 14
2331, 100, 125, 25
2332, 84, 113, 29
2333, 95, 137, 42
2334, 102, 149, 47
2335, 114, 169, 55
2336, 120, 188, 68
2337, 126, 192, 66
2338, 130, 200, 70
2339, 135, 201, 66
2340, 132, 200, 68
2341, 120, 178, 58
2342, 113, 182, 69
2343, 130, 209, 79
2344, 141, 224, 83
2345, 149, 241, 92
2346, 166, 271, 105
2347, 165, 268, 103
2348, 170, 279, 109
2349, 172, 282, 110
2350, 163, 283, 120
2351, 174, 312, 138
2352, 184, 309, 125
2353, 168, 275, 107
2354, 153, 251, 98
2355, 142, 202, 60
2356, 120, 171, 51
2357, 103, 140, 37
2358, 102, 132, 30
2359, 86, 108, 22
2360, 85, 105, 20
2361, 87, 96, 9
2362, 75, 78, 3
2363, 82, 91, 9
2364, 69, 81, 12
2365, 76, 90, 14
2366, 75, 88, 13
2367, 77, 100, 23
2368, 94, 121, 27
2369, 93, 123, 30
2370, 103, 135, 32
2371, 104, 135, 31
2372, 91, 123, 32
2373, 98, 131, 33
2374, 93, 118, 25
2375, 102, 135, 33
2376, 96, 131, 35
2377, 107, 138, 31
2378, 97, 137, 40
2379, 103, 148, 45
2380, 110, 150, 40
2381, 112, 143, 31
2382, 91, 110, 19
2383, 88, 114, 26
2384, 107, 136, 29
2385, 73, 98, 25
2386, 86, 101, 15
2387, 90, 101, 11
2388, 69, 80, 11
2389, 91, 101, 10
2390, 73, 79, 6
2391, 87, 93, 6
2392, 74, 76, 2
2393, 64, 64, 0
2394, 69, 71, 2
2395, 61, 61, 0
2396, 43, 43, 0
2397, 57, 57, 0
2398, 73, 73, 0
2399, 62, 64, 2
2400, 66, 66, 0
2401, 70, 70, 0
2402, 71, 71, 0
2403, 60, 60, 0
2404, 60, 60, 0
2405, 60, 60, 0
2406, 63, 64, 1
2407, 77, 78, 1
2408, 58, 59, 1
2409, 74, 74, 0
2410, 48, 48, 0
2411, 64, 65, 1
2412, 80, 85, 5
2413, 55, 56, 1
2414, 63, 63, 0
2415, 69, 69, 0
2416, 75, 75, 0
2417, 55, 55, 0
2418, 54, 54, 0
2419, 83, 90, 7
2420, 60, 60, 0
2421, 67, 67, 0
2422, 67, 67, 0
2423, 58, 58, 0
2424, 62, 62, 0
2425, 70, 70, 0
2426, 68, 68, 0
2427, 77, 81, 4
2428, 68, 70, 2
2429, 66, 69, 3
2430, 83, 87, 4
2431, 74, 84, 10
2432, 73, 78, 5
2433, 58, 61, 3
2434, 60, 60, 0
2435, 85, 90, 5
2436, 76, 79, 3
2437, 66, 66, 0
2438, 72, 72, 0
2439, 63, 63, 0
2440, 73, 73, 0
2441, 58, 64, 6
2442, 94, 113, 19
2443, 94, 116, 22
2444, 81, 98, 17
2445, 85, 97, 12
2446, 88, 94, 6
2447, 73, 77, 4
2448, 53, 58, 5
2449, 72, 83, 11
2450, 63, 72, 9
2451, 54, 58, 4
2452, 75, 76, 1
2453, 70, 70, 0
2454, 65, 65, 0
2455, 48, 48, 0
2456, 71, 71, 0
2457, 70, 70, 0
2458, 61, 62, 1
2459, 44, 44, 0
2460, 60, 60, 0
2461, 68, 69, 1
2462, 60, 60, 0
2463, 76, 76, 0
2464, 66, 66, 0
2465, 65, 75, 10
2466, 83, 95, 12
2467, 84, 95, 11
2468, 75, 84, 9
2469, 68, 78, 10
2470, 66, 79, 13
2471, 95, 127, 32
2472, 91, 116, 25
2473, 89, 114, 25
2474, 109, 143, 34
2475, 88, 117, 29
2476, 95, 110, 15
2477, 76, 95, 19
2478, 69, 89, 20
2479, 81, 102, 21
2480, 86, 111, 25
2481, 94, 119, 25
2482, 97, 127, 30
2483, 93, 117, 24
2484, 81, 109, 28
2485, 99, 137, 38
2486, 101, 140, 39
2487, 101, 150, 49
2488, 108, 165, 57
2489, 108, 160, 52
2490, 116, 181, 65
2491, 138, 211, 73
2492, 139, 219, 80
2493, 153, 234, 81
2494, 134, 220, 86
2495, 138, 232, 94
2496, 149, 223, 74
2497, 141, 227, 86
2498, 152, 253, 101
2499, 150, 248, 98
2500, 144, 233, 89
2501, 145, 249, 104
2502, 155, 275, 120
2503, 175, 295, 120
2504, 172, 285, 113
2505, 168, 257, 89
2506, 131, 183, 52
2507, 106, 134, 28
2508, 79, 93, 14
2509, 66, 70, 4
2510, 62, 62, 0
2511, 66, 68, 2
2512, 55, 55, 0
2513, 74, 82, 8
2514, 67, 71, 4
2515, 73, 73, 0
2516, 70, 71, 1
2517, 64, 70, 6
2518, 82, 89, 7
2519, 80, 90, 10
2520, 86, 93, 7
2521, 68, 78, 10
2522, 76, 87, 11
2523, 80, 86, 6
2524, 63, 66, 3
2525, 77, 87, 10
2526, 62, 69, 7
2527, 78, 82, 4
2528, 69, 71, 2
2529, 83, 83, 0
2530, 69, 69, 0
2531, 55, 61, 6
2532, 74, 81, 7
2533, 68, 71, 3
2534, 75, 78, 3
2535, 75, 75, 0
2536, 74, 77, 3
2537, 79, 97, 18
2538, 93, 110, 17
2539, 75, 96, 21
2540, 89, 110, 21
2541, 93, 126, 33
2542, 99, 128, 29
2543, 90, 125, 35
2544, 100, 133, 33
2545, 87, 118, 31
2546, 88, 126, 38
2547, 105, 153, 48
2548, 110, 157, 47
2549, 101, 139, 38
2550, 108, 147, 39
2551, 104, 138, 34
2552, 95, 117, 22
2553, 82, 105, 23
2554, 85, 114, 29
2555, 79, 107, 28
2556, 95, 120, 25
2557, 87, 112, 25
2558, 85, 112, 27
2559, 91, 124, 33
2560, 107, 135, 28
2561, 76, 88, 12
2562, 81, 87, 6
2563, 67, 71, 4
2564, 73, 75, 2
2565, 50, 50, 0
2566, 69, 75, 6
2567, 62, 69, 7
2568, 70, 74, 4
2569, 69, 74, 5
2570, 75, 81, 6
2571, 63, 71, 8
2572, 83, 89, 6
2573, 66, 70, 4
2574, 77, 77, 0
2575, 59, 59, 0
2576, 69, 69, 0
2577, 65, 65, 0
2578, 63, 63, 0
2579, 62, 62, 0
2580, 68, 68, 0
2581, 68, 69, 1
2582, 68, 68, 0
2583, 82, 87, 5
2584, 79, 81, 2
2585, 59, 59, 0
2586, 62, 63, 1
2587, 62, 69, 7
2588, 82, 99, 17
2589, 84, 100, 16
2590, 73, 92, 19
2591, 74, 80, 6
2592, 77, 83, 6
2593, 63, 67, 4
2594, 62, 62, 0
2595, 75, 76, 1
2596, 62, 65, 3
2597, 63, 66, 3
2598, 73, 86, 13
2599, 83, 101, 18
2600, 78, 98, 20
2601, 85, 101, 16
2602, 81, 92, 11
2603, 76, 96, 20
2604, 89, 108, 19
2605, 73, 94, 21
2606, 90, 119, 29
2607, 89, 132, 43
2608, 116, 166, 50
2609, 113, 168, 55
2610, 111, 161, 50
2611, 99, 161, 62
2612, 122, 181, 59
2613, 113, 169, 56
2614, 113, 165, 52
2615, 102, 154, 52
2616, 108, 159, 51
2617, 119, 173, 54
2618, 118, 185, 67
2619, 124, 197, 73
2620, 126, 193, 67
2621, 128, 212, 84
2622, 133, 215, 82
2623, 145, 221, 76
2624, 132, 201, 69
2625, 131, 202, 71
2626, 121, 200, 79
2627, 130, 221, 91
2628, 155, 262, 107
2629, 164, 274, 110
2630, 171, 269, 98
2631, 143, 235, 92
2632, 141, 228, 87
2633, 126, 209, 83
2634, 147, 235, 88
2635, 144, 235, 91
2636, 146, 228, 82
2637, 142, 228, 86
2638, 133, 192, 59
2639, 122, 170, 48
2640, 97, 141, 44
2641, 98, 129, 31
2642, 100, 111, 11
2643, 55, 55, 0
2644, 71, 76, 5
2645, 65, 68, 3
2646, 64, 64, 0
2647, 63, 64, 1
2648, 73, 73, 0
2649, 64, 64, 0
2650, 61, 61, 0
2651, 70, 71, 1
2652, 60, 65, 5
2653, 67, 70, 3
2654, 68, 69, 1
2655, 68, 70, 2
2656, 79, 80, 1
2657, 63, 63, 0
2658, 52, 53, 1
2659, 78, 78, 0
2660, 76, 76, 0
2661, 77, 81, 4
2662, 79, 91, 12
2663, 75, 90, 15
2664, 78, 87, 9
2665, 93, 104, 11
2666, 87, 104, 17
2667, 93, 111, 18
2668, 97, 125, 28
2669, 86, 119, 33
2670, 86, 115, 29
2671, 98, 125, 27
2672, 78, 98, 20
2673, 92, 119, 27
2674, 84, 114, 30
2675, 91, 128, 37
2676, 111, 147, 36
2677, 96, 126, 30
2678, 87, 116, 29
2679, 93, 119, 26
2680, 87, 118, 31
2681, 91, 119, 28
2682, 102, 139, 37
2683, 103, 148, 45
2684, 120, 180, 60
2685, 123, 189, 66
2686, 135, 211, 76
2687, 134, 200, 66
2688, 128, 187, 59
2689, 109, 172, 63
2690, 111, 167, 56
2691, 116, 168, 52
2692, 121, 164, 43
2693, 103, 147, 44
2694, 123, 190, 67
2695, 127, 193, 66
2696, 133, 193, 60
2697, 125, 187, 62
2698, 119, 194, 75
2699, 133, 208, 75
2700, 139, 214, 75
2701, 139, 228, 89
2702, 147, 255, 108
2703, 158, 263, 105
2704, 162, 255, 93
2705, 148, 244, 96
2706, 150, 258, 108
2707, 160, 283, 123
2708, 178, 308, 130
2709, 172, 318, 146
2710, 188, 330, 142
2711, 205, 336, 131
2712, 169, 275, 106
2713, 163, 263, 100
2714, 144, 212, 68
2715, 122, 156, 34
2716, 96, 110, 14
2717, 72, 74, 2
2718, 54, 55, 1
2719, 46, 46, 0
2720, 60, 64, 4
2721, 71, 73, 2
2722, 78, 88, 10
2723, 70, 87, 17
2724, 92, 112, 20
2725, 90, 114, 24
2726, 84, 109, 25
2727, 96, 125, 29
2728, 96, 135, 39
2729, 98, 147, 49
2730, 112, 172, 60
2731, 118, 186, 68
2732, 119, 200, 81
2733, 143, 230, 87
2734, 140, 227, 87
2735, 139, 236, 97
2736, 154, 261, 107
2737, 161, 285, 124
2738, 184, 330, 146
2739, 196, 339, 143
2740, 185, 315, 130
2741, 189, 337, 148
2742, 191, 345, 154
2743, 210, 348, 138
2744, 195, 340, 145
2745, 186, 304, 118
2746, 177, 297, 120
2747, 163, 267, 104
2748, 150, 254, 104
2749, 148, 268, 120
2750, 165, 282, 117
2751, 169, 286, 117
2752, 172, 281, 109
2753, 149, 247, 98
2754, 155, 246, 91
2755, 156, 224, 68
2756, 120, 171, 51
2757, 109, 148, 39
2758, 105, 129, 24
2759, 83, 100, 17
2760, 73, 82, 9
2761, 67, 75, 8
2762, 80, 85, 5
2763, 76, 77, 1
2764, 52, 52, 0
2765, 72, 76, 4
2766, 75, 79, 4
2767, 81, 88, 7
2768, 71, 79, 8
2769, 67, 70, 3
2770, 83, 83, 0
2771, 63, 63, 0
2772, 81, 83, 2
2773, 67, 67, 0
2774, 70, 70, 0
2775, 72, 72, 0
2776, 74, 75, 1
2777, 66, 69, 3
2778, 80, 83, 3
2779, 73, 84, 11
2780, 87, 98, 11
2781, 80, 87, 7
2782, 62, 64, 2
2783, 63, 63, 0
2784, 77, 80, 3
2785, 65, 65, 0
2786, 72, 72, 0
2787, 62, 62, 0
2788, 88, 88, 0
2789, 67, 73, 6
2790, 65, 79, 14
2791, 80, 100, 20
2792, 87, 109, 22
2793, 83, 108, 25
2794, 103, 137, 34
2795, 97, 130, 33
2796, 103, 131, 28
2797, 89, 122, 33
2798, 99, 131, 32
2799, 105, 156, 51
2800, 113, 176, 63
2801, 134, 187, 53
2802, 108, 147, 39
2803, 99, 143, 44
2804, 85, 131, 46
2805, 104, 144, 40
2806, 99, 149, 50
2807, 122, 180, 58
2808, 116, 169, 53
2809, 102, 170, 68
2810, 141, 216, 75
2811, 127, 189, 62
2812, 116, 175, 59
2813, 114, 164, 50
2814, 110, 159, 49
2815, 107, 158, 51
2816, 112, 163, 51
2817, 108, 167, 59
2818, 118, 193, 75
2819, 139, 236, 97
2820, 160, 271, 111
2821, 157, 249, 92
2822, 147, 240, 93
2823, 141, 233, 92
2824, 154, 255, 101
2825, 147, 249, 102
2826, 165, 269, 104
2827, 155, 253, 98
2828, 146, 244, 98
2829, 151, 245, 94
2830, 152, 246, 94
2831, 141, 211, 70
2832, 124, 168, 44
2833, 107, 146, 39
2834, 99, 139, 40
2835, 95, 143, 48
2836, 113, 154, 41
2837, 102, 122, 20
2838, 79, 97, 18
2839, 99, 119, 20
2840, 76, 88, 12
2841, 72, 75, 3
2842, 60, 60, 0
2843, 70, 72, 2
2844, 70, 79, 9
2845, 77, 84, 7
2846, 65, 71, 6
2847, 71, 78, 7
2848, 70, 71, 1
2849, 62, 70, 8
2850, 74, 86, 12
2851, 79, 87, 8
2852, 77, 82, 5
2853, 60, 63, 3
2854, 67, 72, 5
2855, 64, 65, 1
2856, 68, 69, 1
2857, 58, 58, 0
2858, 63, 63, 0
2859, 52, 53, 1
2860, 71, 71, 0
2861, 63, 66, 3
2862, 69, 69, 0
2863, 72, 73, 1
2864, 63, 63, 0
2865, 82, 84, 2
2866, 75, 75, 0
2867, 70, 73, 3
2868, 72, 72, 0
2869, 68, 71, 3
2870, 70, 71, 1
2871, 67, 68, 1
2872, 67, 67, 0
2873, 72, 72, 0
2874, 65, 65, 0
2875, 49, 49, 0
2876, 62, 62, 0
2877, 70, 71, 1
2878, 62, 62, 0
2879, 68, 68, 0
2880, 50, 50, 0
2881, 77, 79, 2
2882, 76, 76, 0
2883, 70, 71, 1
2884, 66, 72, 6
2885, 71, 71, 0
2886, 66, 67, 1
2887, 79, 83, 4
2888, 77, 81, 4
2889, 63, 63, 0
2890, 72, 77, 5
2891, 87, 88, 1
2892, 65, 65, 0
2893, 56, 56, 0
2894, 57, 57, 0
2895, 75, 75, 0
2896, 64, 72, 8
2897, 99, 129, 30
2898, 103, 148, 45
2899, 99, 139, 40
2900, 102, 131, 29
2901, 94, 121, 27
2902, 93, 128, 35
2903, 100, 133, 33
2904, 80, 110, 30
2905, 101, 136, 35
2906, 92, 130, 38
2907, 104, 141, 37
2908, 98, 131, 33
2909, 90, 133, 43
2910, 87, 131, 44
2911, 115, 177, 62
2912, 127, 194, 67
2913, 125, 189, 64
2914, 130, 202, 72
2915, 116, 189, 73
2916, 128, 213, 85
2917, 135, 224, 89
2918, 151, 253, 102
2919, 141, 242, 101
2920, 162, 276, 114
2921, 162, 247, 85
2922, 144, 206, 62
2923, 119, 162, 43
2924, 86, 111, 25
2925, 92, 110, 18
2926, 82, 92, 10
2927, 58, 62, 4
2928, 79, 90, 11
2929, 66, 75, 9
2930, 59, 61, 2
2931, 70, 70, 0
2932, 64, 64, 0
2933, 71, 75, 4
2934, 73, 84, 11
2935, 81, 96, 15
2936, 78, 99, 21
2937, 98, 125, 27
2938, 81, 112, 31
2939, 97, 125, 28
2940, 89, 114, 25
2941, 95, 117, 22
2942, 91, 112, 21
2943, 76, 92, 16
2944, 84, 100, 16
2945, 76, 91, 15
2946, 90, 109, 19
2947, 104, 117, 13
2948, 93, 113, 20
2949, 91, 110, 19
2950, 85, 101, 16
2951, 81, 93, 12
2952, 84, 102, 18
2953, 77, 98, 21
2954, 86, 109, 23
2955, 77, 97, 20
2956, 93, 112, 19
2957, 84, 105, 21
2958, 86, 99, 13
2959, 77, 87, 10
2960, 63, 77, 14
2961, 76, 92, 16
2962, 91, 104, 13
2963, 89, 96, 7
2964, 75, 77, 2
2965, 76, 77, 1
2966, 64, 64, 0
2967, 66, 67, 1
2968, 82, 89, 7
2969, 83, 92, 9
2970, 74, 75, 1
2971, 66, 72, 6
2972, 78, 81, 3
2973, 52, 54, 2
2974, 65, 66, 1
2975, 82, 83, 1
2976, 80, 83, 3
2977, 68, 69, 1
2978, 53, 53, 0
2979, 64, 68, 4
2980, 54, 55, 1
2981, 71, 71, 0
2982, 54, 54, 0
2983, 72, 74, 2
2984, 70, 72, 2
2985, 72, 72, 0
2986, 56, 56, 0
2987, 61, 61, 0
2988, 54, 54, 0
2989, 77, 80, 3
2990, 69, 73, 4
2991, 68, 68, 0
2992, 65, 65, 0
2993, 57, 57, 0
2994, 69, 69, 0
2995, 68, 68, 0
2996, 71, 71, 0
2997, 67, 67, 0
2998, 78, 78, 0
2999, 75, 84, 9
3000, 67, 76, 9
3001, 79, 90, 11
3002, 81, 95, 14
3003, 66, 78, 12
3004, 58, 67, 9
3005, 79, 89, 10
3006, 86, 100, 14
3007, 79, 93, 14
3008, 87, 107, 20
3009, 95, 124, 29
3010, 92, 115, 23
3011, 89, 108, 19
3012, 81, 95, 14
3013, 64, 72, 8
3014, 88, 94, 6
3015, 73, 83, 10
3016, 80, 94, 14
3017, 79, 92, 13
3018, 87, 102, 15
3019, 79, 97, 18
3020, 72, 85, 13
3021, 74, 99, 25
3022, 84, 121, 37
3023, 94, 133, 39
3024, 106, 139, 33
3025, 97, 114, 17
3026, 78, 81, 3
3027, 62, 62, 0
3028, 72, 72, 0
3029, 77, 77, 0
3030, 63, 64, 1
3031, 69, 69, 0
3032, 79, 84, 5
3033, 84, 87, 3
3034, 71, 72, 1
3035, 83, 83, 0
3036, 65, 65, 0
3037, 66, 73, 7
3038, 81, 91, 10
3039, 57, 59, 2
3040, 58, 58, 0
3041, 74, 77, 3
3042, 88, 96, 8
3043, 69, 83, 14
3044, 66, 69, 3
3045, 75, 75, 0
3046, 63, 63, 0
3047, 69, 69, 0
3048, 71, 71, 0
3049, 77, 77, 0
3050, 77, 81, 4
3051, 75, 76, 1
3052, 68, 72, 4
3053, 70, 83, 13
3054, 81, 97, 16
3055, 89, 110, 21
3056, 89, 108, 19
3057, 88, 108, 20
3058, 82, 95, 13
3059, 71, 85, 14
3060, 79, 93, 14
3061, 83, 97, 14
3062, 80, 92, 12
3063, 72, 77, 5
3064, 61, 62, 1
3065, 76, 76, 0
3066, 69, 71, 2
3067, 64, 64, 0
3068, 59, 61, 2
3069, 69, 71, 2
3070, 69, 75, 6
3071, 70, 70, 0
3072, 71, 71, 0
3073, 60, 66, 6
3074, 71, 76, 5
3075, 73, 74, 1
3076, 74, 75, 1
3077, 59, 59, 0
3078, 61, 61, 0
3079, 68, 68, 0
3080, 60, 60, 0
3081, 79, 93, 14
3082, 72, 88, 16
3083, 84, 93, 9
3084, 91, 93, 2
3085, 56, 56, 0
3086, 70, 70, 0
3087, 63, 63, 0
3088, 67, 67, 0
3089, 51, 51, 0
3090, 78, 83, 5
3091, 80, 88, 8
3092, 81, 89, 8
3093, 68, 72, 4
3094, 68, 69, 1
3095, 51, 51, 0
3096, 77, 78, 1
3097, 67, 67, 0
3098, 68, 68, 0
3099, 64, 68, 4
3100, 56, 58, 2
3101, 64, 65, 1
3102, 60, 61, 1
3103, 81, 97, 16
3104, 84, 101, 17
3105, 88, 103, 15
3106, 86, 98, 12
3107, 75, 87, 12
3108, 88, 96, 8
3109, 75, 88, 13
3110, 84, 103, 19
3111, 82, 103, 21
3112, 85, 107, 22
3113, 68, 93, 25
3114, 101, 129, 28
3115, 95, 133, 38
3116, 104, 148, 44
3117, 102, 156, 54
3118, 116, 162, 46
3119, 95, 148, 53
3120, 123, 190, 67
3121, 128, 199, 71
3122, 134, 208, 74
3123, 131, 210, 79
3124, 149, 236, 87
3125, 139, 223, 84
3126, 150, 240, 90
3127, 148, 242, 94
3128, 140, 234, 94
3129, 155, 211, 56
3130, 108, 160, 52
3131, 111, 171, 60
3132, 135, 199, 64
3133, 110, 185, 75
3134, 149, 215, 66
3135, 132, 184, 52
3136, 114, 162, 48
3137, 105, 142, 37
3138, 93, 126, 33
3139, 97, 136, 39
3140, 102, 146, 44
3141, 103, 141, 38
3142, 107, 146, 39
3143, 92, 141, 49
3144, 109, 170, 61
3145, 125, 192, 67
3146, 142, 204, 62
3147, 124, 193, 69
3148, 127, 193, 66
3149, 124, 183, 59
3150, 118, 172, 54
3151, 108, 164, 56
3152, 105, 160, 55
3153, 113, 164, 51
3154, 113, 172, 59
3155, 109, 174, 65
3156, 126, 187, 61
3157, 110, 159, 49
3158, 121, 188, 67
3159, 133, 211, 78
3160, 127, 170, 43
3161, 93, 117, 24
3162, 76, 96, 20
3163, 77, 96, 19
3164, 79, 94, 15
3165, 77, 84, 7
3166, 73, 78, 5
3167, 80, 80, 0
3168, 64, 64, 0
3169, 70, 70, 0
3170, 57, 58, 1
3171, 58, 58, 0
3172, 71, 71, 0
3173, 70, 70, 0
3174, 71, 86, 15
3175, 68, 82, 14
3176, 91, 104, 13
3177, 89, 103, 14
3178, 69, 82, 13
3179, 79, 83, 4
3180, 55, 56, 1
3181, 59, 59, 0
3182, 78, 80, 2
3183, 76, 78, 2
3184, 75, 77, 2
3185, 77, 78, 1
3186, 67, 67, 0
3187, 57, 57, 0
3188, 78, 78, 0
3189, 63, 66, 3
3190, 70, 70, 0
3191, 63, 63, 0
3192, 78, 79, 1
3193, 75, 84, 9
3194, 83, 94, 11
3195, 74, 80, 6
3196, 63, 63, 0
3197, 67, 67, 0
3198, 76, 81, 5
3199, 82, 88, 6
3200, 60, 64, 4
3201, 72, 74, 2
3202, 57, 57, 0
3203, 72, 72, 0
3204, 63, 70, 7
3205, 72, 85, 13
3206, 91, 101, 10
3207, 70, 73, 3
3208, 64, 70, 6
3209, 65, 74, 9
3210, 74, 83, 9
3211, 74, 75, 1
3212, 72, 72, 0
3213, 64, 64, 0
3214, 60, 60, 0
3215, 55, 55, 0
3216, 65, 68, 3
3217, 80, 81, 1
3218, 74, 74, 0
3219, 54, 56, 2
3220, 60, 60, 0
3221, 67, 70, 3
3222, 74, 81, 7
3223, 80, 88, 8
3224, 77, 83, 6
3225, 65, 76, 11
3226, 69, 75, 6
3227, 73, 78, 5
3228, 65, 66, 1
3229, 79, 88, 9
3230, 83, 99, 16
3231, 87, 106, 19
3232, 84, 108, 24
3233, 93, 121, 28
3234, 103, 143, 40
3235, 95, 136, 41
3236, 92, 127, 35
3237, 104, 139, 35
3238, 93, 127, 34
3239, 103, 138, 35
3240, 93, 121, 28
3241, 89, 121, 32
3242, 111, 139, 28
3243, 98, 119, 21
3244, 89, 105, 16
3245, 97, 123, 26
3246, 89, 117, 28
3247, 92, 114, 22
3248, 90, 114, 24
3249, 78, 94, 16
3250, 86, 95, 9
3251, 66, 73, 7
3252, 72, 81, 9
3253, 81, 89, 8
3254, 72, 79, 7
3255, 72, 83, 11
3256, 107, 114, 7
3257, 65, 66, 1
3258, 69, 70, 1
3259, 59, 62, 3
3260, 61, 61, 0
3261, 58, 58, 0
3262, 66, 75, 9
3263, 75, 83, 8
3264, 73, 79, 6
3265, 70, 71, 1
3266, 74, 77, 3
3267, 61, 62, 1
3268, 59, 59, 0
3269, 70, 71, 1
3270, 67, 67, 0
3271, 68, 68, 0
3272, 69, 73, 4
3273, 76, 84, 8
3274, 90, 96, 6
3275, 66, 67, 1
3276, 62, 62, 0
3277, 66, 66, 0
3278, 60, 60, 0
3279, 72, 72, 0
3280, 64, 64, 0
3281, 54, 54, 0
3282, 67, 67, 0
3283, 66, 68, 2
3284, 61, 61, 0
3285, 80, 82, 2
3286, 76, 81, 5
3287, 65, 65, 0
3288, 61, 63, 2
3289, 59, 63, 4
3290, 92, 103, 11
3291, 81, 85, 4
3292, 69, 72, 3
3293, 55, 57, 2
3294, 65, 66, 1
3295, 75, 75, 0
3296, 69, 75, 6
3297, 59, 61, 2
3298, 68, 68, 0
3299, 52, 52, 0
3300, 74, 76, 2
3301, 65, 66, 1
3302, 67, 68, 1
3303, 79, 81, 2
3304, 70, 72, 2
3305, 75, 75, 0
3306, 73, 80, 7
3307, 78, 84, 6
3308, 75, 88, 13
3309, 75, 79, 4
3310, 66, 66, 0
3311, 79, 90, 11
3312, 77, 92, 15
3313, 85, 99, 14
3314, 85, 88, 3
3315, 75, 75, 0
3316, 59, 59, 0
3317, 58, 58, 0
3318, 72, 72, 0
3319, 55, 56, 1
3320, 66, 66, 0
3321, 84, 96, 12
3322, 72, 84, 12
3323, 75, 89, 14
3324, 87, 101, 14
3325, 86, 103, 17
3326, 78, 105, 27
3327, 85, 109, 24
3328, 65, 91, 26
3329, 87, 111, 24
3330, 79, 88, 9
3331, 62, 69, 7
3332, 76, 88, 12
3333, 70, 81, 11
3334, 63, 81, 18
3335, 86, 110, 24
3336, 91, 127, 36
3337, 100, 133, 33
3338, 104, 135, 31
3339, 100, 130, 30
3340, 90, 113, 23
3341, 78, 98, 20
3342, 82, 96, 14
3343, 87, 94, 7
3344, 86, 88, 2
3345, 69, 69, 0
3346, 70, 70, 0
3347, 68, 71, 3
3348, 60, 60, 0
3349, 51, 51, 0
3350, 67, 67, 0
3351, 59, 59, 0
3352, 55, 59, 4
3353, 83, 89, 6
3354, 70, 76, 6
3355, 72, 74, 2
3356, 60, 61, 1
3357, 67, 77, 10
3358, 72, 86, 14
3359, 72, 80, 8
3360, 61, 62, 1
3361, 65, 65, 0
3362, 60, 60, 0
3363, 67, 67, 0
3364, 73, 74, 1
3365, 70, 71, 1
3366, 69, 69, 0
3367, 59, 61, 2
3368, 76, 77, 1
3369, 66, 68, 2
3370, 68, 69, 1
3371, 56, 61, 5
3372, 59, 66, 7
3373, 71, 71, 0
3374, 68, 69, 1
3375, 64, 65, 1
3376, 75, 83, 8
3377, 70, 82, 12
3378, 84, 100, 16
3379, 92, 108, 16
3380, 86, 96, 10
3381, 85, 102, 17
3382, 81, 100, 19
3383, 75, 98, 23
3384, 89, 112, 23
3385, 79, 113, 34
3386, 99, 145, 46
3387, 116, 163, 47
3388, 118, 181, 63
3389, 112, 183, 71
3390, 137, 217, 80
3391, 148, 236, 88
3392, 139, 227, 88
3393, 138, 232, 94
3394, 150, 250, 100
3395, 161, 247, 86
3396, 133, 202, 69
3397, 128, 202, 74
3398, 126, 188, 62
3399, 115, 171, 56
3400, 123, 189, 66
3401, 120, 182, 62
3402, 111, 174, 63
3403, 117, 184, 67
3404, 122, 184, 62
3405, 124, 199, 75
3406, 138, 215, 77
3407, 134, 186, 52
3408, 105, 145, 40
3409, 102, 128, 26
3410, 81, 97, 16
3411, 77, 93, 16
3412, 70, 95, 25
3413, 79, 105, 26
3414, 99, 131, 32
3415, 96, 122, 26
3416, 86, 114, 28
3417, 87, 116, 29
3418, 90, 120, 30
3419, 89, 128, 39
3420, 105, 156, 51
3421, 122, 174, 52
3422, 107, 140, 33
3423, 86, 107, 21
3424, 72, 92, 20
3425, 75, 96, 21
3426, 84, 102, 18
3427, 91, 103, 12
3428, 81, 92, 11
3429, 81, 93, 12
3430, 84, 103, 19
3431, 95, 129, 34
3432, 102, 126, 24
3433, 89, 107, 18
3434, 69, 91, 22
3435, 92, 117, 25
3436, 89, 126, 37
3437, 100, 150, 50
3438, 113, 169, 56
3439, 106, 161, 55
3440, 118, 186, 68
3441, 140, 205, 65
3442, 121, 193, 72
3443, 139, 220, 81
3444, 145, 223, 78
3445, 120, 200, 80
3446, 127, 198, 71
3447, 129, 205, 76
3448, 137, 230, 93
3449, 142, 229, 87
3450, 142, 227, 85
3451, 137, 207, 70
3452, 124, 211, 87
3453, 144, 220, 76
3454, 137, 206, 69
3455, 122, 190, 68
3456, 130, 201, 71
3457, 128, 185, 57
3458, 105, 155, 50
3459, 113, 167, 54
3460, 137, 208, 71
3461, 131, 196, 65
3462, 138, 216, 78
3463, 139, 209, 70
3464, 133, 188, 55
3465, 113, 182, 69
3466, 108, 171, 63
3467, 128, 202, 74
3468, 142, 222, 80
3469, 141, 213, 72
3470, 123, 191, 68
3471, 135, 204, 69
3472, 123, 202, 79
3473, 140, 211, 71
3474, 128, 209, 81
3475, 143, 249, 106
3476, 157, 260, 103
3477, 153, 260, 107
3478, 153, 229, 76
3479, 131, 187, 56
3480, 114, 164, 50
3481, 110, 139, 29
3482, 92, 116, 24
3483, 86, 101, 15
3484, 79, 86, 7
3485, 71, 72, 1
3486, 66, 66, 0
3487, 59, 59, 0
3488, 76, 79, 3
3489, 72, 72, 0
3490, 67, 71, 4
3491, 85, 86, 1
3492, 63, 63, 0
3493, 63, 64, 1
3494, 65, 65, 0
3495, 68, 71, 3
3496, 57, 59, 2
3497, 66, 66, 0
3498, 76, 78, 2
3499, 58, 58, 0
3500, 67, 67, 0
3501, 48, 48, 0
3502, 66, 66, 0
3503, 88, 88, 0
3504, 76, 78, 2
3505, 58, 58, 0
3506, 69, 69, 0
3507, 63, 63, 0
3508, 74, 83, 9
3509, 69, 75, 6
3510, 70, 74, 4
3511, 72, 72, 0
3512, 59, 62, 3
3513, 60, 61, 1
3514, 79, 92, 13
3515, 90, 102, 12
3516, 78, 80, 2
3517, 65, 65, 0
3518, 58, 58, 0
3519, 77, 78, 1
3520, 73, 76, 3
3521, 63, 64, 1
3522, 71, 71, 0
3523, 71, 73, 2
3524, 66, 66, 0
3525, 70, 70, 0
3526, 76, 76, 0
3527, 64, 64, 0
3528, 68, 68, 0
3529, 72, 73, 1
3530, 74, 77, 3
3531, 82, 86, 4
3532, 78, 79, 1
3533, 64, 64, 0
3534, 76, 79, 3
3535, 83, 88, 5
3536, 49, 49, 0
3537, 77, 77, 0
3538, 76, 76, 0
3539, 64, 64, 0
3540, 57, 57, 0
3541, 70, 72, 2
3542, 64, 67, 3
3543, 58, 58, 0
3544, 64, 64, 0
3545, 67, 67, 0
3546, 65, 67, 2
3547, 71, 72, 1
3548, 75, 77, 2
3549, 75, 78, 3
3550, 73, 74, 1
3551, 53, 53, 0
3552, 65, 65, 0
3553, 76, 85, 9
3554, 92, 101, 9
3555, 77, 77, 0
3556, 72, 76, 4
3557, 66, 66, 0
3558, 62, 62, 0
3559, 65, 68, 3
3560, 79, 81, 2
3561, 53, 57, 4
3562, 74, 75, 1
3563, 68, 68, 0
3564, 73, 77, 4
3565, 63, 64, 1
3566, 74, 74, 0
3567, 62, 64, 2
3568, 73, 73, 0
3569, 62, 62, 0
3570, 64, 67, 3
3571, 81, 87, 6
3572, 70, 72, 2
3573, 66, 66, 0
3574, 70, 73, 3
3575, 76, 80, 4
3576, 69, 69, 0
3577, 76, 80, 4
3578, 76, 93, 17
3579, 82, 101, 19
3580, 104, 132, 28
3581, 97, 128, 31
3582, 98, 142, 44
3583, 107, 147, 40
3584, 113, 157, 44
3585, 114, 166, 52
3586, 101, 151, 50
3587, 91, 134, 43
3588, 108, 159, 51
3589, 113, 169, 56
3590, 119, 174, 55
3591, 119, 177, 58
3592, 132, 209, 77
3593, 134, 195, 61
3594, 111, 181, 70
3595, 127, 211, 84
3596, 154, 250, 96
3597, 151, 259, 108
3598, 170, 292, 122
3599, 178, 308, 130
3600, 191, 295, 104
3601, 157, 258, 101
3602, 145, 229, 84
3603, 134, 203, 69
3604, 126, 190, 64
3605, 119, 155, 36
3606, 92, 120, 28
3607, 86, 106, 20
3608, 89, 108, 19
3609, 78, 92, 14
3610, 75, 80, 5
3611, 77, 78, 1
3612, 59, 61, 2
3613, 60, 60, 0
3614, 76, 79, 3
3615, 71, 74, 3
3616, 72, 76, 4
3617, 69, 71, 2
3618, 77, 77, 0
3619, 61, 61, 0
3620, 69, 77, 8
3621, 76, 83, 7
3622, 78, 84, 6
3623, 86, 101, 15
3624, 84, 104, 20
3625, 96, 126, 30
3626, 100, 142, 42
3627, 101, 134, 33
3628, 86, 104, 18
3629, 81, 95, 14
3630, 81, 92, 11
3631, 70, 84, 14
3632, 80, 96, 16
3633, 81, 97, 16
3634, 83, 99, 16
3635, 83, 101, 18
3636, 77, 102, 25
3637, 91, 112, 21
3638, 99, 140, 41
3639, 104, 148, 44
3640, 106, 150, 44
3641, 109, 164, 55
3642, 112, 169, 57
3643, 111, 164, 53
3644, 112, 174, 62
3645, 124, 198, 74
3646, 132, 215, 83
3647, 138, 224, 86
3648, 124, 215, 91
3649, 157, 278, 121
3650, 175, 297, 122
3651, 178, 312, 134
3652, 192, 338, 146
3653, 194, 348, 154
3654, 205, 356, 151
3655, 205, 382, 177
3656, 230, 414, 184
3657, 231, 383, 152
3658, 209, 348, 139
3659, 179, 286, 107
3660, 143, 240, 97
3661, 163, 265, 102
3662, 141, 213, 72
3663, 129, 197, 68
3664, 123, 200, 77
3665, 128, 198, 70
3666, 125, 200, 75
3667, 142, 228, 86
3668, 146, 223, 77
3669, 132, 209, 77
3670, 127, 208, 81
3671, 131, 216, 85
3672, 149, 238, 89
3673, 144, 229, 85
3674, 134, 225, 91
3675, 149, 230, 81
3676, 139, 214, 75
3677, 126, 206, 80
3678, 145, 221, 76
3679, 129, 205, 76
3680, 136, 223, 87
3681, 128, 205, 77
3682, 139, 231, 92
3683, 145, 238, 93
3684, 155, 237, 82
3685, 131, 223, 92
3686, 151, 244, 93
3687, 153, 256, 103
3688, 170, 286, 116
3689, 175, 292, 117
3690, 181, 295, 114
3691, 158, 293, 135
3692, 178, 306, 128
3693, 169, 289, 120
3694, 173, 320, 147
3695, 189, 347, 158
3696, 206, 363, 157
3697, 217, 374, 157
3698, 197, 342, 145
3699, 194, 321, 127
3700, 186, 317, 131
3701, 165, 280, 115
3702, 160, 256, 96
3703, 150, 222, 72
3704, 118, 164, 46
3705, 105, 152, 47
3706, 121, 186, 65
3707, 127, 197, 70
3708, 135, 203, 68
3709, 124, 167, 43
3710, 101, 136, 35
3711, 89, 121, 32
3712, 103, 137, 34
3713, 101, 133, 32
3714, 86, 121, 35
3715, 104, 157, 53
3716, 135, 199, 64
3717, 138, 200, 62
3718, 121, 175, 54
3719, 106, 145, 39
3720, 86, 124, 38
3721, 90, 120, 30
3722, 86, 106, 20
3723, 81, 96, 15
3724, 74, 87, 13
3725, 68, 80, 12
3726, 89, 98, 9
3727, 82, 94, 12
3728, 75, 85, 10
3729, 67, 78, 11
3730, 92, 112, 20
3731, 91, 109, 18
3732, 88, 117, 29
3733, 106, 132, 26
3734, 91, 114, 23
3735, 92, 124, 32
3736, 95, 132, 37
3737, 79, 117, 38
3738, 96, 144, 48
3739, 106, 164, 58
3740, 120, 175, 55
3741, 108, 171, 63
3742, 117, 182, 65
3743, 132, 196, 64
3744, 118, 188, 70
3745, 138, 228, 90
3746, 143, 229, 86
3747, 139, 232, 93
3748, 160, 271, 111
3749, 160, 245, 85
3750, 145, 228, 83
3751, 122, 210, 88
3752, 141, 248, 107
3753, 150, 244, 94
3754, 155, 251, 96
3755, 149, 249, 100
3756, 165, 268, 103
3757, 137, 225, 88
3758, 151, 249, 98
3759, 156, 247, 91
3760, 143, 219, 76
3761, 132, 198, 66
3762, 123, 157, 34
3763, 99, 120, 21
3764, 85, 100, 15
3765, 72, 94, 22
3766, 78, 88, 10
3767, 94, 96, 2
3768, 59, 59, 0
3769, 77, 79, 2
3770, 59, 59, 0
3771, 56, 58, 2
3772, 84, 90, 6
3773, 75, 83, 8
3774, 71, 75, 4
3775, 85, 85, 0
3776, 68, 69, 1
3777, 77, 77, 0
3778, 56, 56, 0
3779, 61, 62, 1
3780, 65, 65, 0
3781, 72, 74, 2
3782, 74, 74, 0
3783, 57, 57, 0
3784, 61, 64, 3
3785, 65, 68, 3
3786, 95, 99, 4
3787, 59, 59, 0
3788, 49, 49, 0
3789, 57, 57, 0
3790, 54, 54, 0
3791, 76, 76, 0
3792, 57, 57, 0
3793, 57, 57, 0
3794, 65, 65, 0
3795, 71, 75, 4
3796, 68, 69, 1
3797, 56, 56, 0
3798, 64, 64, 0
3799, 59, 59, 0
3800, 58, 58, 0
3801, 76, 89, 13
3802, 83, 104, 21
3803, 97, 120, 23
3804, 95, 132, 37
3805, 91, 130, 39
3806, 94, 132, 38
3807, 99, 138, 39
3808, 101, 148, 47
3809, 110, 163, 53
3810, 114, 185, 71
3811, 129, 191, 62
3812, 121, 180, 59
3813, 123, 188, 65
3814, 129, 174, 45
3815, 106, 151, 45
3816, 95, 131, 36
3817, 90, 130, 40
3818, 102, 147, 45
3819, 104, 143, 39
3820, 97, 131, 34
3821, 102, 139, 37
3822, 99, 136, 37
3823, 98, 135, 37
3824, 99, 137, 38
3825, 106, 141, 35
3826, 106, 143, 37
3827, 100, 132, 32
3828, 88, 117, 29
3829, 89, 108, 19
3830, 82, 106, 24
3831, 92, 125, 33
3832, 86, 123, 37
3833, 102, 155, 53
3834, 123, 186, 63
3835, 144, 223, 79
3836, 129, 199, 70
3837, 132, 220, 88
3838, 158, 270, 112
3839, 174, 291, 117
3840, 171, 291, 120
3841, 167, 298, 131
3842, 164, 282, 118
3843, 170, 288, 118
3844, 165, 255, 90
3845, 148, 235, 87
3846, 145, 228, 83
3847, 137, 215, 78
3848, 130, 202, 72
3849, 139, 208, 69
3850, 125, 193, 68
3851, 125, 182, 57
3852, 125, 170, 45
3853, 102, 151, 49
3854, 101, 141, 40
3855, 95, 129, 34
3856, 94, 119, 25
3857, 99, 118, 19
3858, 89, 106, 17
3859, 79, 104, 25
3860, 85, 121, 36
3861, 95, 132, 37
3862, 106, 140, 34
3863, 107, 152, 45
3864, 119, 167, 48
3865, 113, 153, 40
3866, 97, 136, 39
3867, 91, 126, 35
3868, 104, 140, 36
3869, 103, 152, 49
3870, 112, 161, 49
3871, 122, 164, 42
3872, 89, 139, 50
3873, 113, 176, 63
3874, 127, 195, 68
3875, 121, 180, 59
3876, 117, 167, 50
3877, 99, 135, 36
3878, 88, 112, 24
3879, 87, 105, 18
3880, 77, 93, 16
3881, 81, 95, 14
3882, 79, 95, 16
3883, 79, 93, 14
3884, 81, 93, 12
3885, 87, 98, 11
3886, 80, 87, 7
3887, 76, 76, 0
3888, 67, 67, 0
3889, 74, 74, 0
3890, 60, 60, 0
3891, 68, 68, 0
3892, 57, 59, 2
3893, 59, 59, 0
3894, 66, 66, 0
3895, 56, 56, 0
3896, 71, 71, 0
3897, 61, 61, 0
3898, 64, 67, 3
3899, 61, 61, 0
3900, 71, 74, 3
3901, 68, 72, 4
3902, 92, 96, 4
3903, 79, 81, 2
3904, 62, 64, 2
3905, 68, 68, 0
3906, 64, 64, 0
3907, 68, 71, 3
3908, 60, 60, 0
3909, 56, 56, 0
3910, 76, 76, 0
3911, 76, 78, 2
3912, 59, 59, 0
3913, 77, 77, 0
3914, 60, 60, 0
3915, 66, 66, 0
3916, 71, 72, 1
3917, 75, 78, 3
3918, 84, 102, 18
3919, 88, 106, 18
3920, 92, 105, 13
3921, 79, 98, 19
3922, 90, 111, 21
3923, 83, 95, 12
3924, 55, 57, 2
3925, 64, 64, 0
3926, 62, 62, 0
3927, 68, 68, 0
3928, 70, 74, 4
3929, 65, 68, 3
3930, 80, 81, 1
3931, 70, 71, 1
3932, 81, 81, 0
3933, 81, 88, 7
3934, 62, 77, 15
3935, 95, 111, 16
3936, 93, 116, 23
3937, 80, 96, 16
3938, 81, 95, 14
3939, 87, 110, 23
3940, 77, 105, 28
3941, 92, 122, 30
3942, 104, 139, 35
3943, 112, 138, 26
3944, 84, 113, 29
3945, 87, 118, 31
3946, 92, 120, 28
3947, 91, 129, 38
3948, 114, 156, 42
3949, 91, 141, 50
3950, 119, 173, 54
3951, 111, 174, 63
3952, 119, 186, 67
3953, 142, 218, 76
3954, 132, 202, 70
3955, 129, 206, 77
3956, 132, 221, 89
3957, 139, 217, 78
3958, 129, 213, 84
3959, 147, 243, 96
3960, 142, 229, 87
3961, 144, 237, 93
3962, 147, 254, 107
3963, 148, 246, 98
3964, 157, 244, 87
3965, 149, 247, 98
3966, 153, 249, 96
3967, 148, 213, 65
3968, 110, 144, 34
3969, 89, 102, 13
3970, 75, 76, 1
3971, 62, 65, 3
3972, 62, 64, 2
3973, 59, 59, 0
3974, 75, 87, 12
3975, 82, 92, 10
3976, 77, 86, 9
3977, 65, 75, 10
3978, 73, 85, 12
3979, 76, 87, 11
3980, 83, 99, 16
3981, 78, 96, 18
3982, 94, 103, 9
3983, 73, 77, 4
3984, 60, 70, 10
3985, 79, 90, 11
3986, 81, 91, 10
3987, 68, 75, 7
3988, 62, 64, 2
3989, 69, 74, 5
3990, 83, 89, 6
3991, 81, 83, 2
3992, 78, 84, 6
3993, 79, 96, 17
3994, 73, 85, 12
3995, 72, 74, 2
3996, 72, 74, 2
3997, 78, 91, 13
3998, 79, 96, 17
3999, 88, 107, 19
4000, 73, 86, 13
4001, 92, 105, 13
4002, 69, 81, 12
4003, 76, 87, 11
4004, 67, 74, 7
4005, 70, 83, 13
4006, 76, 93, 17
4007, 98, 125, 27
4008, 86, 112, 26
4009, 110, 144, 34
4010, 108, 146, 38
4011, 97, 142, 45
4012, 99, 140, 41
4013, 108, 165, 57
4014, 121, 174, 53
4015, 115, 170, 55
4016, 105, 160, 55
4017, 116, 177, 61
4018, 112, 171, 59
4019, 107, 178, 71
4020, 140, 224, 84
4021, 145, 226, 81
4022, 129, 221, 92
4023, 151, 235, 84
4024, 133, 221, 88
4025, 157, 248, 91
4026, 137, 212, 75
4027, 132, 217, 85
4028, 144, 237, 93
4029, 152, 241, 89
4030, 146, 233, 87
4031, 138, 208, 70
4032, 119, 169, 50
4033, 97, 142, 45
4034, 115, 159, 44
4035, 94, 134, 40
4036, 100, 138, 38
4037, 93, 126, 33
4038, 90, 111, 21
4039, 91, 118, 27
4040, 85, 104, 19
4041, 83, 99, 16
4042, 78, 82, 4
4043, 78, 82, 4
4044, 92, 110, 18
4045, 86, 108, 22
4046, 97, 117, 20
4047, 85, 106, 21
4048, 89, 107, 18
4049, 86, 104, 18
4050, 78, 92, 14
4051, 74, 85, 11
4052, 89, 107, 18
4053, 70, 84, 14
4054, 89, 106, 17
4055, 78, 92, 14
4056, 77, 103, 26
4057, 90, 109, 19
4058, 90, 101, 11
4059, 77, 85, 8
4060, 79, 83, 4
4061, 71, 74, 3
4062, 77, 82, 5
4063, 76, 79, 3
4064, 64, 64, 0
4065, 69, 69, 0
4066, 72, 72, 0
4067, 69, 70, 1
4068, 52, 53, 1
4069, 72, 76, 4
4070, 58, 58, 0
4071, 67, 67, 0
4072, 74, 74, 0
4073, 76, 76, 0
4074, 53, 53, 0
4075, 80, 81, 1
4076, 63, 67, 4
4077, 61, 63, 2
4078, 74, 81, 7
4079, 60, 71, 11
4080, 78, 94, 16
4081, 86, 99, 13
4082, 90, 99, 9
4083, 80, 93, 13
4084, 74, 91, 17
4085, 71, 77, 6
4086, 92, 100, 8
4087, 70, 76, 6
4088, 80, 87, 7
4089, 78, 85, 7
4090, 81, 86, 5
4091, 73, 73, 0
4092, 57, 57, 0
4093, 67, 73, 6
4094, 57, 66, 9
4095, 73, 85, 12
4096, 78, 88, 10
4097, 69, 77, 8
4098, 63, 73, 10
4099, 72, 83, 11
4100, 73, 82, 9
4101, 85, 100, 15
4102, 82, 97, 15
4103, 68, 85, 17
4104, 82, 91, 9
4105, 66, 74, 8
4106, 67, 79, 12
4107, 63, 67, 4
4108, 80, 81, 1
4109, 59, 60, 1
4110, 68, 68, 0
4111, 73, 76, 3
4112, 62, 62, 0
4113, 72, 74, 2
4114, 75, 76, 1
4115, 78, 88, 10
4116, 74, 79, 5
4117, 74, 74, 0
4118, 52, 52, 0
4119, 63, 63, 0
4120, 72, 72, 0
4121, 75, 75, 0
4122, 71, 74, 3
4123, 67, 67, 0
4124, 64, 64, 0
4125, 72, 72, 0
4126, 74, 78, 4
4127, 69, 73, 4
4128, 83, 86, 3
4129, 61, 65, 4
4130, 49, 49, 0
4131, 65, 65, 0
4132, 61, 68, 7
4133, 72, 76, 4
4134, 78, 82, 4
4135, 61, 66, 5
4136, 65, 71, 6
4137, 83, 89, 6
4138, 62, 68, 6
4139, 76, 82, 6
4140, 76, 77, 1
4141, 55, 55, 0
4142, 57, 57, 0
4143, 71, 71, 0
4144, 78, 79, 1
4145, 64, 64, 0
4146, 78, 78, 0
4147, 65, 65, 0
4148, 63, 63, 0
4149, 69, 69, 0
4150, 74, 74, 0
4151, 73, 73, 0
4152, 55, 55, 0
4153, 69, 69, 0
4154, 70, 70, 0
4155, 57, 63, 6
4156, 70, 73, 3
4157, 69, 69, 0
4158, 79, 80, 1
4159, 66, 71, 5
4160, 58, 58, 0
4161, 65, 65, 0
4162, 54, 54, 0
4163, 72, 76, 4
4164, 69, 73, 4
4165, 68, 74, 6
4166, 65, 68, 3
4167, 87, 94, 7
4168, 80, 93, 13
4169, 77, 92, 15
4170, 76, 91, 15
4171, 96, 115, 19
4172, 73, 93, 20
4173, 78, 103, 25
4174, 102, 148, 46
4175, 106, 147, 41
4176, 112, 151, 39
4177, 119, 153, 34
4178, 98, 129, 31
4179, 84, 108, 24
4180, 95, 126, 31
4181, 95, 132, 37
4182, 101, 150, 49
4183, 118, 168, 50
4184, 116, 163, 47
4185, 88, 121, 33
4186, 101, 125, 24
4187, 96, 120, 24
4188, 80, 98, 18
4189, 82, 96, 14
4190, 80, 85, 5
4191, 67, 74, 7
4192, 78, 83, 5
4193, 76, 92, 16
4194, 72, 86, 14
4195, 78, 88, 10
4196, 88, 107, 19
4197, 72, 83, 11
4198, 75, 81, 6
4199, 82, 97, 15
4200, 80, 92, 12
4201, 66, 84, 18
4202, 88, 108, 20
4203, 84, 104, 20
4204, 91, 122, 31
4205, 95, 127, 32
4206, 111, 144, 33
4207, 84, 119, 35
4208, 90, 117, 27
4209, 81, 112, 31
4210, 95, 122, 27
4211, 93, 123, 30
4212, 82, 109, 27
4213, 99, 124, 25
4214, 92, 111, 19
4215, 86, 105, 19
4216, 79, 97, 18
4217, 93, 112, 19
4218, 73, 97, 24
4219, 89, 119, 30
4220, 103, 140, 37
4221, 104, 155, 51
4222, 109, 149, 40
4223, 106, 148, 42
4224, 93, 135, 42
4225, 87, 124, 37
4226, 111, 152, 41
4227, 104, 144, 40
4228, 92, 119, 27
4229, 93, 108, 15
4230, 74, 85, 11
4231, 79, 87, 8
4232, 82, 86, 4
4233, 62, 62, 0
4234, 50, 57, 7
4235, 69, 77, 8
4236, 78, 82, 4
4237, 75, 76, 1
4238, 75, 82, 7
4239, 73, 84, 11
4240, 81, 97, 16
4241, 71, 85, 14
4242, 90, 104, 14
4243, 85, 97, 12
4244, 68, 76, 8
4245, 71, 78, 7
4246, 75, 78, 3
4247, 73, 73, 0
4248, 61, 61, 0
4249, 66, 66, 0
4250, 54, 55, 1
4251, 69, 72, 3
4252, 73, 75, 2
4253, 84, 84, 0
4254, 66, 66, 0
4255, 75, 81, 6
4256, 78, 84, 6
4257, 61, 61, 0
4258, 77, 84, 7
4259, 80, 94, 14
4260, 73, 85, 12
4261, 76, 93, 17
4262, 61, 76, 15
4263, 88, 103, 15
4264, 91, 106, 15
4265, 93, 106, 13
4266, 70, 76, 6
4267, 69, 72, 3
4268, 78, 84, 6
4269, 68, 75, 7
4270, 75, 88, 13
4271, 71, 95, 24
4272, 85, 110, 25
4273, 86, 108, 22
4274, 82, 110, 28
4275, 94, 136, 42
4276, 100, 138, 38
4277, 101, 140, 39
4278, 96, 134, 38
4279, 86, 133, 47
4280, 114, 163, 49
4281, 103, 161, 58
4282, 123, 176, 53
4283, 105, 154, 49
4284, 116, 168, 52
4285, 113, 177, 64
4286, 116, 175, 59
4287, 128, 185, 57
4288, 130, 183, 53
4289, 107, 162, 55
4290, 108, 160, 52
4291, 104, 143, 39
4292, 108, 140, 32
4293, 107, 143, 36
4294, 104, 145, 41
4295, 94, 132, 38
4296, 92, 127, 35
4297, 106, 141, 35
4298, 85, 114, 29
4299, 83, 115, 32
4300, 101, 143, 42
4301, 109, 149, 40
4302, 101, 139, 38
4303, 111, 161, 50
4304, 123, 164, 41
4305, 97, 129, 32
4306, 89, 104, 15
4307, 79, 89, 10
4308, 76, 87, 11
4309, 74, 81, 7
4310, 67, 70, 3
4311, 54, 54, 0
4312, 73, 74, 1
4313, 69, 71, 2
4314, 76, 79, 3
4315, 87, 88, 1
4316, 60, 60, 0
4317, 65, 65, 0
4318, 54, 54, 0
4319, 61, 61, 0
4320, 68, 68, 0
4321, 48, 48, 0
4322, 68, 68, 0
4323, 73, 74, 1
4324, 54, 54, 0
4325, 70, 70, 0
4326, 56, 56, 0
4327, 61, 61, 0
4328, 58, 58, 0
4329, 70, 79, 9
4330, 84, 94, 10
4331, 65, 66, 1
4332, 54, 54, 0
4333, 62, 62, 0
4334, 62, 62, 0
4335, 68, 71, 3
4336, 60, 65, 5
4337, 64, 75, 11
4338, 72, 84, 12
4339, 75, 82, 7
4340, 72, 73, 1
4341, 77, 84, 7
4342, 76, 83, 7
4343, 72, 76, 4
4344, 86, 97, 11
4345, 59, 65, 6
4346, 73, 74, 1
4347, 67, 68, 1
4348, 68, 71, 3
4349, 70, 78, 8
4350, 74, 85, 11
4351, 83, 91, 8
4352, 64, 64, 0
4353, 62, 62, 0
4354, 55, 56, 1
4355, 68, 72, 4
4356, 56, 64, 8
4357, 79, 86, 7
4358, 72, 81, 9
4359, 73, 82, 9
4360, 63, 69, 6
4361, 72, 76, 4
4362, 67, 68, 1
4363, 69, 69, 0
4364, 69, 69, 0
4365, 57, 59, 2
4366, 58, 66, 8
4367, 87, 92, 5
4368, 64, 64, 0
4369, 54, 56, 2
4370, 70, 71, 1
4371, 71, 72, 1
4372, 64, 66, 2
4373, 85, 102, 17
4374, 73, 91, 18
4375, 82, 85, 3
4376, 73, 73, 0
4377, 71, 73, 2
4378, 69, 70, 1
4379, 74, 74, 0
4380, 45, 49, 4
4381, 64, 67, 3
4382, 72, 72, 0
4383, 72, 72, 0
4384, 47, 49, 2
4385, 71, 71, 0
4386, 63, 63, 0
4387, 75, 75, 0
4388, 71, 71, 0
4389, 61, 61, 0
4390, 65, 66, 1
4391, 62, 62, 0
4392, 48, 48, 0
4393, 51, 51, 0
4394, 64, 64, 0
4395, 68, 71, 3
4396, 67, 68, 1
4397, 76, 80, 4
4398, 72, 75, 3
4399, 68, 69, 1
4400, 59, 59, 0
4401, 72, 72, 0
4402, 73, 73, 0
4403, 61, 62, 1
4404, 82, 86, 4
4405, 62, 63, 1
4406, 66, 67, 1
4407, 70, 72, 2
4408, 57, 57, 0
4409, 64, 68, 4
4410, 85, 99, 14
4411, 73, 87, 14
4412, 74, 85, 11
4413, 91, 101, 10
4414, 75, 88, 13
4415, 90, 97, 7
4416, 69, 69, 0
4417, 63, 63, 0
4418, 63, 66, 3
4419, 71, 71, 0
4420, 66, 66, 0
4421, 76, 86, 10
4422, 77, 85, 8
4423, 77, 83, 6
4424, 68, 71, 3
4425, 79, 79, 0
4426, 74, 79, 5
4427, 72, 74, 2
4428, 59, 60, 1
4429, 62, 62, 0
4430, 55, 55, 0
4431, 67, 69, 2
4432, 60, 60, 0
4433, 69, 71, 2
4434, 72, 73, 1
4435, 69, 69, 0
4436, 64, 64, 0
4437, 61, 61, 0
4438, 65, 68, 3
4439, 73, 74, 1
4440, 64, 66, 2
4441, 71, 75, 4
4442, 73, 92, 19
4443, 71, 93, 22
4444, 97, 117, 20
4445, 101, 134, 33
4446, 95, 134, 39
4447, 101, 144, 43
4448, 125, 181, 56
4449, 115, 164, 49
4450, 105, 158, 53
4451, 108, 156, 48
4452, 116, 171, 55
4453, 119, 184, 65
4454, 118, 183, 65
4455, 128, 203, 75
4456, 121, 208, 87
4457, 141, 242, 101
4458, 162, 254, 92
4459, 156, 243, 87
4460, 132, 227, 95
4461, 152, 253, 101
4462, 145, 240, 95
4463, 154, 244, 90
4464, 141, 226, 85
4465, 143, 228, 85
4466, 134, 211, 77
4467, 127, 209, 82
4468, 143, 228, 85
4469, 153, 226, 73
4470, 126, 181, 55
4471, 109, 161, 52
4472, 110, 146, 36
4473, 83, 100, 17
4474, 76, 91, 15
4475, 76, 94, 18
4476, 87, 106, 19
4477, 75, 98, 23
4478, 92, 112, 20
4479, 92, 118, 26
4480, 98, 129, 31
4481, 93, 126, 33
4482, 94, 126, 32
4483, 95, 122, 27
4484, 92, 125, 33
4485, 93, 123, 30
4486, 107, 141, 34
4487, 103, 145, 42
4488, 111, 162, 51
4489, 114, 162, 48
4490, 108, 148, 40
4491, 98, 117, 19
4492, 78, 92, 14
4493, 71, 85, 14
4494, 73, 86, 13
4495, 89, 102, 13
4496, 77, 93, 16
4497, 76, 100, 24
4498, 87, 118, 31
4499, 92, 122, 30
4500, 95, 128, 33
4501, 98, 138, 40
4502, 87, 131, 44
4503, 107, 171, 64
4504, 129, 198, 69
4505, 121, 191, 70
4506, 137, 218, 81
4507, 128, 219, 91
4508, 136, 215, 79
4509, 129, 231, 102
4510, 171, 294, 123
4511, 187, 322, 135
4512, 188, 317, 129
4513, 179, 310, 131
4514, 181, 317, 136
4515, 198, 334, 136
4516, 172, 285, 113
4517, 151, 253, 102
4518, 155, 244, 89
4519, 137, 208, 71
4520, 124, 186, 62
4521, 116, 177, 61
4522, 102, 168, 66
4523, 127, 208, 81
4524, 133, 206, 73
4525, 130, 185, 55
4526, 116, 156, 40
4527, 96, 122, 26
4528, 81, 101, 20
4529, 78, 97, 19
4530, 91, 111, 20
4531, 82, 98, 16
4532, 81, 100, 19
4533, 98, 114, 16
4534, 84, 97, 13
4535, 97, 106, 9
4536, 68, 77, 9
4537, 75, 84, 9
4538, 78, 93, 15
4539, 81, 88, 7
4540, 80, 86, 6
4541, 91, 101, 10
4542, 72, 82, 10
4543, 84, 89, 5
4544, 66, 66, 0
4545, 57, 57, 0
4546, 55, 55, 0
4547, 61, 61, 0
4548, 48, 48, 0
4549, 57, 57, 0
4550, 66, 66, 0
4551, 85, 89, 4
4552, 90, 97, 7
4553, 85, 93, 8
4554, 73, 80, 7
4555, 87, 90, 3
4556, 56, 56, 0
4557, 60, 60, 0
4558, 65, 70, 5
4559, 63, 63, 0
4560, 65, 66, 1
4561, 63, 63, 0
4562, 59, 59, 0
4563, 57, 57, 0
4564, 80, 88, 8
4565, 79, 88, 9
4566, 82, 92, 10
4567, 64, 71, 7
4568, 61, 61, 0
4569, 70, 70, 0
4570, 64, 65, 1
4571, 69, 69, 0
4572, 48, 48, 0
4573, 63, 63, 0
4574, 72, 73, 1
4575, 65, 65, 0
4576, 69, 72, 3
4577, 67, 67, 0
4578, 69, 69, 0
4579, 68, 68, 0
4580, 59, 60, 1
4581, 69, 79, 10
4582, 69, 73, 4
4583, 64, 64, 0
4584, 71, 73, 2
4585, 54, 54, 0
4586, 71, 71, 0
4587, 72, 72, 0
4588, 78, 78, 0
4589, 56, 56, 0
4590, 73, 75, 2
4591, 74, 75, 1
4592, 70, 70, 0
4593, 75, 75, 0
4594, 67, 67, 0
4595, 75, 81, 6
4596, 65, 67, 2
4597, 78, 82, 4
4598, 65, 65, 0
4599, 64, 64, 0
4600, 62, 62, 0
4601, 65, 65, 0
4602, 57, 57, 0
4603, 61, 61, 0
4604, 73, 74, 1
4605, 75, 78, 3
4606, 79, 79, 0
4607, 57, 57, 0
4608, 74, 74, 0
4609, 70, 79, 9
4610, 62, 66, 4
4611, 64, 64, 0
4612, 70, 75, 5
4613, 69, 69, 0
4614, 67, 69, 2
4615, 57, 57, 0
4616, 73, 80, 7
4617, 71, 71, 0
4618, 67, 75, 8
4619, 85, 101, 16
4620, 86, 100, 14
4621, 81, 96, 15
4622, 81, 95, 14
4623, 79, 95, 16
4624, 88, 111, 23
4625, 86, 108, 22
4626, 86, 110, 24
4627, 89, 121, 32
4628, 96, 139, 43
4629, 100, 152, 52
4630, 112, 192, 80
4631, 142, 234, 92
4632, 151, 259, 108
4633, 153, 272, 119
4634, 184, 331, 147
4635, 198, 337, 139
4636, 187, 312, 125
4637, 180, 301, 121
4638, 169, 282, 113
4639, 167, 277, 110
4640, 152, 265, 113
4641, 166, 282, 116
4642, 161, 282, 121
4643, 169, 292, 123
4644, 183, 322, 139
4645, 187, 311, 124
4646, 169, 292, 123
4647, 170, 299, 129
4648, 186, 323, 137
4649, 181, 308, 127
4650, 168, 259, 91
4651, 159, 247, 88
4652, 141, 225, 84
4653, 145, 236, 91
4654, 145, 231, 86
4655, 156, 251, 95
4656, 149, 245, 96
4657, 149, 253, 104
4658, 152, 255, 103
4659, 156, 251, 95
4660, 171, 289, 118
4661, 163, 281, 118
4662, 181, 309, 128
4663, 178, 296, 118
4664, 174, 275, 101
4665, 162, 250, 88
4666, 141, 235, 94
4667, 148, 263, 115
4668, 163, 275, 112
4669, 161, 263, 102
4670, 147, 223, 76
4671, 127, 193, 66
4672, 124, 171, 47
4673, 107, 158, 51
4674, 97, 138, 41
4675, 100, 135, 35
4676, 97, 140, 43
4677, 84, 123, 39
4678, 104, 164, 60
4679, 122, 185, 63
4680, 131, 197, 66
4681, 132, 198, 66
4682, 125, 174, 49
4683, 108, 149, 41
4684, 99, 139, 40
4685, 102, 136, 34
4686, 105, 138, 33
4687, 94, 126, 32
4688, 90, 125, 35
4689, 99, 139, 40
4690, 100, 138, 38
4691, 85, 130, 45
4692, 111, 153, 42
4693, 101, 132, 31
4694, 84, 107, 23
4695, 77, 98, 21
4696, 86, 108, 22
4697, 79, 105, 26
4698, 99, 139, 40
4699, 98, 146, 48
4700, 85, 132, 47
4701, 99, 143, 44
4702, 109, 157, 48
4703, 114, 166, 52
4704, 121, 166, 45
4705, 112, 158, 46
4706, 105, 144, 39
4707, 87, 118, 31
4708, 88, 114, 26
4709, 97, 107, 10
4710, 75, 81, 6
4711, 78, 81, 3
4712, 65, 71, 6
4713, 83, 89, 6
4714, 73, 80, 7
4715, 64, 75, 11
4716, 82, 98, 16
4717, 89, 104, 15
4718, 73, 89, 16
4719, 65, 83, 18
4720, 76, 99, 23
4721, 86, 122, 36
4722, 101, 145, 44
4723, 84, 130, 46
4724, 106, 152, 46
4725, 99, 147, 48
4726, 109, 145, 36
4727, 89, 110, 21
4728, 81, 91, 10
4729, 76, 80, 4
4730, 72, 72, 0
4731, 64, 64, 0
4732, 54, 54, 0
4733, 48, 49, 1
4734, 71, 72, 1
4735, 75, 75, 0
4736, 66, 66, 0
4737, 71, 74, 3
4738, 58, 58, 0
4739, 76, 80, 4
4740, 74, 78, 4
4741, 68, 68, 0
4742, 72, 72, 0
4743, 73, 75, 2
4744, 66, 66, 0
4745, 66, 66, 0
4746, 77, 87, 10
4747, 73, 84, 11
4748, 79, 86, 7
4749, 73, 78, 5
4750, 80, 81, 1
4751, 45, 45, 0
4752, 53, 53, 0
4753, 74, 74, 0
4754, 63, 63, 0
4755, 67, 68, 1
4756, 64, 70, 6
4757, 95, 103, 8
4758, 72, 79, 7
4759, 71, 82, 11
4760, 96, 107, 11
4761, 85, 103, 18
4762, 70, 80, 10
4763, 73, 78, 5
4764, 79, 95, 16
4765, 71, 89, 18
4766, 79, 93, 14
4767, 86, 120, 34
4768, 104, 141, 37
4769, 107, 149, 42
4770, 102, 148, 46
4771, 94, 137, 43
4772, 108, 144, 36
4773, 109, 142, 33
4774, 91, 124, 33
4775, 102, 146, 44
4776, 113, 158, 45
4777, 104, 156, 52
4778, 103, 158, 55
4779, 124, 189, 65
4780, 118, 186, 68
4781, 138, 210, 72
4782, 135, 218, 83
4783, 131, 225, 94
4784, 150, 250, 100
4785, 146, 257, 111
4786, 168, 284, 116
4787, 167, 258, 91
4788, 143, 228, 85
4789, 138, 228, 90
4790, 144, 230, 86
4791, 136, 203, 67
4792, 136, 192, 56
4793, 113, 158, 45
4794, 102, 138, 36
4795, 95, 127, 32
4796, 88, 109, 21
4797, 86, 98, 12
4798, 84, 87, 3
4799, 48, 50, 2
4800, 75, 75, 0
4801, 72, 72, 0
4802, 75, 88, 13
4803, 86, 112, 26
4804, 99, 131, 32
4805, 90, 112, 22
4806, 69, 88, 19
4807, 75, 101, 26
4808, 91, 123, 32
4809, 106, 146, 40
4810, 99, 145, 46
4811, 105, 163, 58
4812, 124, 185, 61
4813, 111, 176, 65
4814, 120, 186, 66
4815, 123, 200, 77
4816, 130, 203, 73
4817, 143, 220, 77
4818, 135, 223, 88
4819, 150, 239, 89
4820, 147, 226, 79
4821, 134, 209, 75
4822, 140, 204, 64
4823, 130, 195, 65
4824, 129, 192, 63
4825, 122, 184, 62
4826, 110, 174, 64
4827, 124, 174, 50
4828, 108, 139, 31
4829, 91, 112, 21
4830, 89, 106, 17
4831, 86, 102, 16
4832, 80, 97, 17
4833, 81, 94, 13
4834, 78, 94, 16
4835, 90, 111, 21
4836, 96, 119, 23
4837, 78, 88, 10
4838, 76, 85, 9
4839, 75, 84, 9
4840, 68, 74, 6
4841, 74, 81, 7
4842, 70, 71, 1
4843, 59, 59, 0
4844, 66, 69, 3
4845, 77, 79, 2
4846, 86, 91, 5
4847, 73, 79, 6
4848, 72, 76, 4
4849, 70, 73, 3
4850, 80, 82, 2
4851, 73, 74, 1
4852, 69, 69, 0
4853, 53, 53, 0
4854, 74, 78, 4
4855, 78, 78, 0
4856, 65, 65, 0
4857, 94, 95, 1
4858, 81, 84, 3
4859, 76, 83, 7
4860, 70, 78, 8
4861, 70, 76, 6
4862, 59, 64, 5
4863, 77, 81, 4
4864, 75, 75, 0
4865, 80, 83, 3
4866, 64, 64, 0
4867, 66, 73, 7
4868, 76, 92, 16
4869, 86, 112, 26
4870, 88, 108, 20
4871, 88, 117, 29
4872, 95, 119, 24
4873, 85, 110, 25
4874, 73, 101, 28
4875, 88, 116, 28
4876, 85, 116, 31
4877, 101, 130, 29
4878, 85, 119, 34
4879, 107, 145, 38
4880, 117, 157, 40
4881, 108, 152, 44
4882, 108, 160, 52
4883, 115, 161, 46
4884, 102, 142, 40
4885, 98, 130, 32
4886, 98, 126, 28
4887, 96, 117, 21
4888, 87, 106, 19
4889, 76, 91, 15
4890, 84, 95, 11
4891, 67, 77, 10
4892, 73, 86, 13
4893, 70, 83, 13
4894, 66, 79, 13
4895, 71, 84, 13
4896, 81, 102, 21
4897, 87, 108, 21
4898, 83, 101, 18
4899, 75, 92, 17
4900, 81, 89, 8
4901, 77, 82, 5
4902, 68, 68, 0
4903, 72, 75, 3
4904, 70, 70, 0
4905, 60, 60, 0
4906, 70, 72, 2
4907, 73, 73, 0
4908, 58, 61, 3
4909, 69, 73, 4
4910, 73, 82, 9
4911, 69, 75, 6
4912, 74, 75, 1
4913, 57, 57, 0
4914, 63, 65, 2
4915, 70, 70, 0
4916, 60, 60, 0
4917, 76, 76, 0
4918, 65, 65, 0
4919, 63, 64, 1
4920, 74, 74, 0
4921, 67, 67, 0
4922, 70, 70, 0
4923, 76, 78, 2
4924, 65, 65, 0
4925, 65, 65, 0
4926, 80, 92, 12
4927, 94, 112, 18
4928, 86, 103, 17
4929, 89, 106, 17
4930, 84, 103, 19
4931, 82, 102, 20
4932, 85, 103, 18
4933, 76, 86, 10
4934, 76, 80, 4
4935, 77, 88, 11
4936, 79, 93, 14
4937, 79, 93, 14
4938, 87, 100, 13
4939, 73, 88, 15
4940, 88, 108, 20
4941, 107, 141, 34
4942, 86, 121, 35
4943, 94, 130, 36
4944, 92, 129, 37
4945, 105, 134, 29
4946, 91, 119, 28
4947, 79, 106, 27
4948, 73, 109, 36
4949, 99, 135, 36
4950, 93, 139, 46
4951, 117, 186, 69
4952, 131, 208, 77
4953, 139, 246, 107
4954, 164, 270, 106
4955, 171, 289, 118
4956, 181, 280, 99
4957, 154, 239, 85
4958, 136, 202, 66
4959, 119, 159, 40
4960, 93, 146, 53
4961, 109, 149, 40
4962, 90, 118, 28
4963, 92, 118, 26
4964, 89, 109, 20
4965, 94, 110, 16
4966, 84, 92, 8
4967, 73, 74, 1
4968, 75, 76, 1
4969, 66, 66, 0
4970, 56, 56, 0
4971, 59, 59, 0
4972, 74, 75, 1
4973, 58, 58, 0
4974, 69, 69, 0
4975, 80, 83, 3
4976, 74, 75, 1
4977, 62, 62, 0
4978, 84, 87, 3
4979, 73, 75, 2
4980, 63, 69, 6
4981, 80, 80, 0
4982, 76, 76, 0
4983, 56, 56, 0
4984, 58, 58, 0
4985, 60, 60, 0
4986, 53, 53, 0
4987, 72, 76, 4
4988, 83, 86, 3
4989, 63, 63, 0
4990, 84, 84, 0
4991, 60, 61, 1
4992, 57, 57, 0
4993, 71, 72, 1
4994, 82, 84, 2
4995, 75, 80, 5
4996, 73, 76, 3
4997, 78, 81, 3
4998, 65, 65, 0
4999, 72, 72, 0
5000, 73, 73, 0
5001, 68, 69, 1
5002, 75, 75, 0
5003, 72, 72, 0
5004, 65, 65, 0
5005, 66, 66, 0
5006, 64, 66, 2
5007, 79, 79, 0
5008, 66, 66, 0
5009, 72, 72, 0
5010, 80, 82, 2
5011, 63, 66, 3
5012, 70, 72, 2
5013, 74, 75, 1
5014, 75, 75, 0
5015, 73, 77, 4
5016, 77, 77, 0
5017, 74, 74, 0
5018, 58, 58, 0
5019, 61, 61, 0
5020, 51, 51, 0
5021, 67, 67, 0
5022, 55, 55, 0
5023, 65, 68, 3
5024, 61, 61, 0
5025, 65, 66, 1
5026, 62, 62, 0
5027, 67, 67, 0
5028, 82, 82, 0
5029, 72, 73, 1
5030, 71, 71, 0
5031, 71, 71, 0
5032, 69, 74, 5
5033, 71, 73, 2
5034, 73, 74, 1
5035, 77, 84, 7
5036, 77, 79, 2
5037, 76, 81, 5
5038, 61, 61, 0
5039, 76, 76, 0
5040, 59, 59, 0
5041, 57, 57, 0
5042, 80, 86, 6
5043, 85, 94, 9
5044, 72, 73, 1
5045, 76, 76, 0
5046, 76, 79, 3
5047, 66, 66, 0
5048, 69, 69, 0
5049, 55, 58, 3
5050, 62, 66, 4
5051, 69, 75, 6
5052, 75, 75, 0
5053, 66, 66, 0
5054, 57, 57, 0
5055, 62, 64, 2
5056, 53, 53, 0
5057, 68, 69, 1
5058, 74, 74, 0
5059, 77, 78, 1
5060, 66, 68, 2
5061, 69, 71, 2
5062, 71, 73, 2
5063, 66, 67, 1
5064, 65, 67, 2
5065, 71, 71, 0
5066, 69, 69, 0
5067, 58, 58, 0
5068, 64, 64, 0
5069, 67, 67, 0
5070, 70, 72, 2
5071, 79, 83, 4
5072, 74, 76, 2
5073, 66, 69, 3
5074, 67, 69, 2
5075, 59, 59, 0
5076, 69, 69, 0
5077, 61, 63, 2
5078, 81, 81, 0
5079, 58, 58, 0
5080, 78, 78, 0
5081, 74, 74, 0
5082, 61, 62, 1
5083, 73, 73, 0
5084, 79, 79, 0
5085, 72, 72, 0
5086, 61, 61, 0
5087, 69, 70, 1
5088, 63, 78, 15
5089, 81, 95, 14
5090, 89, 111, 22
5091, 97, 107, 10
5092, 75, 79, 4
5093, 72, 72, 0
5094, 52, 52, 0
5095, 68, 68, 0
5096, 73, 73, 0
5097, 60, 60, 0
5098, 68, 68, 0
5099, 73, 79, 6
5100, 71, 72, 1
5101, 64, 64, 0
5102, 71, 71, 0
5103, 74, 75, 1
5104, 82, 83, 1
5105, 68, 70, 2
5106, 78, 81, 3
5107, 70, 79, 9
5108, 100, 114, 14
5109, 85, 103, 18
5110, 78, 91, 13
5111, 73, 76, 3
5112, 74, 74, 0
5113, 71, 71, 0
5114, 70, 70, 0
5115, 64, 65, 1
5116, 66, 66, 0
5117, 67, 71, 4
5118, 80, 82, 2
5119, 72, 76, 4
5120, 70, 82, 12
5121, 68, 74, 6
5122, 69, 72, 3
5123, 74, 74, 0
5124, 75, 82, 7
5125, 84, 95, 11
5126, 80, 89, 9
5127, 77, 79, 2
5128, 65, 66, 1
5129, 71, 72, 1
5130, 69, 72, 3
5131, 86, 95, 9
5132, 70, 74, 4
5133, 63, 69, 6
5134, 89, 98, 9
5135, 83, 93, 10
5136, 88, 97, 9
5137, 88, 93, 5
5138, 81, 82, 1
5139, 75, 76, 1
5140, 78, 83, 5
5141, 80, 82, 2
5142, 75, 75, 0
5143, 72, 72, 0
5144, 51, 51, 0
5145, 60, 60, 0
5146, 66, 67, 1
5147, 70, 70, 0
5148, 57, 57, 0
5149, 68, 68, 0
5150, 67, 67, 0
5151, 56, 58, 2
5152, 61, 61, 0
5153, 63, 64, 1
5154, 61, 61, 0
5155, 52, 52, 0
5156, 57, 57, 0
5157, 63, 63, 0
5158, 71, 71, 0
5159, 64, 64, 0
5160, 74, 76, 2
5161, 62, 62, 0
5162, 69, 69, 0
5163, 59, 59, 0
5164, 58, 58, 0
5165, 59, 59, 0
5166, 61, 61, 0
5167, 76, 76, 0
5168, 69, 78, 9
5169, 77, 92, 15
5170, 86, 106, 20
5171, 79, 96, 17
5172, 69, 74, 5
5173, 58, 59, 1
5174, 67, 67, 0
5175, 77, 85, 8
5176, 68, 78, 10
5177, 65, 69, 4
5178, 70, 70, 0
5179, 69, 70, 1
5180, 73, 73, 0
5181, 71, 71, 0
5182, 54, 54, 0
5183, 73, 80, 7
5184, 76, 77, 1
5185, 69, 72, 3
5186, 69, 77, 8
5187, 93, 115, 22
5188, 85, 102, 17
5189, 73, 83, 10
5190, 66, 70, 4
5191, 75, 75, 0
5192, 59, 59, 0
5193, 70, 72, 2
5194, 56, 56, 0
5195, 55, 55, 0
5196, 75, 78, 3
5197, 68, 69, 1
5198, 63, 63, 0
5199, 64, 64, 0
5200, 76, 83, 7
5201, 80, 88, 8
5202, 78, 82, 4
5203, 58, 60, 2
5204, 68, 69, 1
5205, 67, 68, 1
5206, 70, 72, 2
5207, 75, 77, 2
5208, 73, 76, 3
5209, 56, 56, 0
5210, 70, 70, 0
5211, 51, 52, 1
5212, 61, 61, 0
5213, 78, 79, 1
5214, 85, 85, 0
5215, 73, 77, 4
5216, 78, 83, 5
5217, 76, 80, 4
5218, 74, 83, 9
5219, 78, 88, 10
5220, 74, 86, 12
5221, 79, 87, 8
5222, 87, 92, 5
5223, 78, 93, 15
5224, 73, 92, 19
5225, 91, 106, 15
5226, 79, 86, 7
5227, 69, 77, 8
5228, 63, 74, 11
5229, 85, 97, 12
5230, 84, 96, 12
5231, 90, 111, 21
5232, 100, 126, 26
5233, 91, 120, 29
5234, 96, 124, 28
5235, 88, 126, 38
5236, 96, 140, 44
5237, 106, 150, 44
5238, 118, 182, 64
5239, 120, 194, 74
5240, 144, 233, 89
5241, 144, 237, 93
5242, 165, 269, 104
5243, 164, 283, 119
5244, 166, 283, 117
5245, 157, 283, 126
5246, 176, 289, 113
5247, 168, 290, 122
5248, 173, 305, 132
5249, 171, 296, 125
5250, 178, 299, 121
5251, 184, 293, 109
5252, 161, 246, 85
5253, 131, 203, 72
5254, 133, 198, 65
5255, 112, 173, 61
5256, 115, 176, 61
5257, 128, 186, 58
5258, 121, 186, 65
5259, 111, 180, 69
5260, 138, 213, 75
5261, 132, 227, 95
5262, 151, 259, 108
5263, 159, 269, 110
5264, 159, 270, 111
5265, 160, 264, 104
5266, 171, 276, 105
5267, 161, 281, 120
5268, 167, 260, 93
5269, 132, 207, 75
5270, 129, 192, 63
5271, 122, 182, 60
5272, 106, 160, 54
5273, 108, 152, 44
5274, 102, 149, 47
5275, 123, 171, 48
5276, 114, 170, 56
5277, 126, 163, 37
5278, 101, 133, 32
5279, 88, 119, 31
5280, 90, 125, 35
5281, 96, 137, 41
5282, 107, 148, 41
5283, 98, 148, 50
5284, 112, 170, 58
5285, 108, 167, 59
5286, 131, 211, 80
5287, 154, 240, 86
5288, 138, 229, 91
5289, 145, 247, 102
5290, 153, 254, 101
5291, 152, 272, 120
5292, 165, 284, 119
5293, 158, 291, 133
5294, 194, 305, 111
5295, 156, 244, 88
5296, 146, 213, 67
5297, 123, 172, 49
5298, 103, 137, 34
5299, 83, 108, 25
5300, 100, 117, 17
5301, 79, 94, 15
5302, 83, 100, 17
5303, 85, 107, 22
5304, 93, 122, 29
5305, 88, 110, 22
5306, 98, 126, 28
5307, 84, 111, 27
5308, 84, 106, 22
5309, 78, 86, 8
5310, 66, 68, 2
5311, 71, 72, 1
5312, 66, 68, 2
5313, 55, 56, 1
5314, 65, 65, 0
5315, 70, 70, 0
5316, 77, 79, 2
5317, 59, 59, 0
5318, 72, 76, 4
5319, 66, 72, 6
5320, 81, 90, 9
5321, 63, 75, 12
5322, 79, 93, 14
5323, 81, 97, 16
5324, 70, 81, 11
5325, 64, 78, 14
5326, 86, 97, 11
5327, 86, 101, 15
5328, 90, 109, 19
5329, 101, 124, 23
5330, 85, 104, 19
5331, 91, 114, 23
5332, 85, 115, 30
5333, 87, 118, 31
5334, 87, 120, 33
5335, 93, 125, 32
5336, 90, 121, 31
5337, 78, 121, 43
5338, 110, 162, 52
5339, 110, 165, 55
5340, 112, 182, 70
5341, 146, 229, 83
5342, 153, 217, 64
5343, 115, 153, 38
5344, 82, 115, 33
5345, 96, 119, 23
5346, 88, 107, 19
5347, 77, 98, 21
5348, 82, 108, 26
5349, 79, 106, 27
5350, 97, 129, 32
5351, 102, 141, 39
5352, 107, 157, 50
5353, 105, 167, 62
5354, 119, 189, 70
5355, 125, 187, 62
5356, 134, 205, 71
5357, 137, 211, 74
5358, 125, 207, 82
5359, 146, 246, 100
5360, 154, 254, 100
5361, 166, 275, 109
5362, 163, 287, 124
5363, 171, 280, 109
5364, 158, 267, 109
5365, 156, 270, 114
5366, 163, 265, 102
5367, 157, 250, 93
5368, 149, 239, 90
5369, 142, 227, 85
5370, 146, 239, 93
5371, 154, 242, 88
5372, 136, 218, 82
5373, 144, 224, 80
5374, 137, 211, 74
5375, 124, 193, 69
5376, 134, 218, 84
5377, 143, 239, 96
5378, 139, 226, 87
5379, 145, 229, 84
5380, 131, 201, 70
5381, 116, 181, 65
5382, 124, 191, 67
5383, 119, 183, 64
5384, 123, 180, 57
5385, 118, 168, 50
5386, 115, 160, 45
5387, 113, 148, 35
5388, 98, 136, 38
5389, 88, 120, 32
5390, 87, 122, 35
5391, 95, 130, 35
5392, 103, 133, 30
5393, 91, 121, 30
5394, 95, 132, 37
5395, 105, 144, 39
5396, 97, 117, 20
5397, 76, 81, 5
5398, 80, 84, 4
5399, 67, 67, 0
5400, 60, 60, 0
5401, 65, 65, 0
5402, 72, 73, 1
5403, 75, 82, 7
5404, 75, 79, 4
5405, 74, 75, 1
5406, 79, 79, 0
5407, 60, 64, 4
5408, 74, 74, 0
5409, 69, 69, 0
5410, 80, 80, 0
5411, 78, 78, 0
5412, 60, 62, 2
5413, 60, 62, 2
5414, 75, 76, 1
5415, 76, 76, 0
5416, 67, 67, 0
5417, 72, 72, 0
5418, 59, 59, 0
5419, 65, 65, 0
5420, 67, 67, 0
5421, 62, 62, 0
5422, 58, 58, 0
5423, 77, 78, 1
5424, 70, 70, 0
5425, 77, 80, 3
5426, 65, 65, 0
5427, 69, 69, 0
5428, 63, 66, 3
5429, 76, 76, 0
5430, 59, 59, 0
5431, 68, 68, 0
5432, 66, 66, 0
5433, 54, 54, 0
5434, 64, 64, 0
5435, 68, 70, 2
5436, 70, 70, 0
5437, 64, 64, 0
5438, 70, 70, 0
5439, 55, 55, 0
5440, 62, 62, 0
5441, 79, 82, 3
5442, 68, 68, 0
5443, 75, 78, 3
5444, 71, 71, 0
5445, 68, 69, 1
5446, 57, 57, 0
5447, 69, 73, 4
5448, 64, 73, 9
5449, 70, 80, 10
5450, 73, 86, 13
5451, 80, 100, 20
5452, 98, 124, 26
5453, 100, 130, 30
5454, 107, 149, 42
5455, 105, 139, 34
5456, 102, 133, 31
5457, 96, 116, 20
5458, 83, 104, 21
5459, 84, 103, 19
5460, 76, 91, 15
5461, 84, 97, 13
5462, 56, 71, 15
5463, 73, 93, 20
5464, 82, 103, 21
5465, 83, 107, 24
5466, 92, 106, 14
5467, 72, 78, 6
5468, 70, 71, 1
5469, 55, 55, 0
5470, 64, 71, 7
5471, 95, 111, 16
5472, 92, 114, 22
5473, 83, 97, 14
5474, 90, 116, 26
5475, 92, 125, 33
5476, 99, 147, 48
5477, 119, 186, 67
5478, 127, 188, 61
5479, 128, 177, 49
5480, 110, 164, 54
5481, 110, 174, 64
5482, 122, 196, 74
5483, 145, 239, 94
5484, 151, 241, 90
5485, 146, 247, 101
5486, 158, 245, 87
5487, 143, 219, 76
5488, 133, 217, 84
5489, 140, 219, 79
5490, 129, 204, 75
5491, 117, 210, 93
5492, 147, 243, 96
5493, 145, 243, 98
5494, 149, 234, 85
5495, 140, 223, 83
5496, 141, 216, 75
5497, 126, 196, 70
5498, 151, 232, 81
5499, 137, 186, 49
5500, 108, 138, 30
5501, 87, 94, 7
5502, 59, 59, 0
5503, 70, 75, 5
5504, 87, 93, 6
5505, 73, 73, 0
5506, 76, 79, 3
5507, 80, 84, 4
5508, 71, 71, 0
5509, 56, 56, 0
5510, 67, 69, 2
5511, 58, 58, 0
5512, 80, 80, 0
5513, 68, 70, 2
5514, 72, 77, 5
5515, 82, 89, 7
5516, 71, 80, 9
5517, 72, 85, 13
5518, 66, 73, 7
5519, 63, 67, 4
5520, 79, 84, 5
5521, 75, 81, 6
5522, 90, 96, 6
5523, 62, 65, 3
5524, 69, 69, 0
5525, 69, 69, 0
5526, 65, 65, 0
5527, 63, 66, 3
5528, 63, 63, 0
5529, 59, 59, 0
5530, 61, 61, 0
5531, 84, 98, 14
5532, 96, 123, 27
5533, 93, 133, 40
5534, 95, 145, 50
5535, 116, 181, 65
5536, 116, 170, 54
5537, 113, 149, 36
5538, 100, 141, 41
5539, 91, 133, 42
5540, 99, 134, 35
5541, 93, 132, 39
5542, 96, 145, 49
5543, 114, 180, 66
5544, 126, 195, 69
5545, 123, 203, 80
5546, 132, 217, 85
5547, 142, 240, 98
5548, 157, 257, 100
5549, 156, 261, 105
5550, 166, 280, 114
5551, 156, 269, 113
5552, 172, 295, 123
5553, 177, 293, 116
5554, 169, 294, 125
5555, 168, 291, 123
5556, 169, 282, 113
5557, 160, 266, 106
5558, 154, 241, 87
5559, 137, 197, 60
5560, 118, 161, 43
5561, 104, 132, 28
5562, 89, 106, 17
5563, 83, 101, 18
5564, 76, 86, 10
5565, 65, 67, 2
5566, 65, 66, 1
5567, 64, 67, 3
5568, 63, 63, 0
5569, 73, 76, 3
5570, 73, 74, 1
5571, 59, 59, 0
5572, 68, 69, 1
5573, 61, 61, 0
5574, 61, 62, 1
5575, 66, 69, 3
5576, 82, 87, 5
5577, 83, 85, 2
5578, 86, 86, 0
5579, 61, 61, 0
5580, 70, 72, 2
5581, 71, 71, 0
5582, 66, 67, 1
5583, 63, 64, 1
5584, 65, 69, 4
5585, 56, 57, 1
5586, 78, 78, 0
5587, 61, 61, 0
5588, 63, 64, 1
5589, 82, 83, 1
5590, 56, 57, 1
5591, 53, 55, 2
5592, 58, 58, 0
5593, 74, 78, 4
5594, 81, 84, 3
5595, 63, 67, 4
5596, 71, 75, 4
5597, 66, 66, 0
5598, 62, 62, 0
5599, 69, 69, 0
5600, 61, 61, 0
5601, 75, 76, 1
5602, 71, 71, 0
5603, 70, 70, 0
5604, 65, 65, 0
5605, 64, 64, 0
5606, 70, 77, 7
5607, 74, 85, 11
5608, 57, 67, 10
5609, 77, 86, 9
5610, 68, 74, 6
5611, 62, 70, 8
5612, 91, 92, 1
5613, 66, 66, 0
5614, 58, 58, 0
5615, 78, 82, 4
5616, 64, 67, 3
5617, 58, 58, 0
5618, 66, 66, 0
5619, 66, 66, 0
5620, 71, 71, 0
5621, 61, 61, 0
5622, 56, 56, 0
5623, 72, 72, 0
5624, 64, 64, 0
5625, 65, 72, 7
5626, 68, 74, 6
5627, 61, 68, 7
5628, 64, 71, 7
5629, 78, 87, 9
5630, 90, 99, 9
5631, 68, 79, 11
5632, 64, 76, 12
5633, 71, 85, 14
5634, 72, 84, 12
5635, 89, 100, 11
5636, 84, 98, 14
5637, 87, 103, 16
5638, 76, 92, 16
5639, 79, 109, 30
5640, 98, 128, 30
5641, 84, 123, 39
5642, 96, 141, 45
5643, 111, 167, 56
5644, 126, 195, 69
5645, 139, 217, 78
5646, 128, 196, 68
5647, 130, 195, 65
5648, 120, 180, 60
5649, 118, 194, 76
5650, 144, 215, 71
5651, 122, 191, 69
5652, 131, 197, 66
5653, 121, 183, 62
5654, 124, 183, 59
5655, 115, 173, 58
5656, 112, 155, 43
5657, 112, 151, 39
5658, 103, 130, 27
5659, 101, 134, 33
5660, 104, 138, 34
5661, 115, 148, 33
5662, 90, 106, 16
5663, 76, 84, 8
5664, 73, 76, 3
5665, 67, 68, 1
5666, 71, 72, 1
5667, 60, 60, 0
5668, 59, 59, 0
5669, 63, 63, 0
5670, 55, 55, 0
5671, 77, 79, 2
5672, 75, 77, 2
5673, 77, 77, 0
5674, 61, 63, 2
5675, 75, 78, 3
5676, 73, 75, 2
5677, 67, 67, 0
5678, 68, 70, 2
5679, 58, 58, 0
5680, 65, 65, 0
5681, 65, 65, 0
5682, 62, 62, 0
5683, 55, 55, 0
5684, 68, 69, 1
5685, 72, 73, 1
5686, 67, 67, 0
5687, 65, 67, 2
5688, 85, 86, 1
5689, 77, 78, 1
5690, 76, 79, 3
5691, 61, 61, 0
5692, 61, 64, 3
5693, 69, 69, 0
5694, 56, 57, 1
5695, 62, 65, 3
5696, 61, 61, 0
5697, 83, 85, 2
5698, 70, 71, 1
5699, 75, 77, 2
5700, 69, 75, 6
5701, 73, 80, 7
5702, 62, 70, 8
5703, 74, 78, 4
5704, 73, 76, 3
5705, 80, 81, 1
5706, 61, 61, 0
5707, 62, 62, 0
5708, 57, 57, 0
5709, 66, 66, 0
5710, 56, 56, 0
5711, 74, 74, 0
5712, 63, 64, 1
5713, 66, 66, 0
5714, 65, 65, 0
5715, 67, 67, 0
5716, 81, 86, 5
5717, 70, 70, 0
5718, 58, 58, 0
5719, 69, 77, 8
5720, 88, 95, 7
5721, 69, 70, 1
5722, 77, 85, 8
5723, 87, 101, 14
5724, 79, 95, 16
5725, 94, 113, 19
5726, 80, 101, 21
5727, 79, 102, 23
5728, 81, 105, 24
5729, 83, 104, 21
5730, 79, 106, 27
5731, 86, 110, 24
5732, 86, 113, 27
5733, 84, 115, 31
5734, 100, 133, 33
5735, 98, 130, 32
5736, 99, 130, 31
5737, 96, 120, 24
5738, 74, 96, 22
5739, 93, 112, 19
5740, 93, 110, 17
5741, 63, 75, 12
5742, 70, 79, 9
5743, 81, 87, 6
5744, 85, 87, 2
5745, 61, 61, 0
5746, 80, 85, 5
5747, 84, 86, 2
5748, 69, 75, 6
5749, 81, 89, 8
5750, 78, 83, 5
5751, 67, 67, 0
5752, 69, 71, 2
5753, 52, 52, 0
5754, 64, 64, 0
5755, 63, 63, 0
5756, 71, 71, 0
5757, 61, 61, 0
5758, 64, 64, 0
5759, 82, 92, 10
5760, 75, 91, 16
5761, 74, 87, 13
5762, 71, 82, 11
5763, 77, 84, 7
5764, 63, 65, 2
5765, 68, 68, 0
5766, 75, 75, 0
5767, 71, 72, 1
5768, 75, 75, 0
5769, 72, 73, 1
5770, 69, 69, 0
5771, 53, 53, 0
5772, 69, 69, 0
5773, 56, 56, 0
5774, 75, 84, 9
5775, 78, 89, 11
5776, 93, 110, 17
5777, 71, 83, 12
5778, 87, 95, 8
5779, 70, 79, 9
5780, 71, 81, 10
5781, 82, 100, 18
5782, 78, 94, 16
5783, 79, 91, 12
5784, 89, 107, 18
5785, 81, 103, 22
5786, 80, 99, 19
5787, 93, 116, 23
5788, 91, 115, 24
5789, 79, 98, 19
5790, 73, 89, 16
5791, 85, 99, 14
5792, 82, 90, 8
5793, 82, 82, 0
5794, 68, 72, 4
5795, 75, 78, 3
5796, 63, 63, 0
5797, 64, 64, 0
5798, 65, 66, 1
5799, 74, 74, 0
5800, 67, 67, 0
5801, 62, 62, 0
5802, 60, 60, 0
5803, 55, 55, 0
5804, 71, 73, 2
5805, 82, 84, 2
5806, 62, 62, 0
5807, 59, 59, 0
5808, 85, 88, 3
5809, 66, 66, 0
5810, 58, 59, 1
5811, 55, 55, 0
5812, 66, 74, 8
5813, 71, 85, 14
5814, 92, 111, 19
5815, 76, 91, 15
5816, 72, 88, 16
5817, 82, 97, 15
5818, 79, 88, 9
5819, 74, 83, 9
5820, 55, 64, 9
5821, 80, 96, 16
5822, 77, 80, 3
5823, 69, 69, 0
5824, 71, 72, 1
5825, 78, 83, 5
5826, 70, 72, 2
5827, 65, 65, 0
5828, 40, 40, 0
5829, 65, 73, 8
5830, 77, 102, 25
5831, 100, 126, 26
5832, 94, 124, 30
5833, 99, 138, 39
5834, 110, 156, 46
5835, 115, 167, 52
5836, 115, 174, 59
5837, 106, 178, 72
5838, 124, 205, 81
5839, 140, 225, 85
5840, 151, 234, 83
5841, 155, 239, 84
5842, 153, 258, 105
5843, 146, 249, 103
5844, 148, 222, 74
5845, 140, 213, 73
5846, 129, 199, 70
5847, 128, 197, 69
5848, 111, 184, 73
5849, 126, 181, 55
5850, 109, 163, 54
5851, 113, 181, 68
5852, 131, 204, 73
5853, 124, 176, 52
5854, 127, 179, 52
5855, 110, 167, 57
5856, 123, 174, 51
5857, 112, 162, 50
5858, 106, 169, 63
5859, 131, 194, 63
5860, 126, 175, 49
5861, 121, 163, 42
5862, 108, 153, 45
5863, 112, 151, 39
5864, 102, 150, 48
5865, 99, 140, 41
5866, 100, 132, 32
5867, 92, 133, 41
5868, 116, 164, 48
5869, 108, 150, 42
5870, 103, 148, 45
5871, 106, 162, 56
5872, 123, 185, 62
5873, 107, 162, 55
5874, 98, 148, 50
5875, 114, 148, 34
5876, 97, 122, 25
5877, 77, 90, 13
5878, 86, 105, 19
5879, 75, 90, 15
5880, 75, 102, 27
5881, 83, 114, 31
5882, 87, 116, 29
5883, 100, 134, 34
5884, 109, 142, 33
5885, 104, 135, 31
5886, 96, 126, 30
5887, 91, 117, 26
5888, 89, 111, 22
5889, 83, 103, 20
5890, 78, 99, 21
5891, 81, 110, 29
5892, 81, 112, 31
5893, 94, 126, 32
5894, 89, 124, 35
5895, 112, 151, 39
5896, 104, 144, 40
5897, 100, 142, 42
5898, 114, 174, 60
5899, 115, 181, 66
5900, 120, 181, 61
5901, 130, 190, 60
5902, 128, 203, 75
5903, 122, 195, 73
5904, 141, 224, 83
5905, 145, 226, 81
5906, 152, 240, 88
5907, 145, 233, 88
5908, 142, 217, 75
5909, 111, 168, 57
5910, 115, 162, 47
5911, 111, 161, 50
5912, 121, 168, 47
5913, 103, 140, 37
5914, 99, 124, 25
5915, 84, 111, 27
5916, 84, 114, 30
5917, 97, 131, 34
5918, 100, 132, 32
5919, 109, 145, 36
5920, 105, 136, 31
5921, 90, 114, 24
5922, 79, 97, 18
5923, 71, 88, 17
5924, 72, 84, 12
5925, 70, 80, 10
5926, 85, 99, 14
5927, 73, 92, 19
5928, 85, 108, 23
5929, 80, 110, 30
5930, 99, 137, 38
5931, 105, 148, 43
5932, 100, 138, 38
5933, 91, 128, 37
5934, 104, 155, 51
5935, 101, 154, 53
5936, 108, 180, 72
5937, 134, 217, 83
5938, 150, 230, 80
5939, 138, 225, 87
5940, 145, 249, 104
5941, 157, 262, 105
5942, 170, 282, 112
5943, 177, 306, 129
5944, 186, 302, 116
5945, 149, 254, 105
5946, 160, 267, 107
5947, 163, 270, 107
5948, 166, 265, 99
5949, 154, 243, 89
5950, 135, 207, 72
5951, 125, 190, 65
5952, 121, 182, 61
5953, 111, 175, 64
5954, 112, 160, 48
5955, 99, 141, 42
5956, 107, 148, 41
5957, 104, 158, 54
5958, 104, 161, 57
5959, 112, 169, 57
5960, 121, 177, 56
5961, 113, 167, 54
5962, 112, 178, 66
5963, 140, 206, 66
5964, 135, 205, 70
5965, 123, 187, 64
5966, 112, 162, 50
5967, 115, 168, 53
5968, 112, 164, 52
5969, 118, 178, 60
5970, 124, 187, 63
5971, 130, 190, 60
5972, 127, 185, 58
5973, 119, 179, 60
5974, 125, 197, 72
5975, 142, 215, 73
5976, 142, 231, 89
5977, 150, 242, 92
5978, 141, 213, 72
5979, 138, 196, 58
5980, 114, 171, 57
5981, 103, 146, 43
5982, 85, 124, 39
5983, 102, 146, 44
5984, 111, 172, 61
5985, 131, 191, 60
5986, 117, 174, 57
5987, 113, 167, 54
5988, 127, 195, 68
5989, 125, 202, 77
5990, 139, 190, 51
5991, 100, 158, 58
5992, 122, 187, 65
5993, 123, 191, 68
5994, 123, 207, 84
5995, 144, 241, 97
5996, 158, 257, 99
5997, 161, 267, 106
5998, 162, 270, 108
5999, 171, 273, 102
6000, 158, 247, 89
6001, 136, 227, 91
6002, 134, 225, 91
6003, 145, 238, 93
6004, 159, 215, 56
6005, 113, 146, 33
6006, 82, 117, 35
6007, 97, 129, 32
6008, 94, 131, 37
6009, 96, 145, 49
6010, 115, 175, 60
6011, 133, 197, 64
6012, 123, 192, 69
6013, 147, 218, 71
6014, 130, 200, 70
6015, 128, 195, 67
6016, 118, 174, 56
6017, 103, 157, 54
6018, 114, 184, 70
6019, 125, 193, 68
6020, 116, 174, 58
6021, 132, 189, 57
6022, 118, 186, 68
6023, 129, 221, 92
6024, 158, 264, 106
6025, 160, 266, 106
6026, 154, 255, 101
6027, 152, 231, 79
6028, 142, 208, 66
6029, 128, 189, 61
6030, 123, 178, 55
6031, 112, 151, 39
6032, 99, 141, 42
6033, 93, 132, 39
6034, 105, 147, 42
6035, 109, 156, 47
6036, 113, 165, 52
6037, 104, 160, 56
6038, 117, 166, 49
6039, 103, 155, 52
6040, 118, 175, 57
6041, 124, 155, 31
6042, 94, 117, 23
6043, 81, 98, 17
6044, 68, 91, 23
6045, 82, 108, 26
6046, 79, 95, 16
6047, 100, 119, 19
6048, 98, 119, 21
6049, 86, 111, 25
6050, 81, 99, 18
6051, 85, 98, 13
6052, 66, 77, 11
6053, 74, 76, 2
6054, 67, 70, 3
6055, 60, 60, 0
6056, 55, 55, 0
6057, 64, 65, 1
6058, 76, 76, 0
6059, 69, 69, 0
6060, 71, 71, 0
6061, 59, 59, 0
6062, 63, 63, 0
6063, 63, 63, 0
6064, 68, 68, 0
6065, 58, 59, 1
6066, 79, 87, 8
6067, 74, 77, 3
6068, 66, 67, 1
6069, 60, 62, 2
6070, 70, 77, 7
6071, 70, 70, 0
6072, 76, 78, 2
6073, 72, 73, 1
6074, 60, 62, 2
6075, 55, 55, 0
6076, 65, 66, 1
6077, 65, 66, 1
6078, 70, 71, 1
6079, 65, 65, 0
6080, 75, 78, 3
6081, 67, 67, 0
6082, 82, 82, 0
6083, 66, 66, 0
6084, 59, 60, 1
6085, 60, 63, 3
6086, 72, 76, 4
6087, 70, 70, 0
6088, 72, 77, 5
6089, 69, 73, 4
6090, 69, 70, 1
6091, 58, 58, 0
6092, 70, 70, 0
6093, 59, 59, 0
6094, 76, 80, 4
6095, 70, 71, 1
6096, 62, 65, 3
6097, 66, 68, 2
6098, 59, 59, 0
6099, 58, 58, 0
6100, 75, 77, 2
6101, 67, 67, 0
6102, 66, 66, 0
6103, 57, 57, 0
6104, 76, 85, 9
6105, 75, 85, 10
6106, 69, 74, 5
6107, 72, 77, 5
6108, 74, 76, 2
6109, 65, 66, 1
6110, 71, 73, 2
6111, 76, 86, 10
6112, 74, 92, 18
6113, 90, 110, 20
6114, 85, 101, 16
6115, 87, 112, 25
6116, 85, 115, 30
6117, 80, 108, 28
6118, 95, 121, 26
6119, 88, 116, 28
6120, 109, 146, 37
6121, 103, 161, 58
6122, 115, 175, 60
6123, 127, 193, 66
6124, 133, 206, 73
6125, 132, 216, 84
6126, 131, 203, 72
6127, 139, 216, 77
6128, 145, 240, 95
6129, 149, 263, 114
6130, 177, 285, 108
6131, 155, 239, 84
6132, 141, 200, 59
6133, 115, 173, 58
6134, 118, 183, 65
6135, 116, 185, 69
6136, 126, 208, 82
6137, 143, 229, 86
6138, 137, 240, 103
6139, 164, 287, 123
6140, 170, 307, 137
6141, 181, 302, 121
6142, 168, 269, 101
6143, 165, 253, 88
6144, 142, 199, 57
6145, 111, 155, 44
6146, 111, 147, 36
6147, 87, 117, 30
6148, 81, 108, 27
6149, 86, 105, 19
6150, 79, 88, 9
6151, 72, 76, 4
6152, 68, 79, 11
6153, 77, 87, 10
6154, 77, 84, 7
6155, 79, 80, 1
6156, 59, 59, 0
6157, 69, 69, 0
6158, 68, 73, 5
6159, 78, 82, 4
6160, 86, 93, 7
6161, 67, 72, 5
6162, 76, 76, 0
6163, 63, 63, 0
6164, 62, 63, 1
6165, 72, 76, 4
6166, 75, 77, 2
6167, 69, 70, 1
6168, 67, 72, 5
6169, 74, 78, 4
6170, 74, 80, 6
6171, 80, 99, 19
6172, 96, 122, 26
6173, 94, 121, 27
6174, 85, 97, 12
6175, 77, 86, 9
6176, 72, 82, 10
6177, 83, 98, 15
6178, 84, 97, 13
6179, 71, 77, 6
6180, 68, 68, 0
6181, 64, 65, 1
6182, 63, 63, 0
6183, 75, 77, 2
6184, 78, 78, 0
6185, 56, 56, 0
6186, 73, 74, 1
6187, 68, 83, 15
6188, 78, 90, 12
6189, 79, 83, 4
6190, 54, 59, 5
6191, 72, 82, 10
6192, 78, 96, 18
6193, 76, 90, 14
6194, 75, 85, 10
6195, 88, 97, 9
6196, 83, 86, 3
6197, 80, 81, 1
6198, 61, 61, 0
6199, 64, 64, 0
6200, 61, 61, 0
6201, 84, 100, 16
6202, 75, 94, 19
6203, 79, 91, 12
6204, 75, 80, 5
6205, 60, 62, 2
6206, 63, 65, 2
6207, 64, 64, 0
6208, 84, 90, 6
6209, 68, 76, 8
6210, 65, 69, 4
6211, 64, 64, 0
6212, 69, 74, 5
6213, 71, 72, 1
6214, 69, 69, 0
6215, 63, 63, 0
6216, 65, 65, 0
6217, 58, 62, 4
6218, 66, 67, 1
6219, 60, 60, 0
6220, 68, 70, 2
6221, 73, 73, 0
6222, 71, 71, 0
6223, 74, 74, 0
6224, 62, 65, 3
6225, 61, 61, 0
6226, 69, 70, 1
6227, 89, 96, 7
6228, 62, 77, 15
6229, 90, 109, 19
6230, 85, 110, 25
6231, 81, 106, 25
6232, 87, 111, 24
6233, 95, 124, 29
6234, 98, 126, 28
6235, 95, 129, 34
6236, 95, 143, 48
6237, 110, 175, 65
6238, 119, 182, 63
6239, 132, 202, 70
6240, 130, 207, 77
6241, 139, 213, 74
6242, 141, 223, 82
6243, 152, 241, 89
6244, 149, 233, 84
6245, 136, 226, 90
6246, 132, 202, 70
6247, 130, 185, 55
6248, 115, 160, 45
6249, 91, 127, 36
6250, 108, 154, 46
6251, 115, 170, 55
6252, 122, 181, 59
6253, 109, 178, 69
6254, 130, 204, 74
6255, 152, 232, 80
6256, 145, 224, 79
6257, 143, 218, 75
6258, 141, 205, 64
6259, 109, 173, 64
6260, 109, 174, 65
6261, 130, 204, 74
6262, 126, 195, 69
6263, 140, 216, 76
6264, 135, 210, 75
6265, 125, 209, 84
6266, 136, 224, 88
6267, 156, 265, 109
6268, 173, 280, 107
6269, 167, 284, 117
6270, 175, 294, 119
6271, 163, 269, 106
6272, 170, 257, 87
6273, 147, 231, 84
6274, 132, 214, 82
6275, 127, 205, 78
6276, 119, 183, 64
6277, 130, 211, 81
6278, 149, 238, 89
6279, 152, 253, 101
6280, 170, 265, 95
6281, 147, 225, 78
6282, 125, 201, 76
6283, 135, 225, 90
6284, 138, 237, 99
6285, 161, 246, 85
6286, 142, 199, 57
6287, 114, 160, 46
6288, 110, 160, 50
6289, 108, 161, 53
6290, 108, 150, 42
6291, 94, 141, 47
6292, 130, 186, 56
6293, 118, 177, 59
6294, 109, 165, 56
6295, 110, 179, 69
6296, 141, 222, 81
6297, 152, 249, 97
6298, 165, 286, 121
6299, 167, 284, 117
6300, 182, 296, 114
6301, 174, 266, 92
6302, 163, 245, 82
6303, 119, 166, 47
6304, 107, 157, 50
6305, 129, 189, 60
6306, 119, 180, 61
6307, 115, 173, 58
6308, 116, 169, 53
6309, 113, 168, 55
6310, 109, 167, 58
6311, 109, 161, 52
6312, 102, 160, 58
6313, 120, 192, 72
6314, 122, 188, 66
6315, 126, 196, 70
6316, 132, 205, 73
6317, 127, 201, 74
6318, 115, 199, 84
6319, 146, 250, 104
6320, 168, 275, 107
6321, 180, 318, 138
6322, 194, 345, 151
6323, 200, 336, 136
6324, 194, 296, 102
6325, 151, 214, 63
6326, 109, 155, 46
6327, 102, 131, 29
6328, 80, 96, 16
6329, 65, 77, 12
6330, 81, 89, 8
6331, 76, 78, 2
6332, 63, 63, 0
6333, 71, 72, 1
6334, 67, 67, 0
6335, 55, 55, 0
6336, 73, 73, 0
6337, 77, 80, 3
6338, 57, 59, 2
6339, 78, 81, 3
6340, 71, 76, 5
6341, 83, 88, 5
6342, 74, 77, 3
6343, 66, 68, 2
6344, 76, 76, 0
6345, 57, 57, 0
6346, 70, 72, 2
6347, 82, 87, 5
6348, 68, 88, 20
6349, 84, 106, 22
6350, 88, 102, 14
6351, 80, 90, 10
6352, 78, 88, 10
6353, 78, 90, 12
6354, 80, 96, 16
6355, 85, 102, 17
6356, 80, 95, 15
6357, 87, 106, 19
6358, 77, 94, 17
6359, 80, 98, 18
6360, 69, 92, 23
6361, 91, 114, 23
6362, 104, 135, 31
6363, 89, 113, 24
6364, 85, 108, 23
6365, 102, 125, 23
6366, 85, 106, 21
6367, 82, 110, 28
6368, 97, 135, 38
6369, 104, 137, 33
6370, 92, 123, 31
6371, 86, 115, 29
6372, 85, 104, 19
6373, 86, 99, 13
6374, 74, 89, 15
6375, 79, 88, 9
6376, 65, 68, 3
6377, 85, 90, 5
6378, 69, 77, 8
6379, 66, 70, 4
6380, 75, 77, 2
6381, 71, 75, 4
6382, 81, 85, 4
6383, 83, 84, 1
6384, 69, 69, 0
6385, 50, 50, 0
6386, 64, 64, 0
6387, 64, 64, 0
6388, 69, 69, 0
6389, 80, 80, 0
6390, 55, 55, 0
6391, 69, 76, 7
6392, 60, 67, 7
6393, 85, 88, 3
6394, 77, 79, 2
6395, 58, 59, 1
6396, 66, 73, 7
6397, 75, 81, 6
6398, 78, 84, 6
6399, 73, 76, 3
6400, 66, 69, 3
6401, 82, 88, 6
6402, 75, 81, 6
6403, 77, 89, 12
6404, 73, 83, 10
6405, 73, 82, 9
6406, 79, 94, 15
6407, 80, 95, 15
6408, 90, 106, 16
6409, 72, 88, 16
6410, 86, 104, 18
6411, 93, 123, 30
6412, 87, 115, 28
6413, 104, 149, 45
6414, 112, 147, 35
6415, 82, 106, 24
6416, 94, 125, 31
6417, 96, 130, 34
6418, 94, 126, 32
6419, 92, 125, 33
6420, 94, 129, 35
6421, 94, 134, 40
6422, 111, 150, 39
6423, 96, 132, 36
6424, 104, 137, 33
6425, 94, 111, 17
6426, 92, 110, 18
6427, 68, 83, 15
6428, 78, 88, 10
6429, 79, 89, 10
6430, 91, 97, 6
6431, 61, 70, 9
6432, 80, 92, 12
6433, 70, 84, 14
6434, 84, 89, 5
6435, 63, 63, 0
6436, 66, 69, 3
6437, 76, 76, 0
6438, 68, 68, 0
6439, 75, 76, 1
6440, 95, 97, 2
6441, 59, 59, 0
6442, 83, 84, 1
6443, 62, 65, 3
6444, 65, 69, 4
6445, 71, 75, 4
6446, 75, 76, 1
6447, 56, 58, 2
6448, 74, 79, 5
6449, 71, 73, 2
6450, 74, 75, 1
6451, 69, 69, 0
6452, 74, 74, 0
6453, 66, 67, 1
6454, 78, 78, 0
6455, 59, 59, 0
6456, 65, 67, 2
6457, 72, 72, 0
6458, 81, 87, 6
6459, 64, 72, 8
6460, 73, 85, 12
6461, 71, 78, 7
6462, 79, 79, 0
6463, 83, 93, 10
6464, 73, 84, 11
6465, 76, 90, 14
6466, 94, 111, 17
6467, 77, 99, 22
6468, 83, 106, 23
6469, 74, 99, 25
6470, 103, 128, 25
6471, 96, 124, 28
6472, 92, 112, 20
6473, 77, 96, 19
6474, 81, 102, 21
6475, 98, 133, 35
6476, 103, 147, 44
6477, 109, 175, 66
6478, 131, 205, 74
6479, 134, 221, 87
6480, 145, 249, 104
6481, 173, 303, 130
6482, 190, 300, 110
6483, 166, 254, 88
6484, 137, 224, 87
6485, 141, 216, 75
6486, 120, 195, 75
6487, 133, 210, 77
6488, 122, 200, 78
6489, 128, 212, 84
6490, 140, 214, 74
6491, 124, 189, 65
6492, 137, 193, 56
6493, 112, 169, 57
6494, 123, 185, 62
6495, 133, 188, 55
6496, 109, 150, 41
6497, 100, 135, 35
6498, 103, 136, 33
6499, 102, 136, 34
6500, 89, 126, 37
6501, 91, 123, 32
6502, 103, 147, 44
6503, 96, 138, 42
6504, 101, 150, 49
6505, 111, 152, 41
6506, 97, 123, 26
6507, 85, 113, 28
6508, 85, 115, 30
6509, 101, 149, 48
6510, 123, 182, 59
6511, 124, 184, 60
6512, 113, 182, 69
6513, 120, 189, 69
6514, 122, 202, 80
6515, 137, 236, 99
6516, 152, 259, 107
6517, 150, 261, 111
6518, 165, 291, 126
6519, 177, 304, 127
6520, 167, 277, 110
6521, 154, 278, 124
6522, 174, 294, 120
6523, 163, 294, 131
6524, 173, 307, 134
6525, 178, 294, 116
6526, 161, 258, 97
6527, 145, 253, 108
6528, 162, 255, 93
6529, 136, 211, 75
6530, 125, 210, 85
6531, 142, 239, 97
6532, 148, 244, 96
6533, 142, 227, 85
6534, 138, 219, 81
6535, 136, 190, 54
6536, 108, 148, 40
6537, 98, 120, 22
6538, 76, 91, 15
6539, 79, 96, 17
6540, 87, 104, 17
6541, 84, 103, 19
6542, 95, 121, 26
6543, 98, 120, 22
6544, 69, 79, 10
6545, 103, 115, 12
6546, 76, 87, 11
6547, 74, 80, 6
6548, 65, 68, 3
6549, 61, 61, 0
6550, 72, 80, 8
6551, 78, 91, 13
6552, 58, 65, 7
6553, 80, 86, 6
6554, 81, 85, 4
6555, 63, 63, 0
6556, 75, 75, 0
6557, 63, 63, 0
6558, 68, 68, 0
6559, 63, 63, 0
6560, 51, 51, 0
6561, 82, 83, 1
6562, 71, 71, 0
6563, 68, 69, 1
6564, 66, 66, 0
6565, 68, 72, 4
6566, 80, 83, 3
6567, 59, 60, 1
6568, 68, 71, 3
6569, 65, 67, 2
6570, 57, 57, 0
6571, 62, 62, 0
6572, 71, 71, 0
6573, 73, 73, 0
6574, 70, 73, 3
6575, 66, 69, 3
6576, 51, 51, 0
6577, 66, 66, 0
6578, 81, 84, 3
6579, 61, 62, 1
6580, 64, 64, 0
6581, 73, 73, 0
6582, 55, 55, 0
6583, 69, 69, 0
6584, 66, 66, 0
6585, 64, 65, 1
6586, 71, 80, 9
6587, 87, 109, 22
6588, 83, 105, 22
6589, 93, 127, 34
6590, 99, 138, 39
6591, 101, 152, 51
6592, 113, 173, 60
6593, 110, 176, 66
6594, 129, 201, 72
6595, 142, 219, 77
6596, 132, 222, 90
6597, 149, 248, 99
6598, 166, 268, 102
6599, 156, 269, 113
6600, 179, 303, 124
6601, 174, 289, 115
6602, 163, 277, 114
6603, 173, 292, 119
6604, 176, 285, 109
6605, 170, 278, 108
6606, 151, 237, 86
6607, 132, 213, 81
6608, 142, 225, 83
6609, 139, 223, 84
6610, 144, 243, 99
6611, 146, 229, 83
6612, 133, 191, 58
6613, 121, 166, 45
6614, 108, 143, 35
6615, 81, 100, 19
6616, 91, 108, 17
6617, 83, 100, 17
6618, 90, 110, 20
6619, 81, 104, 23
6620, 83, 101, 18
6621, 91, 111, 20
6622, 86, 115, 29
6623, 84, 117, 33
6624, 103, 140, 37
6625, 95, 130, 35
6626, 79, 115, 36
6627, 113, 160, 47
6628, 100, 153, 53
6629, 118, 148, 30
6630, 98, 124, 26
6631, 88, 105, 17
6632, 71, 81, 10
6633, 66, 78, 12
6634, 75, 87, 12
6635, 77, 82, 5
6636, 90, 91, 1
6637, 67, 67, 0
6638, 67, 67, 0
6639, 58, 59, 1
6640, 64, 66, 2
6641, 66, 68, 2
6642, 60, 64, 4
6643, 87, 100, 13
6644, 70, 72, 2
6645, 74, 74, 0
6646, 76, 82, 6
6647, 68, 68, 0
6648, 72, 86, 14
6649, 75, 96, 21
6650, 98, 123, 25
6651, 92, 111, 19
6652, 82, 107, 25
6653, 91, 125, 34
6654, 106, 147, 41
6655, 119, 162, 43
6656, 93, 116, 23
6657, 84, 92, 8
6658, 73, 78, 5
6659, 77, 77, 0
6660, 69, 71, 2
6661, 74, 80, 6
6662, 73, 87, 14
6663, 79, 101, 22
6664, 81, 107, 26
6665, 99, 127, 28
6666, 83, 118, 35
6667, 106, 149, 43
6668, 114, 174, 60
6669, 121, 187, 66
6670, 134, 218, 84
6671, 158, 246, 88
6672, 138, 214, 76
6673, 130, 215, 85
6674, 132, 223, 91
6675, 154, 268, 114
6676, 171, 297, 126
6677, 177, 308, 131
6678, 186, 326, 140
6679, 187, 339, 152
6680, 193, 347, 154
6681, 202, 353, 151
6682, 197, 338, 141
6683, 192, 327, 135
6684, 178, 271, 93
6685, 145, 208, 63
6686, 118, 165, 47
6687, 97, 141, 44
6688, 104, 137, 33
6689, 79, 108, 29
6690, 80, 108, 28
6691, 106, 124, 18
6692, 56, 73, 17
6693, 95, 107, 12
6694, 77, 90, 13
6695, 72, 90, 18
6696, 83, 107, 24
6697, 79, 112, 33
6698, 89, 123, 34
6699, 99, 127, 28
6700, 95, 118, 23
6701, 89, 120, 31
6702, 91, 126, 35
6703, 98, 135, 37
6704, 105, 139, 34
6705, 95, 135, 40
6706, 95, 138, 43
6707, 97, 134, 37
6708, 102, 144, 42
6709, 104, 147, 43
6710, 106, 146, 40
6711, 104, 148, 44
6712, 101, 136, 35
6713, 98, 140, 42
6714, 98, 137, 39
6715, 90, 135, 45
6716, 112, 158, 46
6717, 115, 180, 65
6718, 130, 207, 77
6719, 133, 225, 92
6720, 144, 201, 57
6721, 104, 147, 43
6722, 98, 157, 59
6723, 105, 159, 54
6724, 105, 166, 61
6725, 111, 176, 65
6726, 136, 215, 79
6727, 136, 211, 75
6728, 142, 222, 80
6729, 137, 203, 66
6730, 122, 193, 71
6731, 131, 207, 76
6732, 125, 203, 78
6733, 126, 201, 75
6734, 128, 209, 81
6735, 138, 224, 86
6736, 138, 226, 88
6737, 135, 222, 87
6738, 145, 226, 81
6739, 131, 187, 56
6740, 123, 156, 33
6741, 100, 137, 37
6742, 100, 145, 45
6743, 99, 138, 39
6744, 102, 145, 43
6745, 101, 143, 42
6746, 102, 139, 37
6747, 86, 115, 29
6748, 100, 135, 35
6749, 102, 151, 49
6750, 121, 168, 47
6751, 102, 148, 46
6752, 97, 148, 51
6753, 113, 184, 71
6754, 142, 224, 82
6755, 142, 231, 89
6756, 141, 237, 96
6757, 159, 254, 95
6758, 154, 264, 110
6759, 164, 279, 115
6760, 179, 312, 133
6761, 185, 313, 128
6762, 187, 329, 142
6763, 186, 317, 131
6764, 178, 285, 107
6765, 176, 272, 96
6766, 148, 240, 92
6767, 142, 231, 89
6768, 160, 248, 88
6769, 143, 224, 81
6770, 133, 211, 78
6771, 122, 192, 70
6772, 116, 185, 69
6773, 140, 212, 72
6774, 123, 190, 67
6775, 120, 172, 52
6776, 101, 142, 41
6777, 90, 126, 36
6778, 104, 149, 45
6779, 86, 121, 35
6780, 99, 127, 28
6781, 96, 105, 9
6782, 51, 51, 0
6783, 59, 59, 0
6784, 69, 69, 0
6785, 75, 79, 4
6786, 80, 81, 1
6787, 75, 79, 4
6788, 55, 56, 1
6789, 63, 65, 2
6790, 83, 86, 3
6791, 72, 73, 1
6792, 73, 85, 12
6793, 65, 76, 11
6794, 69, 79, 10
6795, 97, 114, 17
6796, 84, 105, 21
6797, 79, 98, 19
6798, 84, 105, 21
6799, 82, 96, 14
6800, 79, 89, 10
6801, 77, 82, 5
6802, 77, 85, 8
6803, 73, 80, 7
6804, 68, 78, 10
6805, 62, 70, 8
6806, 66, 72, 6
6807, 63, 65, 2
6808, 57, 57, 0
6809, 72, 75, 3
6810, 68, 68, 0
6811, 61, 68, 7
6812, 73, 81, 8
6813, 74, 77, 3
6814, 71, 74, 3
6815, 57, 58, 1
6816, 72, 75, 3
6817, 78, 80, 2
6818, 72, 78, 6
6819, 94, 113, 19
6820, 75, 95, 20
6821, 92, 106, 14
6822, 76, 90, 14
6823, 66, 79, 13
6824, 73, 88, 15
6825, 76, 85, 9
6826, 102, 112, 10
6827, 80, 92, 12
6828, 83, 91, 8
6829, 64, 70, 6
6830, 88, 91, 3
6831, 54, 54, 0
6832, 64, 67, 3
6833, 68, 72, 4
6834, 60, 67, 7
6835, 75, 85, 10
6836, 61, 68, 7
6837, 64, 74, 10
6838, 70, 78, 8
6839, 68, 71, 3
6840, 67, 69, 2
6841, 65, 65, 0
6842, 64, 69, 5
6843, 62, 69, 7
6844, 58, 62, 4
6845, 81, 83, 2
6846, 56, 56, 0
6847, 74, 74, 0
6848, 65, 65, 0
6849, 64, 64, 0
6850, 63, 64, 1
6851, 61, 61, 0
6852, 69, 70, 1
6853, 65, 68, 3
6854, 74, 75, 1
6855, 76, 76, 0
6856, 61, 61, 0
6857, 61, 61, 0
6858, 66, 72, 6
6859, 75, 80, 5
6860, 64, 65, 1
6861, 63, 63, 0
6862, 79, 79, 0
6863, 63, 63, 0
6864, 67, 68, 1
6865, 57, 57, 0
6866, 79, 79, 0
6867, 56, 56, 0
6868, 52, 52, 0
6869, 72, 75, 3
6870, 72, 72, 0
6871, 66, 68, 2
6872, 62, 64, 2
6873, 68, 68, 0
6874, 54, 54, 0
6875, 64, 64, 0
6876, 77, 77, 0
6877, 77, 79, 2
6878, 76, 76, 0
6879, 66, 70, 4
6880, 71, 76, 5
6881, 65, 69, 4
6882, 76, 76, 0
6883, 69, 74, 5
6884, 73, 74, 1
6885, 54, 54, 0
6886, 70, 73, 3
6887, 51, 51, 0
6888, 63, 63, 0
6889, 67, 67, 0
6890, 78, 79, 1
6891, 73, 73, 0
6892, 72, 72, 0
6893, 52, 52, 0
6894, 66, 66, 0
6895, 77, 77, 0
6896, 50, 50, 0
6897, 74, 74, 0
6898, 76, 80, 4
6899, 62, 63, 1
6900, 55, 55, 0
6901, 65, 66, 1
6902, 54, 54, 0
6903, 59, 60, 1
6904, 68, 68, 0
6905, 70, 80, 10
6906, 76, 92, 16
6907, 81, 95, 14
6908, 80, 90, 10
6909, 70, 83, 13
6910, 87, 100, 13
6911, 77, 95, 18
6912, 91, 113, 22
6913, 80, 100, 20
6914, 81, 103, 22
6915, 75, 94, 19
6916, 94, 115, 21
6917, 98, 114, 16
6918, 79, 93, 14
6919, 76, 78, 2
6920, 70, 70, 0
6921, 63, 66, 3
6922, 53, 54, 1
6923, 70, 74, 4
6924, 73, 83, 10
6925, 72, 78, 6
6926, 66, 66, 0
6927, 59, 59, 0
6928, 66, 66, 0
6929, 77, 77, 0
6930, 54, 54, 0
6931, 74, 74, 0
6932, 68, 71, 3
6933, 69, 69, 0
6934, 74, 74, 0
6935, 68, 68, 0
6936, 66, 66, 0
6937, 52, 52, 0
6938, 72, 75, 3
6939, 68, 69, 1
6940, 57, 57, 0
6941, 74, 87, 13
6942, 75, 86, 11
6943, 81, 92, 11
6944, 75, 86, 11
6945, 78, 91, 13
6946, 65, 81, 16
6947, 80, 98, 18
6948, 82, 107, 25
6949, 94, 119, 25
6950, 92, 127, 35
6951, 104, 150, 46
6952, 101, 147, 46
6953, 123, 177, 54
6954, 129, 192, 63
6955, 124, 193, 69
6956, 133, 220, 87
6957, 155, 256, 101
6958, 144, 249, 105
6959, 166, 270, 104
6960, 159, 248, 89
6961, 151, 249, 98
6962, 146, 240, 94
6963, 135, 211, 76
6964, 139, 225, 86
6965, 129, 206, 77
6966, 142, 209, 67
6967, 119, 157, 38
6968, 95, 111, 16
6969, 83, 89, 6
6970, 71, 76, 5
6971, 72, 75, 3
6972, 58, 58, 0
6973, 59, 68, 9
6974, 76, 91, 15
6975, 83, 98, 15
6976, 65, 77, 12
6977, 73, 92, 19
6978, 66, 81, 15
6979, 75, 83, 8
6980, 75, 87, 12
6981, 94, 131, 37
6982, 101, 142, 41
6983, 99, 136, 37
6984, 101, 152, 51
6985, 115, 173, 58
6986, 129, 193, 64
6987, 115, 185, 70
6988, 129, 201, 72
6989, 119, 185, 66
6990, 128, 214, 86
6991, 134, 226, 92
6992, 146, 241, 95
6993, 146, 237, 91
6994, 158, 260, 102
6995, 148, 252, 104
6996, 172, 278, 106
6997, 165, 281, 116
6998, 173, 282, 109
6999, 157, 265, 108
7000, 155, 244, 89
7001, 148, 202, 54
7002, 103, 159, 56
7003, 101, 153, 52
7004, 115, 155, 40
7005, 99, 138, 39
7006, 108, 140, 32
7007, 87, 109, 22
7008, 86, 107, 21
7009, 97, 116, 19
7010, 79, 101, 22
7011, 89, 122, 33
7012, 85, 122, 37
7013, 99, 130, 31
7014, 96, 128, 32
7015, 108, 145, 37
7016, 103, 135, 32
7017, 106, 146, 40
7018, 91, 134, 43
7019, 101, 141, 40
7020, 109, 149, 40
7021, 111, 154, 43
7022, 100, 151, 51
7023, 104, 164, 60
7024, 126, 193, 67
7025, 124, 197, 73
7026, 134, 206, 72
7027, 128, 201, 73
7028, 124, 199, 75
7029, 145, 234, 89
7030, 149, 235, 86
7031, 146, 238, 92
7032, 144, 236, 92
7033, 143, 245, 102
7034, 167, 260, 93
7035, 156, 241, 85
7036, 137, 218, 81
7037, 138, 191, 53
7038, 104, 136, 32
7039, 88, 113, 25
7040, 74, 94, 20
7041, 91, 108, 17
7042, 80, 88, 8
7043, 86, 87, 1
7044, 73, 77, 4
7045, 58, 60, 2
7046, 75, 80, 5
7047, 82, 88, 6
7048, 61, 61, 0
7049, 70, 71, 1
7050, 64, 64, 0
7051, 67, 76, 9
7052, 82, 103, 21
7053, 83, 99, 16
7054, 84, 103, 19
7055, 71, 96, 25
7056, 81, 119, 38
7057, 104, 147, 43
7058, 93, 135, 42
7059, 114, 181, 67
7060, 137, 217, 80
7061, 146, 235, 89
7062, 154, 228, 74
7063, 135, 214, 79
7064, 126, 195, 69
7065, 123, 204, 81
7066, 132, 202, 70
7067, 121, 191, 70
7068, 128, 190, 62
7069, 111, 157, 46
7070, 110, 141, 31
7071, 100, 125, 25
7072, 81, 110, 29
7073, 99, 128, 29
7074, 95, 137, 42
7075, 114, 153, 39
7076, 93, 139, 46
7077, 114, 163, 49
7078, 127, 186, 59
7079, 121, 189, 68
7080, 123, 175, 52
7081, 102, 149, 47
7082, 108, 159, 51
7083, 102, 146, 44
7084, 94, 133, 39
7085, 99, 142, 43
7086, 112, 149, 37
7087, 105, 145, 40
7088, 83, 118, 35
7089, 102, 122, 20
7090, 83, 89, 6
7091, 66, 71, 5
7092, 59, 63, 4
7093, 69, 70, 1
7094, 69, 72, 3
7095, 71, 71, 0
7096, 55, 55, 0
7097, 70, 71, 1
7098, 71, 71, 0
7099, 61, 61, 0
7100, 73, 73, 0
7101, 65, 65, 0
7102, 54, 54, 0
7103, 58, 58, 0
7104, 57, 57, 0
7105, 68, 68, 0
7106, 53, 53, 0
7107, 71, 72, 1
7108, 66, 70, 4
7109, 74, 81, 7
7110, 68, 71, 3
7111, 61, 61, 0
7112, 75, 76, 1
7113, 74, 74, 0
7114, 54, 54, 0
7115, 45, 45, 0
7116, 76, 79, 3
7117, 87, 96, 9
7118, 67, 70, 3
7119, 71, 74, 3
7120, 74, 75, 1
7121, 70, 71, 1
7122, 61, 64, 3
7123, 70, 70, 0
7124, 67, 71, 4
7125, 58, 61, 3
7126, 61, 66, 5
7127, 77, 84, 7
7128, 84, 97, 13
7129, 71, 86, 15
7130, 83, 103, 20
7131, 81, 99, 18
7132, 98, 124, 26
7133, 89, 126, 37
7134, 84, 127, 43
7135, 99, 143, 44
7136, 112, 160, 48
7137, 98, 156, 58
7138, 113, 184, 71
7139, 128, 214, 86
7140, 140, 232, 92
7141, 149, 251, 102
7142, 153, 270, 117
7143, 165, 280, 115
7144, 160, 255, 95
7145, 157, 259, 102
7146, 156, 264, 108
7147, 168, 287, 119
7148, 165, 258, 93
7149, 155, 226, 71
7150, 130, 177, 47
7151, 98, 125, 27
7152, 91, 105, 14
7153, 67, 73, 6
7154, 61, 67, 6
7155, 74, 83, 9
7156, 77, 83, 6
7157, 80, 87, 7
7158, 69, 82, 13
7159, 75, 88, 13
7160, 95, 112, 17
7161, 81, 91, 10
7162, 78, 85, 7
7163, 74, 74, 0
7164, 72, 72, 0
7165, 69, 69, 0
7166, 62, 63, 1
7167, 83, 83, 0
7168, 71, 71, 0
7169, 60, 61, 1
7170, 69, 70, 1
7171, 60, 60, 0
7172, 64, 65, 1
7173, 66, 68, 2
7174, 67, 68, 1
7175, 64, 65, 1
7176, 67, 67, 0
7177, 70, 71, 1
7178, 72, 76, 4
7179, 76, 79, 3
7180, 67, 69, 2
7181, 61, 66, 5
7182, 67, 72, 5
7183, 71, 72, 1
7184, 74, 76, 2
7185, 61, 63, 2
7186, 62, 68, 6
7187, 69, 78, 9
7188, 73, 83, 10
7189, 76, 94, 18
7190, 76, 95, 19
7191, 79, 94, 15
7192, 84, 104, 20
7193, 75, 98, 23
7194, 91, 115, 24
7195, 90, 122, 32
7196, 97, 126, 29
7197, 101, 133, 32
7198, 98, 144, 46
7199, 114, 171, 57
7200, 126, 195, 69
7201, 131, 205, 74
7202, 123, 185, 62
7203, 106, 154, 48
7204, 104, 147, 43
7205, 103, 152, 49
7206, 114, 169, 55
7207, 124, 188, 64
7208, 127, 179, 52
7209, 104, 150, 46
7210, 107, 168, 61
7211, 100, 175, 75
7212, 135, 214, 79
7213, 137, 225, 88
7214, 153, 250, 97
7215, 153, 219, 66
7216, 127, 199, 72
7217, 132, 211, 79
7218, 131, 198, 67
7219, 129, 205, 76
7220, 140, 217, 77
7221, 143, 206, 63
7222, 124, 169, 45
7223, 96, 118, 22
7224, 77, 91, 14
7225, 62, 66, 4
7226, 62, 62, 0
7227, 60, 60, 0
7228, 69, 69, 0
7229, 80, 87, 7
7230, 74, 84, 10
7231, 68, 74, 6
7232, 67, 67, 0
7233, 83, 92, 9
7234, 83, 96, 13
7235, 89, 99, 10
7236, 87, 88, 1
7237, 70, 71, 1
7238, 84, 85, 1
7239, 77, 83, 6
7240, 80, 86, 6
7241, 72, 73, 1
7242, 69, 70, 1
7243, 66, 66, 0
7244, 57, 57, 0
7245, 74, 74, 0
7246, 62, 62, 0
7247, 71, 71, 0
7248, 57, 57, 0
7249, 59, 59, 0
7250, 66, 66, 0
7251, 66, 66, 0
7252, 69, 69, 0
7253, 66, 66, 0
7254, 74, 74, 0
7255, 45, 45, 0
7256, 75, 75, 0
7257, 62, 62, 0
7258, 64, 64, 0
7259, 60, 61, 1
7260, 67, 67, 0
7261, 78, 81, 3
7262, 65, 65, 0
7263, 79, 81, 2
7264, 66, 66, 0
7265, 71, 72, 1
7266, 75, 75, 0
7267, 58, 58, 0
7268, 57, 57, 0
7269, 67, 69, 2
7270, 65, 65, 0
7271, 77, 77, 0
7272, 61, 64, 3
7273, 67, 69, 2
7274, 72, 74, 2
7275, 64, 64, 0
7276, 66, 74, 8
7277, 76, 83, 7
7278, 77, 80, 3
7279, 87, 87, 0
7280, 65, 66, 1
7281, 62, 62, 0
7282, 55, 55, 0
7283, 74, 85, 11
7284, 87, 112, 25
7285, 99, 127, 28
7286, 84, 112, 28
7287, 89, 119, 30
7288, 94, 119, 25
7289, 96, 121, 25
7290, 84, 108, 24
7291, 78, 103, 25
7292, 102, 130, 28
7293, 82, 110, 28
7294, 98, 133, 35
7295, 95, 123, 28
7296, 92, 121, 29
7297, 82, 108, 26
7298, 88, 109, 21
7299, 71, 98, 27
7300, 91, 122, 31
7301, 89, 118, 29
7302, 98, 138, 40
7303, 105, 150, 45
7304, 113, 163, 50
7305, 110, 161, 51
7306, 111, 173, 62
7307, 108, 177, 69
7308, 125, 210, 85
7309, 148, 249, 101
7310, 156, 260, 104
7311, 168, 278, 110
7312, 168, 290, 122
7313, 181, 313, 132
7314, 178, 293, 115
7315, 162, 274, 112
7316, 160, 267, 107
7317, 150, 259, 109
7318, 163, 242, 79
7319, 131, 198, 67
7320, 124, 169, 45
7321, 106, 127, 21
7322, 68, 77, 9
7323, 99, 109, 10
7324, 61, 67, 6
7325, 63, 64, 1
7326, 73, 78, 5
7327, 58, 58, 0
7328, 71, 71, 0
7329, 65, 67, 2
7330, 77, 77, 0
7331, 59, 61, 2
7332, 57, 57, 0
7333, 70, 70, 0
7334, 65, 66, 1
7335, 72, 72, 0
7336, 72, 73, 1
7337, 67, 67, 0
7338, 63, 64, 1
7339, 81, 87, 6
7340, 54, 61, 7
7341, 77, 79, 2
7342, 67, 67, 0
7343, 74, 76, 2
7344, 69, 70, 1
7345, 63, 64, 1
7346, 68, 68, 0
7347, 73, 77, 4
7348, 82, 88, 6
7349, 67, 73, 6
7350, 79, 79, 0
7351, 63, 63, 0
7352, 57, 57, 0
7353, 58, 59, 1
7354, 62, 62, 0
7355, 69, 69, 0
7356, 71, 73, 2
7357, 72, 72, 0
7358, 44, 44, 0
7359, 72, 73, 1
7360, 78, 80, 2
7361, 79, 80, 1
7362, 84, 90, 6
7363, 81, 87, 6
7364, 70, 71, 1
7365, 71, 71, 0
7366, 66, 66, 0
7367, 55, 55, 0
7368, 80, 83, 3
7369, 83, 83, 0
7370, 76, 80, 4
7371, 66, 68, 2
7372, 75, 82, 7
7373, 62, 67, 5
7374, 70, 75, 5
7375, 84, 87, 3
7376, 76, 80, 4
7377, 68, 68, 0
7378, 62, 62, 0
7379, 64, 64, 0
7380, 76, 78, 2
7381, 82, 87, 5
7382, 80, 86, 6
7383, 64, 64, 0
7384, 67, 67, 0
7385, 68, 68, 0
7386, 52, 54, 2
7387, 63, 65, 2
7388, 71, 74, 3
7389, 59, 59, 0
7390, 74, 74, 0
7391, 62, 66, 4
7392, 56, 57, 1
7393, 78, 79, 1
7394, 64, 64, 0
7395, 51, 51, 0
7396, 80, 81, 1
7397, 64, 64, 0
7398, 66, 69, 3
7399, 52, 52, 0
7400, 72, 73, 1
7401, 72, 73, 1
7402, 59, 63, 4
7403, 71, 71, 0
7404, 48, 48, 0
7405, 67, 68, 1
7406, 73, 84, 11
7407, 74, 87, 13
7408, 77, 84, 7
7409, 65, 68, 3
7410, 65, 65, 0
7411, 70, 71, 1
7412, 71, 74, 3
7413, 70, 71, 1
7414, 83, 84, 1
7415, 65, 70, 5
7416, 73, 75, 2
7417, 58, 58, 0
7418, 60, 63, 3
7419, 70, 74, 4
7420, 75, 75, 0
7421, 67, 70, 3
7422, 78, 84, 6
7423, 78, 78, 0
7424, 60, 60, 0
7425, 73, 76, 3
7426, 71, 74, 3
7427, 79, 86, 7
7428, 71, 82, 11
7429, 81, 104, 23
7430, 110, 143, 33
7431, 84, 102, 18
7432, 86, 99, 13
7433, 71, 79, 8
7434, 74, 83, 9
7435, 66, 73, 7
7436, 64, 71, 7
7437, 83, 90, 7
7438, 54, 55, 1
7439, 49, 49, 0
7440, 71, 72, 1
7441, 79, 85, 6
7442, 74, 84, 10
7443, 81, 82, 1
7444, 80, 84, 4
7445, 66, 68, 2
7446, 66, 66, 0
7447, 54, 59, 5
7448, 69, 72, 3
7449, 82, 87, 5
7450, 80, 91, 11
7451, 77, 80, 3
7452, 71, 75, 4
7453, 74, 74, 0
7454, 80, 80, 0
7455, 64, 64, 0
7456, 80, 82, 2
7457, 75, 75, 0
7458, 70, 72, 2
7459, 88, 103, 15
7460, 85, 101, 16
7461, 90, 100, 10
7462, 70, 77, 7
7463, 71, 71, 0
7464, 81, 90, 9
7465, 87, 102, 15
7466, 74, 88, 14
7467, 88, 102, 14
7468, 78, 88, 10
7469, 91, 96, 5
7470, 90, 101, 11
7471, 85, 101, 16
7472, 80, 103, 23
7473, 88, 103, 15
7474, 70, 82, 12
7475, 76, 87, 11
7476, 61, 71, 10
7477, 76, 92, 16
7478, 90, 110, 20
7479, 95, 123, 28
7480, 87, 110, 23
7481, 81, 105, 24
7482, 92, 116, 24
7483, 79, 105, 26
7484, 76, 106, 30
7485, 99, 129, 30
7486, 88, 120, 32
7487, 91, 127, 36
7488, 102, 131, 29
7489, 82, 105, 23
7490, 90, 111, 21
7491, 84, 110, 26
7492, 86, 118, 32
7493, 98, 126, 28
7494, 79, 102, 23
7495, 86, 113, 27
7496, 93, 119, 26
7497, 79, 112, 33
7498, 106, 146, 40
7499, 104, 141, 37
7500, 105, 144, 39
7501, 105, 138, 33
7502, 102, 134, 32
7503, 89, 124, 35
7504, 94, 137, 43
7505, 98, 133, 35
7506, 88, 126, 38
7507, 109, 143, 34
7508, 94, 126, 32
7509, 104, 142, 38
7510, 93, 125, 32
7511, 89, 115, 26
7512, 80, 93, 13
7513, 64, 70, 6
7514, 73, 86, 13
7515, 93, 103, 10
7516, 91, 100, 9
7517, 71, 74, 3
7518, 80, 83, 3
7519, 67, 71, 4
7520, 67, 78, 11
7521, 75, 90, 15
7522, 93, 105, 12
7523, 78, 90, 12
7524, 88, 103, 15
7525, 76, 80, 4
7526, 74, 82, 8
7527, 74, 79, 5
7528, 63, 68, 5
7529, 70, 71, 1
7530, 62, 62, 0
7531, 64, 70, 6
7532, 77, 80, 3
7533, 69, 69, 0
7534, 73, 73, 0
7535, 82, 87, 5
7536, 61, 61, 0
7537, 55, 56, 1
7538, 64, 65, 1
7539, 76, 76, 0
7540, 66, 66, 0
7541, 69, 71, 2
7542, 88, 97, 9
7543, 85, 94, 9
7544, 78, 89, 11
7545, 69, 75, 6
7546, 73, 74, 1
7547, 71, 71, 0
7548, 69, 73, 4
7549, 71, 75, 4
7550, 73, 84, 11
7551, 84, 97, 13
7552, 92, 106, 14
7553, 76, 94, 18
7554, 106, 129, 23
7555, 91, 120, 29
7556, 93, 131, 38
7557, 96, 150, 54
7558, 109, 170, 61
7559, 118, 167, 49
7560, 107, 152, 45
7561, 96, 143, 47
7562, 118, 170, 52
7563, 114, 156, 42
7564, 100, 147, 47
7565, 105, 159, 54
7566, 110, 170, 60
7567, 120, 168, 48
7568, 109, 155, 46
7569, 105, 152, 47
7570, 113, 172, 59
7571, 127, 191, 64
7572, 124, 182, 58
7573, 116, 175, 59
7574, 123, 181, 58
7575, 124, 188, 64
7576, 114, 170, 56
7577, 117, 186, 69
7578, 128, 191, 63
7579, 123, 163, 40
7580, 109, 136, 27
7581, 90, 116, 26
7582, 96, 124, 28
7583, 95, 120, 25
7584, 94, 115, 21
7585, 88, 104, 16
7586, 82, 99, 17
7587, 79, 88, 9
7588, 78, 90, 12
7589, 77, 87, 10
7590, 75, 85, 10
7591, 69, 77, 8
7592, 75, 80, 5
7593, 72, 76, 4
7594, 68, 68, 0
7595, 67, 68, 1
7596, 71, 73, 2
7597, 73, 73, 0
7598, 75, 77, 2
7599, 67, 75, 8
7600, 85, 90, 5
7601, 52, 52, 0
7602, 75, 81, 6
7603, 59, 61, 2
7604, 59, 61, 2
7605, 61, 61, 0
7606, 62, 62, 0
7607, 86, 86, 0
7608, 84, 86, 2
7609, 61, 62, 1
7610, 79, 83, 4
7611, 68, 82, 14
7612, 79, 96, 17
7613, 87, 106, 19
7614, 82, 108, 26
7615, 85, 113, 28
7616, 88, 110, 22
7617, 85, 101, 16
7618, 91, 103, 12
7619, 62, 69, 7
7620, 65, 74, 9
7621, 91, 107, 16
7622, 88, 105, 17
7623, 98, 120, 22
7624, 81, 103, 22
7625, 91, 112, 21
7626, 68, 84, 16
7627, 69, 81, 12
7628, 75, 87, 12
7629, 88, 103, 15
7630, 74, 92, 18
7631, 92, 119, 27
7632, 102, 145, 43
7633, 103, 153, 50
7634, 130, 194, 64
7635, 122, 195, 73
7636, 131, 220, 89
7637, 137, 232, 95
7638, 143, 240, 97
7639, 160, 262, 102
7640, 153, 268, 115
7641, 183, 309, 126
7642, 180, 297, 117
7643, 164, 256, 92
7644, 139, 215, 76
7645, 137, 210, 73
7646, 137, 203, 66
7647, 114, 168, 54
7648, 118, 169, 51
7649, 106, 152, 46
7650, 102, 124, 22
7651, 72, 82, 10
7652, 48, 55, 7
7653, 76, 85, 9
7654, 78, 87, 9
7655, 62, 62, 0
7656, 52, 52, 0
7657, 66, 66, 0
7658, 49, 49, 0
7659, 73, 73, 0
7660, 70, 72, 2
7661, 60, 70, 10
7662, 79, 98, 19
7663, 100, 115, 15
7664, 79, 91, 12
7665, 72, 83, 11
7666, 81, 93, 12
7667, 76, 79, 3
7668, 68, 71, 3
7669, 72, 72, 0
7670, 71, 71, 0
7671, 72, 74, 2
7672, 79, 79, 0
7673, 58, 58, 0
7674, 72, 75, 3
7675, 67, 70, 3
7676, 74, 74, 0
7677, 71, 78, 7
7678, 84, 104, 20
7679, 78, 101, 23
7680, 92, 121, 29
7681, 102, 131, 29
7682, 90, 120, 30
7683, 80, 107, 27
7684, 110, 141, 31
7685, 89, 121, 32
7686, 111, 163, 52
7687, 124, 174, 50
7688, 112, 152, 40
7689, 94, 127, 33
7690, 88, 113, 25
7691, 76, 89, 13
7692, 76, 90, 14
7693, 84, 103, 19
7694, 71, 94, 23
7695, 100, 122, 22
7696, 96, 130, 34
7697, 78, 115, 37
7698, 94, 123, 29
7699, 82, 111, 29
7700, 78, 119, 41
7701, 96, 138, 42
7702, 106, 150, 44
7703, 100, 151, 51
7704, 121, 161, 40
7705, 110, 144, 34
7706, 95, 113, 18
7707, 68, 79, 11
7708, 71, 82, 11
7709, 86, 102, 16
7710, 66, 77, 11
7711, 77, 90, 13
7712, 92, 109, 17
7713, 86, 108, 22
7714, 89, 113, 24
7715, 83, 111, 28
7716, 77, 109, 32
7717, 93, 130, 37
7718, 93, 136, 43
7719, 99, 145, 46
7720, 95, 153, 58
7721, 116, 177, 61
7722, 116, 160, 44
7723, 110, 153, 43
7724, 101, 142, 41
7725, 92, 136, 44
7726, 82, 120, 38
7727, 96, 142, 46
7728, 106, 161, 55
7729, 110, 177, 67
7730, 114, 178, 64
7731, 135, 212, 77
7732, 145, 242, 97
7733, 158, 251, 93
7734, 138, 219, 81
7735, 128, 219, 91
7736, 140, 246, 106
7737, 159, 266, 107
7738, 167, 279, 112
7739, 160, 253, 93
7740, 143, 234, 91
7741, 150, 212, 62
7742, 108, 142, 34
7743, 91, 105, 14
7744, 70, 78, 8
7745, 90, 99, 9
7746, 79, 90, 11
7747, 76, 90, 14
7748, 80, 99, 19
7749, 87, 110, 23
7750, 103, 140, 37
7751, 107, 147, 40
7752, 102, 144, 42
7753, 102, 151, 49
7754, 127, 183, 56
7755, 120, 182, 62
7756, 119, 182, 63
7757, 117, 187, 70
7758, 129, 197, 68
7759, 138, 223, 85
7760, 135, 219, 84
7761, 136, 226, 90
7762, 152, 234, 82
7763, 131, 214, 83
7764, 123, 223, 100
7765, 160, 267, 107
7766, 172, 290, 118
7767, 167, 283, 116
7768, 172, 292, 120
7769, 174, 273, 99
7770, 146, 236, 90
7771, 147, 213, 66
7772, 111, 172, 61
7773, 119, 164, 45
7774, 112, 145, 33
7775, 88, 108, 20
7776, 79, 96, 17
7777, 67, 84, 17
7778, 87, 104, 17
7779, 81, 103, 22
7780, 87, 118, 31
7781, 95, 118, 23
7782, 87, 101, 14
7783, 85, 109, 24
7784, 86, 115, 29
7785, 106, 133, 27
7786, 97, 119, 22
7787, 84, 108, 24
7788, 89, 124, 35
7789, 91, 130, 39
7790, 103, 134, 31
7791, 102, 138, 36
7792, 98, 130, 32
7793, 106, 138, 32
7794, 100, 124, 24
7795, 87, 110, 23
7796, 84, 107, 23
7797, 91, 106, 15
7798, 77, 80, 3
7799, 65, 66, 1
7800, 65, 65, 0
7801, 64, 66, 2
7802, 66, 66, 0
7803, 63, 63, 0
7804, 69, 71, 2
7805, 66, 67, 1
7806, 67, 70, 3
7807, 72, 72, 0
7808, 61, 61, 0
7809, 62, 62, 0
7810, 57, 57, 0
7811, 76, 77, 1
7812, 73, 76, 3
7813, 66, 66, 0
7814, 73, 73, 0
7815, 78, 78, 0
7816, 61, 61, 0
7817, 58, 58, 0
7818, 69, 69, 0
7819, 62, 62, 0
7820, 59, 59, 0
7821, 78, 79, 1
7822, 59, 59, 0
7823, 63, 63, 0
7824, 61, 61, 0
7825, 74, 74, 0
7826, 59, 64, 5
7827, 71, 85, 14
7828, 78, 93, 15
7829, 97, 118, 21
7830, 88, 114, 26
7831, 90, 119, 29
7832, 94, 117, 23
7833, 70, 85, 15
7834, 74, 95, 21
7835, 98, 125, 27
7836, 93, 113, 20
7837, 68, 90, 22
7838, 97, 120, 23
7839, 85, 116, 31
7840, 105, 143, 38
7841, 111, 164, 53
7842, 114, 177, 63
7843, 122, 177, 55
7844, 126, 180, 54
7845, 115, 156, 41
7846, 95, 128, 33
7847, 85, 112, 27
7848, 83, 108, 25
7849, 93, 122, 29
7850, 85, 116, 31
7851, 98, 133, 35
7852, 100, 151, 51
7853, 100, 145, 45
7854, 107, 157, 50
7855, 110, 163, 53
7856, 107, 165, 58
7857, 121, 165, 44
7858, 93, 125, 32
7859, 92, 116, 24
7860, 89, 114, 25
7861, 79, 93, 14
7862, 90, 106, 16
7863, 77, 100, 23
7864, 86, 111, 25
7865, 105, 133, 28
7866, 85, 104, 19
7867, 86, 107, 21
7868, 92, 113, 21
7869, 77, 92, 15
7870, 82, 86, 4
7871, 47, 47, 0
7872, 66, 68, 2
7873, 81, 86, 5
7874, 73, 78, 5
7875, 74, 75, 1
7876, 65, 66, 1
7877, 64, 65, 1
7878, 52, 52, 0
7879, 67, 67, 0
7880, 58, 58, 0
7881, 58, 60, 2
7882, 63, 63, 0
7883, 68, 72, 4
7884, 67, 73, 6
7885, 62, 64, 2
7886, 73, 75, 2
7887, 74, 74, 0
7888, 81, 85, 4
7889, 70, 73, 3
7890, 79, 82, 3
7891, 67, 69, 2
7892, 66, 68, 2
7893, 63, 63, 0
7894, 63, 67, 4
7895, 67, 67, 0
7896, 70, 79, 9
7897, 86, 98, 12
7898, 81, 92, 11
7899, 92, 101, 9
7900, 75, 86, 11
7901, 71, 82, 11
7902, 84, 101, 17
7903, 80, 94, 14
7904, 73, 82, 9
7905, 84, 94, 10
7906, 71, 77, 6
7907, 60, 67, 7
7908, 62, 64, 2
7909, 59, 59, 0
7910, 59, 67, 8
7911, 77, 89, 12
7912, 83, 102, 19
7913, 91, 116, 25
7914, 86, 109, 23
7915, 80, 91, 11
7916, 86, 96, 10
7917, 72, 80, 8
7918, 56, 59, 3
7919, 70, 70, 0
7920, 87, 95, 8
7921, 87, 93, 6
7922, 67, 84, 17
7923, 73, 90, 17
7924, 78, 97, 19
7925, 84, 115, 31
7926, 97, 138, 41
7927, 124, 172, 48
7928, 110, 171, 61
7929, 121, 191, 70
7930, 126, 212, 86
7931, 150, 236, 86
7932, 144, 225, 81
7933, 137, 233, 96
7934, 172, 280, 108
7935, 160, 260, 100
7936, 144, 248, 104
7937, 164, 283, 119
7938, 167, 300, 133
7939, 185, 328, 143
7940, 191, 351, 160
7941, 208, 359, 151
7942, 195, 344, 149
7943, 196, 333, 137
7944, 187, 321, 134
7945, 181, 307, 126
7946, 165, 290, 125
7947, 182, 312, 130
7948, 170, 283, 113
7949, 164, 266, 102
7950, 147, 247, 100
7951, 149, 252, 103
7952, 155, 255, 100
7953, 158, 259, 101
7954, 147, 247, 100
7955, 156, 232, 76
7956, 123, 159, 36
7957, 91, 122, 31
7958, 76, 103, 27
7959, 95, 115, 20
7960, 97, 113, 16
7961, 75, 84, 9
7962, 79, 83, 4
7963, 70, 70, 0
7964, 67, 68, 1
7965, 70, 70, 0
7966, 73, 76, 3
7967, 72, 75, 3
7968, 74, 76, 2
7969, 52, 52, 0
7970, 64, 64, 0
7971, 75, 75, 0
7972, 63, 63, 0
7973, 67, 67, 0
7974, 60, 61, 1
7975, 68, 68, 0
7976, 58, 58, 0
7977, 73, 73, 0
7978, 59, 60, 1
7979, 75, 76, 1
7980, 75, 81, 6
7981, 79, 94, 15
7982, 81, 83, 2
7983, 68, 68, 0
7984, 55, 58, 3
7985, 89, 91, 2
7986, 61, 61, 0
7987, 53, 53, 0
7988, 65, 68, 3
7989, 76, 76, 0
7990, 73, 73, 0
7991, 78, 79, 1
7992, 69, 74, 5
7993, 72, 74, 2
7994, 71, 71, 0
7995, 73, 73, 0
7996, 61, 61, 0
7997, 71, 71, 0
7998, 54, 54, 0
7999, 80, 83, 3
8000, 61, 63, 2
8001, 64, 68, 4
8002, 70, 73, 3
8003, 91, 93, 2
8004, 64, 68, 4
8005, 60, 60, 0
8006, 59, 60, 1
8007, 62, 70, 8
8008, 91, 103, 12
8009, 89, 102, 13
8010, 74, 91, 17
8011, 80, 96, 16
8012, 65, 77, 12
8013, 80, 85, 5
8014, 58, 58, 0
8015, 69, 69, 0
8016, 70, 73, 3
8017, 63, 64, 1
8018, 65, 65, 0
8019, 60, 60, 0
8020, 79, 79, 0
8021, 62, 65, 3
8022, 85, 87, 2
8023, 63, 72, 9
8024, 77, 96, 19
8025, 97, 129, 32
8026, 103, 129, 26
8027, 77, 99, 22
8028, 77, 105, 28
8029, 91, 123, 32
8030, 95, 127, 32
8031, 96, 122, 26
8032, 90, 114, 24
8033, 89, 114, 25
8034, 99, 130, 31
8035, 102, 154, 52
8036, 102, 152, 50
8037, 113, 161, 48
8038, 112, 154, 42
8039, 106, 153, 47
8040, 112, 159, 47
8041, 105, 139, 34
8042, 94, 123, 29
8043, 97, 131, 34
8044, 88, 124, 36
8045, 107, 152, 45
8046, 113, 152, 39
8047, 102, 142, 40
8048, 100, 142, 42
8049, 105, 149, 44
8050, 96, 150, 54
8051, 108, 169, 61
8052, 130, 198, 68
8053, 128, 200, 72
8054, 123, 197, 74
8055, 137, 203, 66
8056, 119, 185, 66
8057, 133, 211, 78
8058, 125, 199, 74
8059, 134, 218, 84
8060, 141, 231, 90
8061, 152, 230, 78
8062, 136, 217, 81
8063, 150, 236, 86
8064, 138, 229, 91
8065, 146, 250, 104
8066, 165, 257, 92
8067, 151, 244, 93
8068, 144, 216, 72
8069, 131, 187, 56
8070, 90, 134, 44
8071, 96, 127, 31
8072, 91, 113, 22
8073, 84, 100, 16
8074, 71, 87, 16
8075, 95, 119, 24
8076, 93, 118, 25
8077, 93, 118, 25
8078, 91, 114, 23
8079, 81, 111, 30
8080, 102, 134, 32
8081, 103, 133, 30
8082, 90, 113, 23
8083, 77, 101, 24
8084, 71, 100, 29
8085, 100, 118, 18
8086, 76, 90, 14
8087, 85, 105, 20
8088, 83, 97, 14
8089, 76, 87, 11
8090, 79, 95, 16
8091, 76, 97, 21
8092, 89, 112, 23
8093, 94, 117, 23
8094, 88, 105, 17
8095, 86, 101, 15
8096, 78, 97, 19
8097, 82, 94, 12
8098, 69, 87, 18
8099, 82, 118, 36
8100, 101, 146, 45
8101, 113, 174, 61
8102, 130, 183, 53
8103, 106, 138, 32
8104, 85, 109, 24
8105, 93, 127, 34
8106, 87, 112, 25
8107, 88, 108, 20
8108, 95, 117, 22
8109, 81, 104, 23
8110, 77, 91, 14
8111, 69, 77, 8
8112, 86, 106, 20
8113, 91, 100, 9
8114, 79, 84, 5
8115, 74, 80, 6
8116, 64, 70, 6
8117, 65, 71, 6
8118, 82, 89, 7
8119, 68, 76, 8
8120, 83, 92, 9
8121, 64, 72, 8
8122, 86, 90, 4
8123, 79, 79, 0
8124, 56, 56, 0
8125, 68, 68, 0
8126, 64, 64, 0
8127, 61, 61, 0
8128, 67, 67, 0
8129, 76, 83, 7
8130, 66, 71, 5
8131, 81, 85, 4
8132, 71, 71, 0
8133, 87, 102, 15
8134, 80, 100, 20
8135, 80, 96, 16
8136, 81, 99, 18
8137, 78, 103, 25
8138, 85, 110, 25
8139, 98, 125, 27
8140, 98, 126, 28
8141, 96, 134, 38
8142, 98, 135, 37
8143, 87, 118, 31
8144, 96, 125, 29
8145, 105, 136, 31
8146, 97, 126, 29
8147, 99, 139, 40
8148, 106, 146, 40
8149, 102, 131, 29
8150, 87, 111, 24
8151, 85, 101, 16
8152, 78, 84, 6
8153, 75, 83, 8
8154, 60, 68, 8
8155, 75, 80, 5
8156, 70, 79, 9
8157, 69, 82, 13
8158, 85, 106, 21
8159, 92, 112, 20
8160, 85, 116, 31
8161, 96, 123, 27
8162, 83, 112, 29
8163, 98, 134, 36
8164, 97, 138, 41
8165, 93, 132, 39
8166, 101, 157, 56
8167, 118, 182, 64
8168, 128, 190, 62
8169, 121, 168, 47
8170, 93, 119, 26
8171, 91, 122, 31
8172, 95, 119, 24
8173, 88, 98, 10
8174, 84, 92, 8
8175, 63, 76, 13
8176, 78, 87, 9
8177, 64, 68, 4
8178, 72, 77, 5
8179, 64, 73, 9
8180, 63, 71, 8
8181, 62, 69, 7
8182, 63, 72, 9
8183, 71, 75, 4
8184, 66, 66, 0
8185, 59, 59, 0
8186, 66, 68, 2
8187, 73, 74, 1
8188, 70, 71, 1
8189, 58, 58, 0
8190, 65, 65, 0
8191, 59, 61, 2
8192, 71, 71, 0
8193, 61, 61, 0
8194, 81, 85, 4
8195, 67, 74, 7
8196, 83, 93, 10
8197, 77, 86, 9
8198, 69, 73, 4
8199, 58, 60, 2
8200, 60, 64, 4
8201, 77, 81, 4
8202, 65, 72, 7
8203, 78, 86, 8
8204, 74, 74, 0
8205, 66, 66, 0
8206, 59, 59, 0
8207, 80, 84, 4
8208, 63, 65, 2
8209, 69, 72, 3
8210, 73, 75, 2
8211, 69, 70, 1
8212, 78, 79, 1
8213, 58, 58, 0
8214, 55, 55, 0
8215, 52, 52, 0
8216, 72, 72, 0
8217, 58, 58, 0
8218, 58, 58, 0
8219, 53, 56, 3
8220, 85, 87, 2
8221, 75, 77, 2
8222, 65, 65, 0
8223, 82, 85, 3
8224, 63, 70, 7
8225, 69, 81, 12
8226, 80, 87, 7
8227, 63, 68, 5
8228, 83, 91, 8
8229, 76, 86, 10
8230, 81, 85, 4
8231, 73, 73, 0
8232, 80, 81, 1
8233, 78, 83, 5
8234, 81, 89, 8
8235, 82, 92, 10
8236, 73, 82, 9
8237, 76, 86, 10
8238, 78, 92, 14
8239, 87, 110, 23
8240, 77, 97, 20
8241, 104, 139, 35
8242, 96, 138, 42
8243, 106, 147, 41
8244, 110, 152, 42
8245, 92, 133, 41
8246, 121, 164, 43
8247, 104, 151, 47
8248, 113, 139, 26
8249, 90, 110, 20
8250, 79, 85, 6
8251, 64, 71, 7
8252, 69, 76, 7
8253, 76, 82, 6
8254, 76, 77, 1
8255, 85, 87, 2
8256, 71, 74, 3
8257, 63, 63, 0
8258, 78, 78, 0
8259, 63, 64, 1
8260, 79, 79, 0
8261, 61, 61, 0
8262, 74, 74, 0
8263, 55, 55, 0
8264, 81, 81, 0
8265, 66, 66, 0
8266, 61, 62, 1
8267, 78, 78, 0
8268, 60, 60, 0
8269, 72, 74, 2
8270, 71, 71, 0
8271, 66, 66, 0
8272, 65, 65, 0
8273, 63, 63, 0
8274, 67, 67, 0
8275, 75, 80, 5
8276, 77, 81, 4
8277, 68, 68, 0
8278, 74, 83, 9
8279, 66, 72, 6
8280, 79, 84, 5
8281, 73, 79, 6
8282, 89, 102, 13
8283, 82, 91, 9
8284, 64, 74, 10
8285, 73, 80, 7
8286, 70, 81, 11
8287, 71, 79, 8
8288, 83, 91, 8
8289, 79, 89, 10
8290, 77, 94, 17
8291, 73, 88, 15
8292, 75, 89, 14
8293, 76, 89, 13
8294, 82, 97, 15
8295, 72, 81, 9
8296, 70, 74, 4
8297, 78, 78, 0
8298, 60, 61, 1
8299, 69, 73, 4
8300, 83, 85, 2
8301, 61, 64, 3
8302, 72, 74, 2
8303, 75, 77, 2
8304, 45, 46, 1
8305, 60, 60, 0
8306, 68, 70, 2
8307, 67, 71, 4
8308, 79, 82, 3
8309, 62, 64, 2
8310, 65, 65, 0
8311, 52, 54, 2
8312, 73, 73, 0
8313, 69, 69, 0
8314, 65, 66, 1
8315, 67, 67, 0
8316, 79, 79, 0
8317, 76, 76, 0
8318, 71, 72, 1
8319, 77, 78, 1
8320, 62, 68, 6
8321, 71, 72, 1
8322, 75, 75, 0
8323, 83, 85, 2
8324, 80, 81, 1
8325, 79, 87, 8
8326, 73, 78, 5
8327, 75, 77, 2
8328, 70, 72, 2
8329, 69, 70, 1
8330, 51, 51, 0
8331, 77, 77, 0
8332, 71, 82, 11
8333, 84, 93, 9
8334, 77, 80, 3
8335, 84, 85, 1
8336, 68, 69, 1
8337, 63, 64, 1
8338, 71, 71, 0
8339, 70, 76, 6
8340, 73, 76, 3
8341, 66, 71, 5
8342, 69, 74, 5
8343, 79, 88, 9
8344, 73, 83, 10
8345, 78, 86, 8
8346, 86, 92, 6
8347, 67, 72, 5
8348, 77, 86, 9
8349, 76, 80, 4
8350, 78, 78, 0
8351, 68, 70, 2
8352, 53, 53, 0
8353, 67, 78, 11
8354, 90, 108, 18
8355, 94, 123, 29
8356, 72, 96, 24
8357, 82, 97, 15
8358, 94, 111, 17
8359, 84, 108, 24
8360, 92, 126, 34
8361, 95, 126, 31
8362, 110, 136, 26
8363, 87, 113, 26
8364, 93, 123, 30
8365, 93, 117, 24
8366, 91, 116, 25
8367, 84, 109, 25
8368, 79, 107, 28
8369, 87, 123, 36
8370, 101, 144, 43
8371, 97, 129, 32
8372, 82, 97, 15
8373, 69, 78, 9
8374, 91, 96, 5
8375, 69, 69, 0
8376, 57, 57, 0
8377, 60, 60, 0
8378, 62, 62, 0
8379, 61, 62, 1
8380, 59, 59, 0
8381, 60, 60, 0
8382, 67, 72, 5
8383, 66, 73, 7
8384, 72, 77, 5
8385, 66, 68, 2
8386, 48, 49, 1
8387, 58, 58, 0
8388, 59, 59, 0
8389, 59, 59, 0
8390, 69, 69, 0
8391, 79, 79, 0
8392, 64, 64, 0
8393, 67, 70, 3
8394, 64, 66, 2
8395, 58, 58, 0
8396, 61, 63, 2
8397, 67, 67, 0
8398, 81, 83, 2
8399, 72, 72, 0
8400, 59, 59, 0
8401, 73, 74, 1
8402, 60, 60, 0
8403, 59, 59, 0
8404, 73, 73, 0
8405, 55, 55, 0
8406, 51, 53, 2
8407, 66, 68, 2
8408, 53, 53, 0
8409, 83, 84, 1
8410, 57, 57, 0
8411, 54, 54, 0
8412, 51, 51, 0
8413, 58, 58, 0
8414, 82, 87, 5
8415, 66, 66, 0
8416, 87, 87, 0
8417, 67, 67, 0
8418, 62, 62, 0
8419, 68, 68, 0
8420, 57, 57, 0
8421, 68, 68, 0
8422, 66, 66, 0
8423, 67, 68, 1
8424, 85, 88, 3
8425, 59, 62, 3
8426, 73, 73, 0
8427, 69, 69, 0
8428, 70, 71, 1
8429, 67, 67, 0
8430, 63, 66, 3
8431, 64, 64, 0
8432, 63, 63, 0
8433, 71, 73, 2
8434, 56, 56, 0
8435, 70, 71, 1
8436, 68, 68, 0
8437, 80, 82, 2
8438, 69, 69, 0
8439, 62, 62, 0
8440, 66, 66, 0
8441, 72, 72, 0
8442, 65, 70, 5
8443, 74, 78, 4
8444, 67, 74, 7
8445, 74, 79, 5
8446, 84, 87, 3
8447, 57, 63, 6
8448, 74, 86, 12
8449, 82, 90, 8
8450, 71, 83, 12
8451, 82, 98, 16
8452, 72, 90, 18
8453, 86, 117, 31
8454, 106, 142, 36
8455, 99, 130, 31
8456, 92, 118, 26
8457, 98, 127, 29
8458, 91, 123, 32
8459, 97, 125, 28
8460, 88, 113, 25
8461, 83, 96, 13
8462, 73, 88, 15
8463, 81, 103, 22
8464, 90, 103, 13
8465, 97, 134, 37
8466, 102, 140, 38
8467, 89, 129, 40
8468, 93, 132, 39
8469, 106, 158, 52
8470, 111, 172, 61
8471, 128, 190, 62
8472, 118, 184, 66
8473, 124, 201, 77
8474, 127, 210, 83
8475, 151, 244, 93
8476, 144, 239, 95
8477, 156, 257, 101
8478, 162, 280, 118
8479, 177, 284, 107
8480, 159, 252, 93
8481, 137, 225, 88
8482, 136, 213, 77
8483, 122, 196, 74
8484, 126, 206, 80
8485, 143, 226, 83
8486, 141, 229, 88
8487, 145, 222, 77
8488, 122, 203, 81
8489, 135, 209, 74
8490, 117, 176, 59
8491, 112, 177, 65
8492, 115, 168, 53
8493, 104, 141, 37
8494, 96, 124, 28
8495, 96, 130, 34
8496, 97, 130, 33
8497, 88, 117, 29
8498, 101, 131, 30
8499, 97, 133, 36
8500, 103, 139, 36
8501, 110, 150, 40
8502, 106, 147, 41
8503, 93, 128, 35
8504, 102, 145, 43
8505, 108, 155, 47
8506, 118, 177, 59
8507, 120, 187, 67
8508, 128, 190, 62
8509, 112, 184, 72
8510, 144, 211, 67
8511, 125, 184, 59
8512, 127, 185, 58
8513, 115, 186, 71
8514, 117, 175, 58
8515, 133, 196, 63
8516, 110, 159, 49
8517, 128, 158, 30
8518, 89, 105, 16
8519, 69, 85, 16
8520, 83, 101, 18
8521, 103, 132, 29
8522, 94, 129, 35
8523, 111, 155, 44
8524, 100, 155, 55
8525, 118, 172, 54
8526, 101, 153, 52
8527, 113, 167, 54
8528, 113, 170, 57
8529, 127, 193, 66
8530, 127, 194, 67
8531, 126, 197, 71
8532, 127, 206, 79
8533, 149, 230, 81
8534, 132, 216, 84
8535, 149, 240, 91
8536, 144, 233, 89
8537, 141, 234, 93
8538, 145, 233, 88
8539, 159, 243, 84
8540, 138, 214, 76
8541, 145, 233, 88
8542, 140, 222, 82
8543, 149, 219, 70
8544, 127, 183, 56
8545, 112, 155, 43
8546, 89, 120, 31
8547, 85, 105, 20
8548, 80, 94, 14
8549, 83, 90, 7
8550, 61, 62, 1
8551, 65, 65, 0
8552, 66, 75, 9
8553, 65, 76, 11
8554, 81, 87, 6
8555, 70, 72, 2
8556, 75, 75, 0
8557, 75, 78, 3
8558, 67, 67, 0
8559, 75, 80, 5
8560, 72, 73, 1
8561, 61, 61, 0
8562, 53, 53, 0
8563, 77, 78, 1
8564, 78, 81, 3
8565, 64, 64, 0
8566, 71, 72, 1
8567, 81, 85, 4
8568, 64, 64, 0
8569, 70, 71, 1
8570, 63, 63, 0
8571, 63, 69, 6
8572, 60, 67, 7
8573, 79, 80, 1
8574, 66, 67, 1
8575, 62, 62, 0
8576, 75, 82, 7
8577, 83, 93, 10
8578, 74, 75, 1
8579, 64, 64, 0
8580, 72, 74, 2
8581, 86, 101, 15
8582, 91, 93, 2
8583, 66, 66, 0
8584, 71, 71, 0
8585, 56, 61, 5
8586, 71, 74, 3
8587, 68, 68, 0
8588, 74, 78, 4
8589, 63, 64, 1
8590, 59, 59, 0
8591, 70, 70, 0
8592, 70, 70, 0
8593, 68, 70, 2
8594, 68, 71, 3
8595, 62, 62, 0
8596, 77, 86, 9
8597, 76, 79, 3
8598, 81, 82, 1
8599, 70, 72, 2
8600, 61, 61, 0
8601, 67, 67, 0
8602, 77, 81, 4
8603, 72, 78, 6
8604, 67, 77, 10
8605, 85, 106, 21
8606, 84, 105, 21
8607, 87, 112, 25
8608, 88, 118, 30
8609, 90, 122, 32
8610, 102, 137, 35
8611, 104, 147, 43
8612, 110, 156, 46
8613, 95, 150, 55
8614, 125, 177, 52
8615, 122, 166, 44
8616, 108, 155, 47
8617, 111, 167, 56
8618, 108, 155, 47
8619, 109, 153, 44
8620, 97, 139, 42
8621, 106, 147, 41
8622, 104, 139, 35
8623, 99, 115, 16
8624, 75, 92, 17
8625, 80, 100, 20
8626, 87, 103, 16
8627, 81, 103, 22
8628, 90, 110, 20
8629, 86, 110, 24
8630, 91, 118, 27
8631, 94, 130, 36
8632, 99, 138, 39
8633, 95, 147, 52
8634, 113, 169, 56
8635, 110, 172, 62
8636, 126, 178, 52
8637, 123, 167, 44
8638, 111, 156, 45
8639, 102, 149, 47
8640, 109, 164, 55
8641, 123, 180, 57
8642, 111, 169, 58
8643, 123, 198, 75
8644, 126, 199, 73
8645, 121, 180, 59
8646, 125, 181, 56
8647, 109, 166, 57
8648, 110, 176, 66
8649, 125, 192, 67
8650, 128, 201, 73
8651, 145, 222, 77
8652, 147, 234, 87
8653, 145, 229, 84
8654, 145, 228, 83
8655, 143, 243, 100
8656, 153, 262, 109
8657, 160, 275, 115
8658, 175, 297, 122
8659, 190, 290, 100
8660, 153, 254, 101
8661, 148, 238, 90
8662, 151, 216, 65
8663, 131, 181, 50
8664, 101, 146, 45
8665, 100, 138, 38
8666, 93, 114, 21
8667, 74, 100, 26
8668, 83, 99, 16
8669, 75, 93, 18
8670, 81, 104, 23
8671, 79, 98, 19
8672, 80, 103, 23
8673, 78, 98, 20
8674, 87, 98, 11
8675, 66, 82, 16
8676, 77, 86, 9
8677, 81, 86, 5
8678, 80, 85, 5
8679, 58, 59, 1
8680, 69, 71, 2
8681, 70, 70, 0
8682, 86, 87, 1
8683, 63, 63, 0
8684, 67, 68, 1
8685, 69, 75, 6
8686, 85, 98, 13
8687, 70, 76, 6
8688, 82, 90, 8
8689, 77, 87, 10
8690, 81, 89, 8
8691, 90, 102, 12
8692, 76, 85, 9
8693, 90, 103, 13
8694, 79, 98, 19
8695, 85, 118, 33
8696, 95, 125, 30
8697, 82, 114, 32
8698, 96, 130, 34
8699, 102, 132, 30
8700, 101, 131, 30
8701, 93, 123, 30
8702, 91, 126, 35
8703, 82, 126, 44
8704, 98, 143, 45
8705, 96, 154, 58
8706, 115, 177, 62
8707, 140, 217, 77
8708, 130, 199, 69
8709, 129, 201, 72
8710, 127, 192, 65
8711, 128, 187, 59
8712, 128, 194, 66
8713, 124, 185, 61
8714, 114, 177, 63
8715, 118, 188, 70
8716, 129, 204, 75
8717, 139, 231, 92
8718, 158, 249, 91
8719, 164, 276, 112
8720, 165, 290, 125
8721, 183, 294, 111
8722, 160, 262, 102
8723, 157, 232, 75
8724, 134, 187, 53
8725, 107, 156, 49
8726, 104, 138, 34
8727, 97, 111, 14
8728, 80, 88, 8
8729, 78, 78, 0
8730, 78, 79, 1
8731, 72, 72, 0
8732, 62, 62, 0
8733, 68, 68, 0
8734, 73, 77, 4
8735, 67, 67, 0
8736, 62, 62, 0
8737, 59, 59, 0
8738, 64, 65, 1
8739, 66, 66, 0
8740, 55, 55, 0
8741, 74, 82, 8
8742, 68, 79, 11
8743, 72, 75, 3
8744, 64, 65, 1
8745, 75, 79, 4
8746, 69, 69, 0
8747, 74, 77, 3
8748, 50, 50, 0
8749, 65, 66, 1
8750, 83, 90, 7
8751, 79, 80, 1
8752, 62, 63, 1
8753, 61, 61, 0
8754, 79, 79, 0
8755, 62, 62, 0
8756, 68, 68, 0
8757, 69, 69, 0
8758, 64, 64, 0
8759, 74, 74, 0
8760, 63, 66, 3
8761, 78, 79, 1
8762, 72, 75, 3
8763, 71, 78, 7
8764, 83, 90, 7
8765, 61, 62, 1
8766, 73, 73, 0
8767, 53, 53, 0
8768, 58, 58, 0
8769, 71, 71, 0
8770, 69, 71, 2
8771, 73, 73, 0
8772, 72, 72, 0
8773, 65, 65, 0
8774, 64, 64, 0
8775, 68, 69, 1
8776, 73, 75, 2
8777, 79, 83, 4
8778, 76, 88, 12
8779, 69, 79, 10
8780, 68, 71, 3
8781, 80, 81, 1
8782, 53, 53, 0
8783, 68, 70, 2
8784, 69, 74, 5
8785, 65, 66, 1
8786, 70, 70, 0
8787, 72, 74, 2
8788, 81, 83, 2
8789, 66, 67, 1
8790, 61, 61, 0
8791, 68, 68, 0
8792, 84, 85, 1
8793, 67, 76, 9
8794, 79, 88, 9
8795, 84, 90, 6
8796, 73, 76, 3
8797, 74, 74, 0
8798, 60, 60, 0
8799, 74, 76, 2
8800, 65, 65, 0
8801, 54, 54, 0
8802, 71, 76, 5
8803, 59, 59, 0
8804, 75, 77, 2
8805, 64, 64, 0
8806, 71, 80, 9
8807, 78, 88, 10
8808, 84, 110, 26
8809, 95, 122, 27
8810, 90, 110, 20
8811, 113, 139, 26
8812, 90, 127, 37
8813, 92, 133, 41
8814, 100, 145, 45
8815, 95, 149, 54
8816, 114, 182, 68
8817, 129, 195, 66
8818, 121, 194, 73
8819, 132, 208, 76
8820, 128, 209, 81
8821, 131, 205, 74
8822, 127, 208, 81
8823, 137, 227, 90
8824, 133, 220, 87
8825, 146, 233, 87
8826, 157, 251, 94
8827, 140, 223, 83
8828, 139, 226, 87
8829, 135, 233, 98
8830, 164, 286, 122
8831, 176, 300, 124
8832, 185, 295, 110
8833, 165, 260, 95
8834, 135, 217, 82
8835, 134, 198, 64
8836, 126, 164, 38
8837, 108, 127, 19
8838, 79, 83, 4
8839, 61, 61, 0
8840, 59, 59, 0
8841, 66, 77, 11
8842, 74, 84, 10
8843, 61, 70, 9
8844, 96, 110, 14
8845, 81, 94, 13
8846, 84, 91, 7
8847, 76, 78, 2
8848, 65, 65, 0
8849, 65, 66, 1
8850, 57, 57, 0
8851, 60, 60, 0
8852, 56, 56, 0
8853, 77, 81, 4
8854, 64, 68, 4
8855, 75, 75, 0
8856, 71, 71, 0
8857, 70, 79, 9
8858, 70, 77, 7
8859, 75, 82, 7
8860, 57, 60, 3
8861, 80, 83, 3
8862, 86, 93, 7
8863, 75, 82, 7
8864, 69, 71, 2
8865, 63, 63, 0
8866, 60, 60, 0
8867, 83, 85, 2
8868, 84, 86, 2
8869, 65, 70, 5
8870, 75, 81, 6
8871, 66, 66, 0
8872, 62, 62, 0
8873, 65, 68, 3
8874, 72, 75, 3
8875, 78, 78, 0
8876, 63, 63, 0
8877, 74, 74, 0
8878, 69, 73, 4
8879, 74, 79, 5
8880, 84, 85, 1
8881, 69, 69, 0
8882, 74, 74, 0
8883, 88, 89, 1
8884, 57, 57, 0
8885, 75, 75, 0
8886, 54, 54, 0
8887, 66, 66, 0
8888, 73, 78, 5
8889, 72, 79, 7
8890, 84, 96, 12
8891, 80, 91, 11
8892, 87, 97, 10
8893, 61, 71, 10
8894, 79, 84, 5
8895, 76, 82, 6
8896, 61, 63, 2
8897, 67, 69, 2
8898, 49, 51, 2
8899, 63, 68, 5
8900, 76, 86, 10
8901, 82, 86, 4
8902, 55, 55, 0
8903, 75, 76, 1
8904, 66, 66, 0
8905, 57, 63, 6
8906, 85, 90, 5
8907, 74, 75, 1
8908, 86, 86, 0
8909, 70, 70, 0
8910, 70, 74, 4
8911, 76, 76, 0
8912, 67, 68, 1
8913, 59, 59, 0
8914, 74, 74, 0
8915, 66, 67, 1
8916, 57, 57, 0
8917, 55, 55, 0
8918, 59, 59, 0
8919, 65, 65, 0
8920, 67, 67, 0
8921, 64, 64, 0
8922, 78, 83, 5
8923, 80, 87, 7
8924, 74, 75, 1
8925, 69, 69, 0
8926, 66, 66, 0
8927, 75, 78, 3
8928, 69, 69, 0
8929, 65, 65, 0
8930, 50, 51, 1
8931, 66, 66, 0
8932, 77, 80, 3
8933, 80, 82, 2
8934, 71, 73, 2
8935, 84, 85, 1
8936, 73, 73, 0
8937, 65, 65, 0
8938, 62, 62, 0
8939, 56, 56, 0
8940, 63, 63, 0
8941, 61, 64, 3
8942, 70, 70, 0
8943, 71, 72, 1
8944, 68, 72, 4
8945, 69, 70, 1
8946, 66, 68, 2
8947, 85, 88, 3
8948, 63, 63, 0
8949, 69, 81, 12
8950, 73, 90, 17
8951, 95, 117, 22
8952, 78, 92, 14
8953, 77, 94, 17
8954, 79, 92, 13
8955, 87, 100, 13
8956, 72, 85, 13
8957, 86, 103, 17
8958, 91, 114, 23
8959, 87, 117, 30
8960, 99, 127, 28
8961, 87, 114, 27
8962, 83, 122, 39
8963, 104, 154, 50
8964, 109, 175, 66
8965, 134, 219, 85
8966, 131, 220, 89
8967, 143, 253, 110
8968, 155, 255, 100
8969, 146, 259, 113
8970, 162, 293, 131
8971, 180, 304, 124
8972, 171, 272, 101
8973, 142, 240, 98
8974, 161, 237, 76
8975, 132, 191, 59
8976, 122, 178, 56
8977, 116, 171, 55
8978, 116, 163, 47
8979, 99, 134, 35
8980, 100, 130, 30
8981, 94, 122, 28
8982, 87, 120, 33
8983, 86, 123, 37
8984, 103, 138, 35
8985, 100, 144, 44
8986, 112, 164, 52
8987, 124, 189, 65
8988, 125, 179, 54
8989, 107, 152, 45
8990, 105, 161, 56
8991, 116, 163, 47
8992, 110, 156, 46
8993, 100, 137, 37
8994, 99, 132, 33
8995, 103, 143, 40
8996, 102, 139, 37
8997, 113, 157, 44
8998, 111, 157, 46
8999, 108, 152, 44
9000, 98, 131, 33
9001, 93, 121, 28
9002, 90, 119, 29
9003, 94, 122, 28
9004, 85, 100, 15
9005, 80, 85, 5
9006, 67, 68, 1
9007, 63, 63, 0
9008, 65, 66, 1
9009, 72, 77, 5
9010, 74, 83, 9
9011, 73, 79, 6
9012, 76, 82, 6
9013, 82, 87, 5
9014, 78, 85, 7
9015, 61, 63, 2
9016, 67, 67, 0
9017, 65, 65, 0
9018, 71, 74, 3
9019, 78, 86, 8
9020, 74, 76, 2
9021, 65, 65, 0
9022, 71, 72, 1
9023, 68, 68, 0
9024, 64, 66, 2
9025, 61, 62, 1
9026, 72, 72, 0
9027, 66, 66, 0
9028, 71, 71, 0
9029, 57, 57, 0
9030, 58, 58, 0
9031, 73, 73, 0
9032, 58, 58, 0
9033, 67, 72, 5
9034, 61, 63, 2
9035, 69, 69, 0
9036, 58, 58, 0
9037, 62, 62, 0
9038, 76, 77, 1
9039, 60, 60, 0
9040, 77, 77, 0
9041, 73, 73, 0
9042, 79, 79, 0
9043, 57, 57, 0
9044, 73, 75, 2
9045, 74, 78, 4
9046, 60, 60, 0
9047, 70, 70, 0
9048, 65, 65, 0
9049, 66, 67, 1
9050, 77, 77, 0
9051, 72, 75, 3
9052, 74, 80, 6
9053, 74, 74, 0
9054, 68, 68, 0
9055, 75, 80, 5
9056, 73, 81, 8
9057, 79, 83, 4
9058, 73, 73, 0
9059, 63, 63, 0
9060, 65, 65, 0
9061, 57, 59, 2
9062, 66, 66, 0
9063, 66, 71, 5
9064, 66, 66, 0
9065, 64, 64, 0
9066, 59, 61, 2
9067, 60, 60, 0
9068, 93, 98, 5
9069, 69, 72, 3
9070, 70, 78, 8
9071, 79, 104, 25
9072, 93, 121, 28
9073, 95, 133, 38
9074, 83, 123, 40
9075, 96, 141, 45
9076, 108, 147, 39
9077, 97, 131, 34
9078, 91, 125, 34
9079, 105, 155, 50
9080, 108, 164, 56
9081, 116, 178, 62
9082, 137, 209, 72
9083, 132, 204, 72
9084, 132, 215, 83
9085, 141, 233, 92
9086, 147, 257, 110
9087, 167, 293, 126
9088, 186, 314, 128
9089, 176, 277, 101
9090, 148, 233, 85
9091, 136, 221, 85
9092, 123, 205, 82
9093, 144, 230, 86
9094, 143, 236, 93
9095, 157, 252, 95
9096, 145, 211, 66
9097, 125, 164, 39
9098, 88, 116, 28
9099, 74, 94, 20
9100, 85, 104, 19
9101, 90, 116, 26
9102, 85, 110, 25
9103, 94, 112, 18
9104, 80, 89, 9
9105, 80, 90, 10
9106, 64, 73, 9
9107, 70, 76, 6
9108, 70, 70, 0
9109, 63, 63, 0
9110, 63, 64, 1
9111, 64, 64, 0
9112, 50, 50, 0
9113, 70, 70, 0
9114, 60, 61, 1
9115, 69, 69, 0
9116, 67, 67, 0
9117, 64, 64, 0
9118, 48, 49, 1
9119, 63, 63, 0
9120, 65, 67, 2
9121, 68, 70, 2
9122, 62, 65, 3
9123, 55, 55, 0
9124, 58, 58, 0
9125, 82, 99, 17
9126, 88, 100, 12
9127, 74, 89, 15
9128, 81, 94, 13
9129, 81, 95, 14
9130, 67, 79, 12
9131, 73, 84, 11
9132, 84, 98, 14
9133, 82, 90, 8
9134, 87, 103, 16
9135, 90, 108, 18
9136, 68, 85, 17
9137, 80, 97, 17
9138, 74, 88, 14
9139, 84, 91, 7
9140, 67, 74, 7
9141, 85, 94, 9
9142, 93, 105, 12
9143, 71, 71, 0
9144, 77, 77, 0
9145, 61, 62, 1
9146, 66, 66, 0
9147, 76, 78, 2
9148, 65, 66, 1
9149, 81, 82, 1
9150, 68, 69, 1
9151, 80, 90, 10
9152, 87, 98, 11
9153, 79, 83, 4
9154, 73, 74, 1
9155, 67, 69, 2
9156, 58, 58, 0
9157, 70, 70, 0
9158, 77, 85, 8
9159, 76, 89, 13
9160, 81, 100, 19
9161, 72, 93, 21
9162, 86, 98, 12
9163, 71, 77, 6
9164, 62, 62, 0
9165, 83, 86, 3
9166, 85, 88, 3
9167, 64, 72, 8
9168, 90, 100, 10
9169, 83, 89, 6
9170, 70, 70, 0
9171, 64, 65, 1
9172, 61, 61, 0
9173, 63, 64, 1
9174, 66, 66, 0
9175, 59, 59, 0
9176, 71, 83, 12
9177, 80, 95, 15
9178, 68, 74, 6
9179, 82, 84, 2
9180, 80, 83, 3
9181, 60, 60, 0
9182, 60, 60, 0
9183, 68, 69, 1
9184, 67, 67, 0
9185, 69, 71, 2
9186, 69, 76, 7
9187, 67, 68, 1
9188, 55, 55, 0
9189, 69, 72, 3
9190, 68, 68, 0
9191, 62, 64, 2
9192, 71, 71, 0
9193, 70, 70, 0
9194, 84, 90, 6
9195, 77, 78, 1
9196, 70, 70, 0
9197, 64, 64, 0
9198, 47, 47, 0
9199, 76, 77, 1
9200, 62, 62, 0
9201, 64, 70, 6
9202, 70, 72, 2
9203, 72, 73, 1
9204, 64, 64, 0
9205, 72, 72, 0
9206, 58, 59, 1
9207, 65, 70, 5
9208, 78, 80, 2
9209, 54, 54, 0
9210, 77, 77, 0
9211, 55, 57, 2
9212, 74, 80, 6
9213, 68, 70, 2
9214, 66, 72, 6
9215, 65, 75, 10
9216, 79, 86, 7
9217, 78, 88, 10
9218, 68, 74, 6
9219, 60, 61, 1
9220, 69, 70, 1
9221, 58, 58, 0
9222, 54, 54, 0
9223, 68, 68, 0
9224, 81, 82, 1
9225, 58, 58, 0
9226, 67, 67, 0
9227, 85, 89, 4
9228, 63, 63, 0
9229, 72, 75, 3
9230, 67, 70, 3
9231, 58, 58, 0
9232, 67, 72, 5
9233, 72, 75, 3
9234, 76, 78, 2
9235, 76, 76, 0
9236, 55, 55, 0
9237, 54, 54, 0
9238, 71, 72, 1
9239, 47, 47, 0
9240, 47, 47, 0
9241, 82, 97, 15
9242, 71, 88, 17
9243, 101, 123, 22
9244, 91, 114, 23
9245, 76, 90, 14
9246, 76, 91, 15
9247, 68, 80, 12
9248, 73, 85, 12
9249, 75, 89, 14
9250, 94, 111, 17
9251, 91, 105, 14
9252, 76, 95, 19
9253, 72, 91, 19
9254, 80, 106, 26
9255, 84, 111, 27
9256, 84, 109, 25
9257, 107, 133, 26
9258, 91, 116, 25
9259, 84, 116, 32
9260, 114, 158, 44
9261, 109, 158, 49
9262, 129, 187, 58
9263, 112, 177, 65
9264, 112, 179, 67
9265, 127, 195, 68
9266, 126, 181, 55
9267, 116, 168, 52
9268, 116, 155, 39
9269, 100, 129, 29
9270, 97, 133, 36
9271, 94, 119, 25
9272, 87, 96, 9
9273, 74, 81, 7
9274, 57, 57, 0
9275, 64, 65, 1
9276, 66, 67, 1
9277, 49, 49, 0
9278, 76, 81, 5
9279, 80, 88, 8
9280, 79, 86, 7
9281, 75, 87, 12
9282, 75, 88, 13
9283, 57, 64, 7
9284, 73, 80, 7
9285, 59, 61, 2
9286, 70, 78, 8
9287, 77, 84, 7
9288, 70, 74, 4
9289, 52, 52, 0
9290, 80, 84, 4
9291, 71, 71, 0
9292, 78, 78, 0
9293, 66, 66, 0
9294, 67, 67, 0
9295, 59, 59, 0
9296, 74, 83, 9
9297, 94, 105, 11
9298, 99, 103, 4
9299, 70, 78, 8
9300, 77, 93, 16
9301, 80, 91, 11
9302, 79, 82, 3
9303, 84, 86, 2
9304, 55, 55, 0
9305, 78, 86, 8
9306, 73, 80, 7
9307, 71, 79, 8
9308, 73, 84, 11
9309, 63, 68, 5
9310, 81, 82, 1
9311, 68, 73, 5
9312, 58, 66, 8
9313, 87, 101, 14
9314, 90, 106, 16
9315, 79, 89, 10
9316, 65, 71, 6
9317, 59, 65, 6
9318, 60, 62, 2
9319, 77, 79, 2
9320, 71, 71, 0
9321, 46, 46, 0
9322, 75, 75, 0
9323, 54, 59, 5
9324, 66, 67, 1
9325, 72, 72, 0
9326, 65, 66, 1
9327, 58, 62, 4
9328, 74, 81, 7
9329, 72, 73, 1
9330, 71, 71, 0
9331, 74, 74, 0
9332, 78, 79, 1
9333, 42, 42, 0
9334, 79, 84, 5
9335, 72, 74, 2
9336, 83, 83, 0
9337, 65, 65, 0
9338, 62, 62, 0
9339, 66, 66, 0
9340, 68, 70, 2
9341, 47, 47, 0
9342, 65, 65, 0
9343, 68, 69, 1
9344, 60, 60, 0
9345, 54, 54, 0
9346, 77, 80, 3
9347, 69, 69, 0
9348, 79, 79, 0
9349, 58, 58, 0
9350, 58, 62, 4
9351, 66, 66, 0
9352, 83, 89, 6
9353, 70, 77, 7
9354, 69, 85, 16
9355, 65, 79, 14
9356, 94, 101, 7
9357, 74, 80, 6
9358, 79, 83, 4
9359, 73, 73, 0
9360, 58, 58, 0
9361, 64, 64, 0
9362, 73, 84, 11
9363, 75, 93, 18
9364, 88, 103, 15
9365, 86, 99, 13
9366, 78, 91, 13
9367, 79, 101, 22
9368, 101, 122, 21
9369, 77, 90, 13
9370, 71, 86, 15
9371, 85, 111, 26
9372, 90, 119, 29
9373, 96, 123, 27
9374, 88, 114, 26
9375, 81, 110, 29
9376, 93, 114, 21
9377, 96, 117, 21
9378, 89, 106, 17
9379, 73, 82, 9
9380, 65, 66, 1
9381, 62, 62, 0
9382, 56, 56, 0
9383, 62, 62, 0
9384, 86, 93, 7
9385, 77, 83, 6
9386, 80, 86, 6
9387, 95, 100, 5
9388, 76, 79, 3
9389, 76, 76, 0
9390, 55, 55, 0
9391, 60, 61, 1
9392, 74, 74, 0
9393, 47, 47, 0
9394, 57, 57, 0
9395, 77, 77, 0
9396, 69, 69, 0
9397, 78, 81, 3
9398, 75, 78, 3
9399, 68, 68, 0
9400, 78, 79, 1
9401, 65, 66, 1
9402, 69, 69, 0
9403, 63, 67, 4
9404, 69, 74, 5
9405, 81, 85, 4
9406, 73, 85, 12
9407, 80, 86, 6
9408, 70, 70, 0
9409, 72, 72, 0
9410, 59, 59, 0
9411, 52, 52, 0
9412, 69, 69, 0
9413, 65, 65, 0
9414, 70, 72, 2
9415, 74, 74, 0
9416, 54, 54, 0
9417, 81, 83, 2
9418, 43, 43, 0
9419, 61, 64, 3
9420, 75, 78, 3
9421, 60, 60, 0
9422, 45, 45, 0
9423, 58, 59, 1
9424, 62, 62, 0
9425, 70, 73, 3
9426, 73, 78, 5
9427, 77, 80, 3
9428, 62, 63, 1
9429, 66, 67, 1
9430, 69, 69, 0
9431, 78, 80, 2
9432, 78, 79, 1
9433, 71, 73, 2
9434, 56, 62, 6
9435, 85, 95, 10
9436, 78, 92, 14
9437, 65, 69, 4
9438, 73, 74, 1
9439, 78, 78, 0
9440, 65, 67, 2
9441, 58, 60, 2
9442, 69, 69, 0
9443, 55, 55, 0
9444, 64, 64, 0
9445, 75, 77, 2
9446, 68, 69, 1
9447, 60, 60, 0
9448, 64, 64, 0
9449, 70, 70, 0
9450, 63, 67, 4
9451, 81, 89, 8
9452, 71, 73, 2
9453, 74, 75, 1
9454, 67, 69, 2
9455, 80, 80, 0
9456, 67, 67, 0
9457, 58, 63, 5
9458, 75, 90, 15
9459, 87, 97, 10
9460, 84, 90, 6
9461, 64, 67, 3
9462, 73, 76, 3
9463, 63, 64, 1
9464, 74, 74, 0
9465, 58, 58, 0
9466, 77, 80, 3
9467, 81, 81, 0
9468, 61, 63, 2
9469, 67, 82, 15
9470, 79, 96, 17
9471, 91, 97, 6
9472, 65, 68, 3
9473, 70, 70, 0
9474, 65, 67, 2
9475, 71, 72, 1
9476, 49, 49, 0
9477, 63, 63, 0
9478, 62, 64, 2
9479, 72, 72, 0
9480, 70, 72, 2
9481, 65, 65, 0
9482, 73, 73, 0
9483, 75, 75, 0
9484, 71, 71, 0
9485, 71, 73, 2
9486, 64, 64, 0
9487, 69, 69, 0
9488, 86, 90, 4
9489, 62, 62, 0
9490, 65, 65, 0
9491, 75, 75, 0
9492, 69, 69, 0
9493, 73, 77, 4
9494, 79, 79, 0
9495, 73, 76, 3
9496, 69, 73, 4
9497, 66, 74, 8
9498, 75, 78, 3
9499, 79, 80, 1
9500, 59, 59, 0
9501, 81, 83, 2
9502, 66, 66, 0
9503, 64, 64, 0
9504, 63, 63, 0
9505, 74, 74, 0
9506, 57, 57, 0
9507, 65, 65, 0
9508, 77, 81, 4
9509, 74, 75, 1
9510, 66, 71, 5
9511, 79, 79, 0
9512, 67, 69, 2
9513, 65, 69, 4
9514, 73, 76, 3
9515, 76, 78, 2
9516, 71, 73, 2
9517, 51, 51, 0
9518, 60, 61, 1
9519, 69, 71, 2
9520, 80, 80, 0
9521, 67, 67, 0
9522, 76, 76, 0
9523, 59, 60, 1
9524, 63, 64, 1
9525, 66, 66, 0
9526, 54, 54, 0
9527, 60, 60, 0
9528, 70, 70, 0
9529, 67, 67, 0
9530, 64, 75, 11
9531, 77, 101, 24
9532, 95, 116, 21
9533, 82, 92, 10
9534, 90, 102, 12
9535, 71, 80, 9
9536, 76, 92, 16
9537, 72, 93, 21
9538, 88, 106, 18
9539, 87, 105, 18
9540, 104, 123, 19
9541, 70, 90, 20
9542, 67, 89, 22
9543, 93, 128, 35
9544, 101, 145, 44
9545, 107, 161, 54
9546, 110, 152, 42
9547, 88, 122, 34
9548, 97, 135, 38
9549, 104, 147, 43
9550, 102, 152, 50
9551, 106, 150, 44
9552, 103, 151, 48
9553, 103, 150, 47
9554, 113, 167, 54
9555, 110, 164, 54
9556, 116, 194, 78
9557, 139, 230, 91
9558, 150, 232, 82
9559, 142, 199, 57
9560, 120, 172, 52
9561, 105, 161, 56
9562, 122, 169, 47
9563, 104, 156, 52
9564, 117, 181, 64
9565, 118, 183, 65
9566, 135, 193, 58
9567, 120, 162, 42
9568, 85, 112, 27
9569, 89, 117, 28
9570, 83, 107, 24
9571, 90, 110, 20
9572, 77, 99, 22
9573, 78, 100, 22
9574, 79, 102, 23
9575, 85, 116, 31
9576, 95, 130, 35
9577, 114, 152, 38
9578, 103, 149, 46
9579, 99, 149, 50
9580, 110, 163, 53
9581, 112, 175, 63
9582, 130, 209, 79
9583, 136, 210, 74
9584, 127, 199, 72
9585, 127, 215, 88
9586, 147, 245, 98
9587, 152, 266, 114
9588, 174, 308, 134
9589, 195, 321, 126
9590, 177, 290, 113
9591, 160, 268, 108
9592, 153, 238, 85
9593, 128, 193, 65
9594, 108, 151, 43
9595, 102, 134, 32
9596, 88, 115, 27
9597, 75, 90, 15
9598, 76, 87, 11
9599, 68, 69, 1
9600, 60, 60, 0
9601, 85, 89, 4
9602, 72, 72, 0
9603, 62, 65, 3
9604, 69, 71, 2
9605, 66, 68, 2
9606, 81, 81, 0
9607, 62, 62, 0
9608, 76, 78, 2
9609, 67, 67, 0
9610, 69, 69, 0
9611, 56, 56, 0
9612, 65, 66, 1
9613, 73, 73, 0
9614, 67, 69, 2
9615, 67, 72, 5
9616, 69, 73, 4
9617, 75, 79, 4
9618, 79, 79, 0
9619, 46, 46, 0
9620, 69, 74, 5
9621, 56, 63, 7
9622, 76, 85, 9
9623, 80, 84, 4
9624, 67, 73, 6
9625, 79, 87, 8
9626, 84, 88, 4
9627, 70, 70, 0
9628, 62, 62, 0
9629, 62, 62, 0
9630, 67, 67, 0
9631, 62, 62, 0
9632, 67, 72, 5
9633, 75, 84, 9
9634, 82, 86, 4
9635, 78, 80, 2
9636, 77, 80, 3
9637, 65, 65, 0
9638, 79, 79, 0
9639, 66, 66, 0
9640, 71, 74, 3
9641, 71, 74, 3
9642, 80, 80, 0
9643, 64, 68, 4
9644, 70, 75, 5
9645, 73, 73, 0
9646, 66, 66, 0
9647, 66, 68, 2
9648, 72, 74, 2
9649, 59, 60, 1
9650, 61, 61, 0
9651, 87, 87, 0
9652, 61, 61, 0
9653, 56, 56, 0
9654, 56, 56, 0
9655, 59, 59, 0
9656, 71, 71, 0
9657, 61, 61, 0
9658, 64, 64, 0
9659, 57, 57, 0
9660, 71, 71, 0
9661, 61, 69, 8
9662, 83, 94, 11
9663, 74, 80, 6
9664, 74, 74, 0
9665, 74, 76, 2
9666, 104, 121, 17
9667, 74, 93, 19
9668, 83, 97, 14
9669, 91, 102, 11
9670, 58, 58, 0
9671, 57, 57, 0
9672, 69, 71, 2
9673, 85, 91, 6
9674, 86, 94, 8
9675, 66, 73, 7
9676, 67, 68, 1
9677, 71, 71, 0
9678, 64, 73, 9
9679, 88, 103, 15
9680, 69, 74, 5
9681, 62, 62, 0
9682, 66, 66, 0
9683, 64, 64, 0
9684, 80, 99, 19
9685, 76, 103, 27
9686, 90, 120, 30
9687, 83, 120, 37
9688, 95, 138, 43
9689, 111, 153, 42
9690, 122, 189, 67
9691, 135, 207, 72
9692, 122, 200, 78
9693, 131, 227, 96
9694, 150, 257, 107
9695, 162, 275, 113
9696, 163, 278, 115
9697, 177, 300, 123
9698, 178, 288, 110
9699, 149, 233, 84
9700, 133, 208, 75
9701, 122, 190, 68
9702, 130, 210, 80
9703, 142, 230, 88
9704, 150, 217, 67
9705, 130, 192, 62
9706, 106, 163, 57
9707, 108, 152, 44
9708, 102, 136, 34
9709, 90, 123, 33
9710, 88, 127, 39
9711, 118, 161, 43
9712, 108, 146, 38
9713, 105, 139, 34
9714, 86, 121, 35
9715, 92, 127, 35
9716, 107, 146, 39
9717, 114, 159, 45
9718, 107, 152, 45
9719, 107, 152, 45
9720, 109, 156, 47
9721, 100, 154, 54
9722, 109, 163, 54
9723, 117, 181, 64
9724, 127, 206, 79
9725, 145, 233, 88
9726, 158, 243, 85
9727, 128, 208, 80
9728, 140, 221, 81
9729, 134, 211, 77
9730, 135, 213, 78
9731, 140, 226, 86
9732, 147, 222, 75
9733, 133, 214, 81
9734, 138, 226, 88
9735, 139, 235, 96
9736, 163, 259, 96
9737, 149, 237, 88
9738, 153, 221, 68
9739, 126, 177, 51
9740, 97, 137, 40
9741, 112, 140, 28
9742, 85, 109, 24
9743, 87, 109, 22
9744, 85, 103, 18
9745, 84, 101, 17
9746, 65, 75, 10
9747, 73, 77, 4
9748, 68, 70, 2
9749, 54, 57, 3
9750, 72, 72, 0
9751, 68, 70, 2
9752, 70, 71, 1
9753, 65, 65, 0
9754, 64, 66, 2
9755, 69, 69, 0
9756, 66, 74, 8
9757, 73, 78, 5
9758, 66, 68, 2
9759, 60, 62, 2
9760, 66, 66, 0
9761, 65, 67, 2
9762, 77, 78, 1
9763, 59, 59, 0
9764, 60, 60, 0
9765, 65, 65, 0
9766, 66, 66, 0
9767, 62, 63, 1
9768, 67, 67, 0
9769, 67, 69, 2
9770, 81, 91, 10
9771, 71, 94, 23
9772, 87, 109, 22
9773, 87, 117, 30
9774, 77, 112, 35
9775, 111, 151, 40
9776, 100, 137, 37
9777, 98, 130, 32
9778, 108, 147, 39
9779, 91, 128, 37
9780, 103, 137, 34
9781, 101, 115, 14
9782, 74, 82, 8
9783, 69, 73, 4
9784, 56, 56, 0
9785, 63, 70, 7
9786, 59, 68, 9
9787, 76, 87, 11
9788, 77, 90, 13
9789, 84, 103, 19
9790, 96, 116, 20
9791, 90, 101, 11
9792, 85, 95, 10
9793, 72, 86, 14
9794, 79, 89, 10
9795, 73, 78, 5
9796, 56, 56, 0
9797, 59, 63, 4
9798, 58, 68, 10
9799, 78, 97, 19
9800, 84, 107, 23
9801, 96, 119, 23
9802, 96, 126, 30
9803, 93, 116, 23
9804, 81, 102, 21
9805, 97, 115, 18
9806, 93, 112, 19
9807, 73, 86, 13
9808, 84, 96, 12
9809, 78, 87, 9
9810, 74, 89, 15
9811, 91, 113, 22
9812, 85, 103, 18
9813, 89, 113, 24
9814, 88, 126, 38
9815, 100, 147, 47
9816, 87, 142, 55
9817, 112, 175, 63
9818, 115, 176, 61
9819, 126, 204, 78
9820, 124, 190, 66
9821, 125, 196, 71
9822, 126, 176, 50
9823, 94, 144, 50
9824, 108, 150, 42
9825, 112, 145, 33
9826, 100, 123, 23
9827, 82, 94, 12
9828, 79, 88, 9
9829, 72, 72, 0
9830, 66, 66, 0
9831, 60, 61, 1
9832, 62, 62, 0
9833, 70, 78, 8
9834, 70, 80, 10
9835, 56, 63, 7
9836, 81, 87, 6
9837, 73, 74, 1
9838, 55, 56, 1
9839, 66, 66, 0
9840, 54, 54, 0
9841, 70, 73, 3
9842, 67, 74, 7
9843, 65, 69, 4
9844, 74, 74, 0
9845, 69, 69, 0
9846, 64, 64, 0
9847, 65, 66, 1
9848, 68, 71, 3
9849, 66, 67, 1
9850, 74, 75, 1
9851, 62, 62, 0
9852, 64, 64, 0
9853, 64, 64, 0
9854, 61, 62, 1
9855, 64, 64, 0
9856, 68, 68, 0
9857, 82, 88, 6
9858, 83, 97, 14
9859, 81, 92, 11
9860, 77, 78, 1
9861, 71, 71, 0
9862, 65, 65, 0
9863, 64, 64, 0
9864, 67, 75, 8
9865, 60, 70, 10
9866, 85, 92, 7
9867, 65, 69, 4
9868, 60, 60, 0
9869, 68, 72, 4
9870, 61, 61, 0
9871, 68, 72, 4
9872, 61, 63, 2
9873, 68, 68, 0
9874, 80, 84, 4
9875, 71, 71, 0
9876, 72, 72, 0
9877, 64, 66, 2
9878, 58, 58, 0
9879, 64, 66, 2
9880, 69, 73, 4
9881, 73, 73, 0
9882, 66, 67, 1
9883, 75, 78, 3
9884, 71, 71, 0
9885, 67, 68, 1
9886, 71, 74, 3
9887, 75, 76, 1
9888, 81, 81, 0
9889, 74, 76, 2
9890, 64, 64, 0
9891, 70, 74, 4
9892, 62, 62, 0
9893, 71, 75, 4
9894, 68, 79, 11
9895, 86, 98, 12
9896, 77, 83, 6
9897, 64, 65, 1
9898, 66, 66, 0
9899, 62, 62, 0
9900, 81, 83, 2
9901, 62, 62, 0
9902, 60, 61, 1
9903, 54, 54, 0
9904, 71, 72, 1
9905, 65, 66, 1
9906, 75, 75, 0
9907, 68, 68, 0
9908, 94, 101, 7
9909, 78, 87, 9
9910, 67, 71, 4
9911, 71, 73, 2
9912, 76, 77, 1
9913, 66, 68, 2
9914, 82, 82, 0
9915, 52, 52, 0
9916, 63, 64, 1
9917, 61, 61, 0
9918, 61, 61, 0
9919, 56, 56, 0
9920, 72, 73, 1
9921, 70, 75, 5
9922, 69, 69, 0
9923, 73, 73, 0
9924, 56, 56, 0
9925, 66, 67, 1
9926, 69, 69, 0
9927, 56, 57, 1
9928, 67, 68, 1
9929, 76, 76, 0
9930, 69, 72, 3
9931, 71, 71, 0
9932, 50, 53, 3
9933, 70, 77, 7
9934, 67, 73, 6
9935, 71, 71, 0
9936, 79, 80, 1
9937, 72, 74, 2
9938, 81, 82, 1
9939, 68, 68, 0
9940, 77, 77, 0
9941, 54, 54, 0
9942, 63, 64, 1
9943, 64, 68, 4
9944, 71, 75, 4
9945, 66, 75, 9
9946, 79, 90, 11
9947, 98, 119, 21
9948, 78, 98, 20
9949, 88, 121, 33
9950, 92, 123, 31
9951, 86, 119, 33
9952, 93, 128, 35
9953, 87, 125, 38
9954, 96, 131, 35
9955, 98, 135, 37
9956, 103, 137, 34
9957, 96, 129, 33
9958, 105, 156, 51
9959, 112, 176, 64
9960, 126, 207, 81
9961, 129, 216, 87
9962, 140, 228, 88
9963, 138, 216, 78
9964, 136, 211, 75
9965, 123, 205, 82
9966, 135, 226, 91
9967, 143, 236, 93
9968, 149, 244, 95
9969, 143, 243, 100
9970, 149, 257, 108
9971, 166, 289, 123
9972, 172, 282, 110
9973, 166, 280, 114
9974, 165, 270, 105
9975, 147, 220, 73
9976, 124, 170, 46
9977, 90, 136, 46
9978, 108, 130, 22
9979, 85, 103, 18
9980, 79, 93, 14
9981, 72, 94, 22
9982, 103, 135, 32
9983, 80, 123, 43
9984, 105, 137, 32
9985, 92, 122, 30
9986, 88, 126, 38
9987, 96, 135, 39
9988, 99, 135, 36
9989, 111, 150, 39
9990, 96, 130, 34
9991, 94, 130, 36
9992, 109, 149, 40
9993, 94, 137, 43
9994, 110, 156, 46
9995, 109, 146, 37
9996, 99, 137, 38
9997, 116, 170, 54
9998, 105, 151, 46
9999, 101, 159, 58
